Date,Close,High,Low,Open,Volume,Adj Close
2002-07-01,19.06808280944824,19.558944059042105,18.57722155985438,18.87928991034479,209432,
2002-07-02,18.614978790283203,19.558943246589404,18.312910452340308,19.25687490864651,83305,
2002-07-03,18.2751522064209,19.06808176298908,18.199634762848824,18.87928887424661,49524,
2002-07-04,17.784290313720703,18.614979348244123,17.70877430725307,18.12411810432703,56781,
2002-07-05,18.08636283874512,18.38843123146488,17.822052454974436,18.1241208476942,58375,
2002-07-08,20.84273338317871,21.71118030739964,18.50170147934925,18.50170147934925,788928,
2002-07-09,21.031530380249023,22.655149111857,20.38963420067129,20.4651516524526,558852,
2002-07-10,20.465150833129883,21.748941700513164,20.20084048266477,21.144804991200505,192693,
2002-07-11,19.407909393310547,20.465149274263656,19.030323618657626,20.465149274263656,78750,
2002-07-12,19.29463195800781,19.97428748528824,18.95480563474298,19.29463195800781,54538,
2002-07-15,18.08636283874512,19.59670624271964,17.859810463923512,19.483429335120974,94591,
2002-07-16,17.784290313720703,18.19963555117016,17.59549741680063,18.19963555117016,51919,
2002-07-17,16.953601837158203,17.746531386801284,16.42498117714587,17.746531386801284,49939,
2002-07-18,17.444461822509766,17.973081004782596,16.9913586374364,17.368944384934984,66204,
2002-07-19,17.104637145996094,17.897568222396927,16.99136168947471,17.519982407075265,55065,
2002-07-22,16.122913360595703,17.180153273997373,16.085153917746254,17.180153273997373,31171,
2002-07-23,16.009639739990234,17.104637780838814,15.70756992422105,16.19843265465816,114753,
2002-07-24,15.82084846496582,16.16067488236169,15.745331003197034,16.16067488236169,40457,
2002-07-25,15.858604431152344,17.368947710309712,15.858604431152344,17.368947710309712,61001,
2002-07-26,15.141194343566896,15.85860814533978,15.10343632889503,15.70757320590046,50037,
2002-07-29,14.386016845703123,14.650327165150827,14.046190526734955,14.650327165150827,47749,
2002-07-30,14.348258018493652,15.254464364232836,14.15946514982926,15.103429493151213,33881,
2002-07-31,13.932915687561035,14.348259464325553,13.404295025883082,13.744122799872542,58266,
2002-08-01,13.44205379486084,14.423777731126275,13.291020340310736,13.97067448672496,54728,
2002-08-02,13.366539001464844,13.555331917076632,13.215504092825158,13.404297008436949,14050,
2002-08-05,13.55532932281494,13.781880202040808,13.442052442826643,13.593087322560798,22806,
2002-08-06,14.046195030212402,14.1972285180529,13.593091685939262,13.593091685939262,15010,
2002-08-07,14.386016845703123,15.02791292425459,14.23498340628684,14.348258845942894,49892,
2002-08-08,14.008430480957031,14.348258225608404,13.970672482829237,14.348258225608404,7567,
2002-08-09,13.895155906677246,14.461534555919869,13.630845582288943,13.630845582288943,37372,
2002-08-12,14.499296188354492,14.612571647249716,14.083950918571192,14.159468371293212,14012,
2002-08-13,14.348258018493652,14.688085758239666,14.27274058295284,14.688085758239666,7543,
2002-08-14,13.970673561096191,14.612569661437856,13.932915560054203,14.612569661437856,19865,
2002-08-15,13.970673561096191,13.970673561096191,13.970673561096191,13.970673561096191,0,
2002-08-16,14.046195030212402,14.537056386351711,13.970677566104245,14.537056386351711,11685,
2002-08-19,13.932915687561035,14.23498401978754,13.78188080126007,14.23498401978754,3803,
2002-08-20,13.81964111328125,14.008434032535778,13.668607642103026,14.008434032535778,16950,
2002-08-21,13.781879425048828,14.1594651627214,13.593086556212544,13.593086556212544,6100,
2002-08-22,13.668604850769045,14.046190612169427,13.668604850769045,13.819638291103974,41049,
2002-08-23,13.857398986816406,13.895156990226807,13.668606089013393,13.668606089013393,36021,
2002-08-26,13.932915687561035,14.046191132099048,13.744122799872542,13.8196388026476,19660,
2002-08-27,13.593088150024414,13.89515648750542,13.5175707055603,13.819639043041308,31251,
2002-08-28,13.517571449279783,13.668606346517764,13.442054000660798,13.593088897898774,5808,
2002-08-29,13.55532932281494,13.593087322560798,13.51756988269372,13.51756988269372,5666,
2002-08-30,13.593088150024414,13.630846152068743,13.442053261096184,13.630846152068743,11710,
2002-09-02,13.593088150024414,13.89515648750542,13.5175707055603,13.781881040996977,9206,
2002-09-03,13.479812622070312,13.63084606971054,13.442053179878672,13.63084606971054,7050,
2002-09-04,13.328776359558104,13.59308666614147,13.291018361635608,13.366535797855898,9999,
2002-09-05,13.55532932281494,13.593087322560798,13.253259563346631,13.253259563346631,22950,
2002-09-06,13.479812622070312,13.744122955910012,13.442053179878672,13.593088067894342,17460,
2002-09-09,13.215502738952637,13.59308853149414,13.215502738952637,13.59308853149414,6093,
2002-09-10,13.215502738952637,13.215502738952637,13.215502738952637,13.215502738952637,0,
2002-09-11,13.291022300720217,13.40429776843466,13.064469924915606,13.366539759321752,5655,
2002-09-12,14.499296188354492,15.027915476657409,13.366538718651034,13.366538718651034,80719,
2002-09-13,13.895155906677246,14.34825911414642,13.81963846536982,14.008431348450692,27700,
2002-09-16,13.706361770629885,14.083947502274649,13.63084433622588,13.97067207085627,7050,
2002-09-17,13.517571449279783,13.78188179925848,13.40429599653907,13.630846902020505,12687,
2002-09-18,13.25326156616211,13.593089376730608,13.10222810397934,13.517571925451431,10004,
2002-09-19,12.988950729370115,13.177743609504128,12.91343328924144,13.10222616937545,12814,
2002-09-20,12.988950729370115,13.026708729246772,12.800157849236106,13.026708729246772,5885,
2002-09-23,12.837915420532228,12.988950295747438,12.76239798292462,12.988950295747438,8606,
2002-09-24,12.384814262390137,12.87567552662005,11.780677543395711,12.76240007185554,36567,
2002-09-25,12.875675201416016,12.913434645634188,12.384813949583902,12.76239974951253,11517,
2002-09-26,13.026710510253906,13.026710510253908,12.8379176043082,12.913435054761594,4775,
2002-09-27,12.95119285583496,13.02671030509905,12.762399952862513,12.762399952862513,12745,
2002-09-30,12.72464084625244,13.026709176769106,12.30929563146354,12.30929563146354,2800,
2002-10-01,12.649124145507812,12.80015903981333,12.498089251202297,12.498089251202297,4280,
2002-10-02,12.649124145507812,12.649124145507812,12.649124145507812,12.649124145507812,0,
2002-10-03,12.837915420532228,12.87567341914837,12.64912254670087,12.686880545317011,11412,
2002-10-04,12.72464084625244,12.875674291323064,12.686881404703223,12.875674291323064,8049,
2002-10-07,13.102228164672852,13.177745616301848,12.49808999201648,12.53584943801877,23443,
2002-10-08,12.913436889648438,13.177747283603749,12.83791942846467,13.177747283603749,5470,
2002-10-09,12.837915420532228,12.87567341914837,12.64912254670087,12.837915420532228,4890,
2002-10-10,12.611364364624023,12.837915233775831,12.573604926181858,12.837915233775831,8600,
2002-10-11,12.72464084625244,12.837916290149264,12.686881404703223,12.837916290149264,4421,
2002-10-14,13.215502738952637,13.479813081806787,13.026709842681884,13.102227289265285,13785,
2002-10-15,13.215502738952637,13.215502738952637,13.215502738952637,13.215502738952637,0,
2002-10-16,12.875675201416016,13.06446810138033,12.875675201416016,13.06446810138033,6225,
2002-10-17,13.026710510253906,13.13998596574622,12.8379176043082,12.8379176043082,11970,
2002-10-18,13.215502738952637,13.366537632119435,13.026709842681884,13.026709842681884,9197,
2002-10-21,13.026710510253906,13.328778871691927,12.988952505214993,13.215503416199615,10080,
2002-10-22,12.988950729370115,13.139984169252106,12.83791584911276,12.91343328924144,5853,
2002-10-23,12.988950729370115,13.026708729246772,12.91343328924144,13.026708729246772,2926,
2002-10-24,12.913436889648438,12.988954350832207,12.83791942846467,12.83791942846467,6616,
2002-10-25,12.686883926391602,12.837918841857856,12.57360845997976,12.724643375446016,9278,
2002-10-28,12.460332870483398,12.57360833577629,12.38481541349624,12.460332870483398,4351,
2002-10-29,12.535850524902344,12.762401459056164,12.498091075626231,12.649125991979254,1430,
2002-10-30,12.1582612991333,12.535847044818338,11.931709707684746,12.535847044818338,8340,
2002-10-31,12.309296607971191,12.535848954112856,12.08274570220506,12.42257350122979,10300,
2002-11-01,12.233779907226562,12.38481335573063,12.082745018347044,12.082745018347044,9772,
2002-11-04,12.1582612991333,12.23377873634537,12.08274386192123,12.23377873634537,1250,
2002-11-05,12.196019172668455,12.422571481984846,12.08274373819791,12.196019172668455,2895,
2002-11-06,12.196019172668455,12.196019172668455,12.196019172668455,12.196019172668455,0,
2002-11-07,12.233779907226562,12.30929591129087,12.158262462786803,12.271537909258717,5387,
2002-11-08,12.1582612991333,12.34705417197582,12.12050186033961,12.1582612991333,4070,
2002-11-11,12.72464084625244,12.800158288975462,12.233779629115936,12.233779629115936,26570,
2002-11-12,12.271535873413086,12.460328733004056,12.196018441501655,12.460328733004056,8830,
2002-11-13,12.460332870483398,12.535850327470555,12.38481541349624,12.460332870483398,19060,
2002-11-14,12.309296607971191,12.6868824111651,12.233780599632835,12.460331505398967,13995,
2002-11-15,12.535850524902344,12.611367983078852,12.23378213257201,12.27154014147241,9586,
2002-11-18,12.460332870483398,12.611367784457714,12.422574862177663,12.460332870483398,1422,
2002-11-19,12.460332870483398,12.460332870483398,12.460332870483398,12.460332870483398,0,
2002-11-20,12.95119285583496,13.517571564752313,12.800159397682329,12.800159397682329,72873,
2002-11-21,12.875675201416016,13.291020445562818,12.649124297609044,12.913434645634188,40790,
2002-11-22,13.06446647644043,13.253259352922951,12.649122724329017,12.837915600811538,64934,
2002-11-25,12.988950729370115,13.593087369648806,12.83791584911276,13.064466729123428,50332,
2002-11-26,13.06446647644043,13.139983915108507,12.875673599957908,12.988950478147691,44845,
2002-11-27,12.913436889648438,13.291022755191516,12.83791942846467,12.875677438868667,38348,
2002-11-28,12.988950729370115,13.139984169252106,12.91343328924144,13.026708729246772,33853,
2002-11-29,13.781879425048828,13.970672293885114,12.875673078484546,13.215500818539972,59355,
2002-12-02,14.612570762634276,14.80136366282238,13.744123709844107,13.89515716576928,65837,
2002-12-03,13.593088150024414,14.72584549585978,13.404295259051851,14.34825971391466,36536,
2002-12-04,13.668604850769045,13.970673171814276,13.064466768303202,13.291019089368657,11682,
2002-12-05,13.63084602355957,13.970673800256526,13.63084602355957,13.970673800256526,4278,
2002-12-06,13.970673561096191,14.046191003555576,13.63084579021666,13.63084579021666,10692,
2002-12-09,13.706361770629885,14.083947502274649,13.706361770629885,13.895154636452263,22148,
2002-12-10,13.404294967651367,13.668605297342111,13.291019523605454,13.668605297342111,5673,
2002-12-11,13.25326156616211,13.81964029019255,13.177745555258516,13.479813919999634,12482,
2002-12-12,13.44205379486084,13.593088689786446,13.215502892847937,13.215502892847937,16898,
2002-12-13,13.404294967651367,14.159466515124684,13.139984637960625,13.139984637960625,10980,
2002-12-16,13.177743911743164,13.78188056587807,13.102226469882453,13.78188056587807,19037,
2002-12-17,13.215502738952637,13.555330528390186,13.13998529236924,13.291020185536036,15100,
2002-12-18,13.291022300720217,13.44205577754757,13.026711915802698,13.21550484211868,6650,
2002-12-19,13.06446647644043,13.29101879244466,13.02670847729406,13.29101879244466,4040,
2002-12-20,12.95119285583496,13.32877866177986,12.8379174021266,13.32877866177986,12970,
2002-12-23,12.686883926391602,13.026711766002824,12.649125917712889,12.87567685053657,11510,
2002-12-24,12.611364364624023,12.951190668351735,12.460329491605954,12.951190668351735,19389,
2002-12-25,12.611364364624023,12.611364364624023,12.611364364624023,12.611364364624023,0,
2002-12-26,12.837915420532228,12.988950295747438,12.64912254670087,12.988950295747438,6972,
2002-12-27,12.913436889648438,13.139987832823978,12.7624019672809,13.026712361236209,8565,
2002-12-30,13.44205379486084,13.819639591799351,12.913434543372226,13.215502892847937,27777,
2002-12-31,14.008430480957031,14.348258225608404,13.479811305291376,13.706362174808756,50668,
2003-01-01,13.744123458862305,13.970674358800768,13.706364015288898,13.970674358800768,8910,
2003-01-02,13.781879425048828,14.046189729494683,13.744121427431685,13.970672293885114,16923,
2003-01-03,13.517571449279783,13.857399247877469,13.479813445158056,13.819639803380207,12740,
2003-01-06,13.291022300720217,13.517573236149104,13.291022300720217,13.517573236149104,4343,
2003-01-07,13.026710510253906,13.555331223052118,11.554125987914937,11.554125987914937,5503,
2003-01-08,13.06446647644043,13.442052229405476,13.06446647644043,13.442052229405476,85060,
2003-01-09,13.177743911743164,13.404294796949904,13.064467028764394,13.366536796207248,14935,
2003-01-10,13.026710510253906,13.291020866653012,13.026710510253908,13.102227960707305,7350,
2003-01-13,12.988950729370115,13.593087369648806,12.83791584911276,13.593087369648806,10200,
2003-01-14,12.875675201416016,12.98895209369502,12.76239974951253,12.800159193730703,10670,
2003-01-15,12.76240062713623,12.875676086829255,12.53584970775018,12.875676086829255,21125,
2003-01-16,12.498085975646973,12.837913678583044,12.46032798215413,12.535845409514938,27789,
2003-01-17,12.347055435180664,12.611365772276365,12.309295992523872,12.309295992523872,25732,
2003-01-20,12.271535873413086,12.422570737235947,12.233777877644975,12.233777877644975,6880,
2003-01-21,12.082745552062988,12.309296455013964,11.931711376699752,12.196021003538476,29389,
2003-01-22,12.1582612991333,12.1582612991333,11.705158116236191,11.96946842629078,8333,
2003-01-23,12.0449857711792,12.158261932902004,11.89395160906982,11.89395160906982,12650,
2003-01-24,11.93170928955078,12.120501435589627,11.93170928955078,12.082743438494436,2215,
2003-01-27,11.478607177734377,11.89395166565182,10.874469806235156,10.874469806235156,13130,
2003-01-28,11.554125785827637,11.931711591114894,11.365332883184008,11.516367061261358,9845,
2003-01-29,11.78067684173584,11.969469735223992,11.742918119000665,11.969469735223992,1167,
2003-01-30,12.309296607971191,12.6868824111651,11.55412572177114,11.55412572177114,121215,
2003-01-31,11.893951416015623,12.196019735331426,11.818433976092834,12.196019735331426,13561,
2003-02-03,11.969470977783203,12.120504444027334,11.856194797818391,11.856194797818391,8375,
2003-02-04,11.705158233642578,12.08274398311492,11.705158233642578,12.08274398311492,8974,
2003-02-05,11.478607177734377,11.780676223577832,11.44084845698048,11.780676223577832,4880,
2003-02-06,11.78067684173584,11.78067684173584,11.516366502777332,11.516366502777332,3125,
2003-02-07,11.78067684173584,11.78067684173584,11.591883948247688,11.591883948247688,5600,
2003-02-10,11.327571868896484,11.591882167245783,11.214296438282569,11.591882167245783,20145,
2003-02-11,11.440848350524902,11.478607070927458,11.32757290950493,11.32757290950493,2507,
2003-02-12,11.440848350524902,11.440848350524902,11.32757290950493,11.440848350524902,2778,
2003-02-13,11.440848350524902,11.440848350524902,11.440848350524902,11.440848350524902,0,
2003-02-14,11.516366004943848,11.705158890270797,11.40309056182276,11.629641448064936,15295,
2003-02-17,11.705158233642578,11.931709827363516,11.440847920936877,11.629640795673046,54944,
2003-02-18,11.893951416015623,12.044985575673524,11.78067597631912,12.044985575673524,8005,
2003-02-19,11.78067684173584,12.08274518324179,11.78067684173584,12.08274518324179,2900,
2003-02-20,11.742916107177734,11.893950252055198,11.705157390911465,11.893950252055198,1510,
2003-02-21,11.403091430664062,11.780677230087536,11.327573982704264,11.70515978212774,26510,
2003-02-24,11.403091430664062,11.70515978212774,11.327573982704264,11.403091430664062,16424,
2003-02-25,11.403091430664062,11.629642334167942,11.327573982704264,11.629642334167942,9587,
2003-02-26,11.440848350524902,11.516365791330012,11.25205546869982,11.32757290950493,3865,
2003-02-27,11.591882705688477,11.667399422876295,11.327572395061967,11.327572395061967,9991,
2003-02-28,11.440848350524902,12.044985716402705,11.289814189102376,11.554124511732567,43125,
2003-03-03,11.516366004943848,11.667400169167866,11.10102151318702,11.667400169167866,5138,
2003-03-04,11.516366004943848,11.780676332476656,11.3275731196169,11.3275731196169,19192,
2003-03-05,11.289816856384276,11.516368512136,11.02550719149715,11.32757558570754,17520,
2003-03-06,11.06326389312744,11.327574246965067,11.025505888454443,11.025505888454443,8770,
2003-03-07,10.761194229125977,11.289814152484102,10.64791878847341,11.252055432204015,15026,
2003-03-10,10.194815635681152,10.57240139996564,9.628436989254425,9.628436989254425,5070,
2003-03-11,10.006023406982422,10.157057578521968,9.817230512511056,9.854989235442876,20533,
2003-03-12,9.62843418121338,10.459122908451878,9.62843418121338,10.157053953007203,19482,
2003-03-13,9.817230224609377,9.930505669895163,9.817230224609377,9.89274766825838,13413,
2003-03-14,9.817230224609377,9.817230224609377,9.817230224609377,9.817230224609377,0,
2003-03-17,9.288610458374023,9.666196243509653,8.231369827881624,8.608955613017253,13275,
2003-03-18,9.288610458374023,9.288610458374023,9.288610458374023,9.288610458374023,0,
2003-03-19,9.326371192932127,9.74171507003456,9.13757825963543,9.13757825963543,77450,
2003-03-20,9.666196823120115,9.70395554793534,9.439645194416563,9.439645194416563,9415,
2003-03-21,9.590678215026855,9.666195655535509,7.853783565017026,7.853783565017026,12339,
2003-03-24,9.62843418121338,9.741709589387956,9.364123935222723,9.439641354130764,8680,
2003-03-25,9.51516056060791,9.590677273515444,9.43964312751276,9.590677273515444,8124,
2003-03-26,9.288610458374023,9.703954966060762,9.250851735822916,9.703954966060762,16875,
2003-03-27,9.250852584838867,9.364128042700552,9.213093858822374,9.250852584838867,24731,
2003-03-28,9.51516056060791,9.51516056060791,9.06205740241225,9.06205740241225,47950,
2003-03-31,8.986540794372559,9.401885274153472,8.948782794546034,9.364126554139268,57102,
2003-04-01,9.590678215026855,9.703954375789834,8.835506690691076,9.250851173113292,4917,
2003-04-02,10.383609771728516,10.383609771728516,9.59067942694078,9.59067942694078,21076,
2003-04-03,9.703954696655272,10.157057194126155,9.59067853214677,9.93050558529686,6869,
2003-04-04,10.157058715820312,10.194817442980025,9.817231611758542,9.817231611758542,3004,
2003-04-07,10.534643173217772,10.647919339924552,10.308091559991942,10.308091559991942,5672,
2003-04-08,10.496886253356934,10.949989557608998,10.459128244825802,10.949989557608998,147,
2003-04-09,10.496886253356934,10.610162439513871,10.459128244825802,10.610162439513871,11713,
2003-04-10,10.119298934936523,10.572402173295725,10.043782208668484,10.421368000571904,4298,
2003-04-11,10.34585189819336,10.34585189819336,9.968266057236027,9.968266057236027,1050,
2003-04-15,10.308091163635254,10.572401488933677,9.892747395577304,9.892747395577304,3365,
2003-04-16,9.93050479888916,10.345849262153331,9.817229363538774,10.270332545315624,14980,
2003-04-17,9.779473304748535,10.194817880973932,9.590680381026797,9.817232033530452,16383,
2003-04-18,9.779473304748535,9.779473304748535,9.779473304748535,9.779473304748535,0,
2003-04-21,9.817230224609377,9.968264391719668,9.74171278096037,9.817230224609377,12795,
2003-04-22,9.47740364074707,9.96826488835812,9.439644917041354,9.817230713723008,36350,
2003-04-23,9.213091850280762,9.703953741107023,9.137575134898931,9.628436305537557,41034,
2003-04-24,8.986540794372559,9.741712313905971,8.986540794372559,9.741712313905971,36055,
2003-04-25,9.892746925354004,10.19481523689051,9.06205798834712,9.439643737861584,56206,
2003-04-28,9.968263626098633,10.232573938381854,9.779470751664237,9.817229470588648,69250,
2003-04-29,10.119298934936523,10.421368000571904,10.043782208668484,10.043782208668484,44218,
2003-04-30,10.081541061401367,10.30809196330344,10.006023613975508,10.194816512352403,66951,
2003-05-01,10.081541061401367,10.081541061401367,10.081541061401367,10.081541061401367,0,
2003-05-02,10.421366691589355,10.534642126857248,10.006022228627655,10.534642126857248,99446,
2003-05-05,10.308091163635254,10.496884047366212,10.19481572147176,10.496884047366212,149426,
2003-05-06,10.949986457824709,11.17653804581723,10.49688328183966,10.49688328183966,171636,
2003-05-07,12.196019172668455,12.347054045546049,11.176538101870596,11.327572254560542,241443,
2003-05-08,11.705158233642578,12.233778859053986,11.59188279687594,12.007226545145386,89626,
2003-05-09,11.667398452758787,11.9317087414085,11.403088884296674,11.403088884296674,39698,
2003-05-12,11.818434715270996,11.893952159916989,11.51636637706248,11.818434715270996,8265,
2003-05-13,12.233779907226562,12.271537909258717,11.96946957187513,11.96946957187513,32575,
2003-05-14,12.611364364624023,12.837915233775831,12.271536620521015,12.271536620521015,47360,
2003-05-15,13.102228164672852,13.32877907918425,12.53584943801877,12.53584943801877,70149,
2003-05-16,13.291022300720217,13.59309069475064,13.026711915802698,13.026711915802698,62027,
2003-05-19,13.366539001464844,13.668607378368575,13.25326209979726,13.44205501540905,50454,
2003-05-20,12.80016040802002,13.328779713842344,12.724642952795213,13.064469340743354,46277,
2003-05-21,13.06446647644043,13.442052229405476,11.32757258895136,11.32757258895136,28952,
2003-05-22,13.44205379486084,13.744123584712057,13.177744889304286,13.40429579131719,32891,
2003-05-23,13.328776359558104,13.517569229921182,13.21550092541532,13.366535797855898,22043,
2003-05-26,14.42377758026123,14.725845926577463,13.215502754620802,13.215502754620802,154681,
2003-05-27,14.046195030212402,15.10343520659918,13.970677566104245,14.65033186232604,151911,
2003-05-28,13.44205379486084,14.310502280119824,13.253260896391582,14.121709381650566,57535,
2003-05-29,13.857398986816406,14.159467335226129,13.517571194620778,13.630846645227486,49967,
2003-05-30,14.310504913330078,14.72584879023776,14.159469990613228,14.499297846538257,100490,
2003-06-02,14.725844383239746,14.9901546987063,14.31050063063184,14.9901546987063,90190,
2003-06-03,14.725844383239746,14.9901546987063,14.537051506531546,14.537051506531546,62830,
2003-06-04,14.650322914123535,15.103425981647964,14.537047507336164,14.990150574860593,41360,
2003-06-05,14.839120864868164,15.065673197077295,14.72584541895132,14.990155753007588,49071,
2003-06-06,14.763604164123535,14.952397063615528,14.53705326088335,14.952397063615528,50634,
2003-06-09,16.047395706176758,16.23618859683766,14.76360347353244,15.027913808532793,182479,
2003-06-10,14.914636611938477,16.42497955998288,14.763601740983924,16.311704126954602,95334,
2003-06-11,14.763604164123535,15.32998286259951,14.61257070875525,15.065673955611134,42366,
2003-06-12,14.763604164123535,15.292224858851318,14.725846160375342,15.103431959359328,49755,
2003-06-13,14.650322914123535,15.06566799284382,14.574805496140304,14.801357750089991,27775,
2003-06-16,15.027918815612791,15.254471224115054,14.386022485420282,14.423781940358625,41050,
2003-06-17,15.745330810546877,16.160674684629637,15.29222748585383,16.160674684629637,85285,
2003-06-18,16.160669326782227,16.613772501255152,15.632050156876552,15.820843026208998,293366,
2003-06-19,16.76480484008789,17.217906505732103,16.198426317657557,16.46273514249166,201945,
2003-06-20,17.444461822509766,17.63325469625906,16.915841199861617,16.915841199861617,243335,
2003-06-23,18.46394157409668,19.0303201323159,17.557735304795862,17.557735304795862,631293,
2003-06-24,18.23739242553711,18.80377108123935,18.19963442464045,18.80377108123935,152510,
2003-06-25,18.46394157409668,19.256870979453524,17.7465281575356,18.803767844803115,328878,
2003-06-26,18.23739242553711,19.18135685170752,18.12411698247174,19.1058394095388,132736,
2003-06-27,18.614978790283203,19.0303240152832,17.746531778556587,18.501703343601548,218983,
2003-06-30,18.65274238586425,19.332396657657224,18.50170746307659,18.879293329669988,287043,
2003-07-01,19.332393646240234,19.823254908274787,18.6904974849448,18.87929038883313,405501,
2003-07-02,23.14600944519043,23.22152689389609,19.634461763944664,19.634461763944664,1115396,
2003-07-03,22.768421173095703,26.355487354451547,22.466352851404,25.86462471128024,846216,
2003-07-04,25.26049041748047,25.977904008556344,22.277562042428784,23.032733637087382,799482,
2003-07-07,26.204456329345703,27.86583450368124,24.278769234872065,25.751351619571736,1151265,
2003-07-08,24.467559814453125,28.734277420606382,23.8256622569029,28.65876141654208,1430204,
2003-07-09,22.39083671569824,24.84514575345189,22.08876837640372,24.16549018956988,510330,
2003-07-10,21.86221504211425,23.108247702876533,21.52238729809941,23.108247702876533,293085,
2003-07-11,23.29704475402832,24.46756162869863,22.27756277943661,22.35308022947592,810490,
2003-07-14,23.14600944519043,23.712388149919605,23.032733992319702,23.44807779963755,260760,
2003-07-15,22.95721435546875,24.354281982048963,21.86221649491969,23.25928268112451,397696,
2003-07-16,26.43100547790528,26.69531438038393,23.14600879471909,23.712387483531348,1276109,
2003-07-17,24.429792404174805,26.884099330250333,24.089966155558617,26.6197905058961,368906,
2003-07-18,24.467559814453125,25.60031715992316,23.4103184730474,24.54307581851744,522444,
2003-07-21,23.41031646728516,24.88290146637742,23.221523592548987,24.84514346758032,239951,
2003-07-22,22.541872024536133,23.7123874012005,22.31531968557254,23.4103190562912,137303,
2003-07-23,23.67462730407715,24.31652338046488,22.768420909132665,23.03273122768942,199016,
2003-07-24,23.448076248168945,23.938938912089498,23.33480080279321,23.938938912089498,111312,
2003-07-25,24.127731323242188,24.73186798019605,23.561352667207164,24.089971881947942,203918,
2003-07-28,26.770835876464844,27.110663699022474,24.920664736541088,24.920664736541088,733509,
2003-07-29,27.110658645629883,27.60151840382748,26.2799682474674,26.65755400642742,587855,
2003-07-30,27.33720970153809,28.09238122433885,26.619796178727203,27.33720970153809,480961,
2003-07-31,26.88410758972168,28.13014187191917,26.506521792783165,27.79031407852431,407809,
2003-08-01,29.1873779296875,29.67823764768745,26.88410268405137,27.186172418782483,1186753,
2003-08-04,29.45168876647949,30.395653150020504,28.205654627905087,28.998587014680083,767378,
2003-08-05,27.97910690307617,31.075312158242784,27.63927911057909,29.98031277386375,577163,
2003-08-06,28.43221092224121,29.829277182275245,27.5637624595708,27.75255535312949,433802,
2003-08-07,30.169109344482425,30.735488107342224,28.88531690584993,29.0741098268032,832051,
2003-08-08,29.71600341796875,30.84876089841104,29.527210504561705,30.508935958879345,422886,
2003-08-11,30.018064498901367,30.584443074352336,28.88530734799943,29.829271640417712,403510,
2003-08-12,29.48944664001465,30.62220389543711,29.300653764110905,30.13134414653777,441556,
2003-08-13,31.075315475463867,31.45290131171129,28.772039569753503,29.753765048597867,963250,
2003-08-14,31.86823463439941,33.52961234154827,31.301856067013468,32.09478548520372,960134,
2003-08-15,31.86823463439941,31.868234634399418,31.868234634399418,31.868234634399418,0,
2003-08-18,32.547889709472656,33.37858006780584,32.20806484730288,32.20806484730288,508089,
2003-08-19,35.832889556884766,38.28719702131865,32.472375683279,33.75616785620995,1503892,
2003-08-20,34.85116958618164,37.00340743792376,33.9827211164606,37.00340743792376,609528,
2003-08-21,32.96324157714844,35.75737419973976,32.58565577617652,35.2665143869269,407720,
2003-08-22,32.774444580078125,34.66237334895934,32.09478907098062,33.41633920919747,401685,
2003-08-25,31.717208862304688,35.03996522875137,30.77324431283133,33.152036129804664,838560,
2003-08-26,35.03996276855469,36.47478705456279,32.094792428681195,32.13255043185886,892668,
2003-08-27,35.568580627441406,36.097201314967805,34.51134213313959,35.22875571758607,445110,
2003-08-28,34.549095153808594,36.02168011356366,33.60513080534388,35.68185237196625,292891,
2003-08-29,36.58805847167969,36.92788621094617,34.05823230669635,35.11547352202529,634972,
2003-09-01,37.229957580566406,38.51374981729302,35.493063557113175,37.003406687203096,756200,
2003-09-02,37.569786071777344,39.19340611964197,36.323751813578816,38.1361647562765,600445,
2003-09-03,35.71961975097656,38.92909937867823,35.15324099314685,38.28720460543843,423699,
2003-09-04,35.19099044799805,37.305472934590725,34.81340470121373,37.00340318486302,232838,
2003-09-05,34.73789596557617,36.17272325558525,34.36031013986339,35.719618536279164,106073,
2003-09-08,34.73789596557617,35.7573765427002,34.43582615270545,34.73789596557617,112786,
2003-09-09,33.86944580078125,35.11548011857968,33.22755107994636,33.22755107994636,215420,
2003-09-10,32.92548751831055,35.11548677026195,32.208076652336615,33.303073397560674,212829,
2003-09-11,32.92548751831055,35.30427970988701,32.510143627285736,32.84997149476118,196778,
2003-09-12,32.245826721191406,33.98272076175304,31.90599893742369,33.98272076175304,99558,
2003-09-15,31.64169692993164,32.54790070965395,30.99979922508485,32.35910777541988,118658,
2003-09-16,32.20806884765625,32.47237774678318,30.886518590519724,31.3396203835233,176317,
2003-09-17,31.33962821960449,32.84997174826013,30.697733372226512,31.33962821960449,107553,
2003-09-18,28.58324241638184,32.2458262137388,28.016863745932387,32.0192753217092,115390,
2003-09-19,28.243423461914062,30.54669663026433,26.808596042547546,29.82928292058107,222276,
2003-09-22,29.45168876647949,31.03754777852812,28.734275258838192,29.225137890579788,245183,
2003-09-23,30.433412551879883,31.188584093518344,28.621002580398063,30.395654550948123,174068,
2003-09-24,31.52840614318848,32.094784696658934,29.602719637539,31.18857843495615,260856,
2003-09-25,31.98151397705078,32.28358374922693,31.4906541982031,31.641689084291173,131106,
2003-09-26,32.39685821533203,32.69892508420596,32.01927246867665,32.321339337550576,90127,
2003-09-29,33.22755813598633,33.56738601125471,32.62342129148237,32.661179304122925,162744,
2003-09-30,33.340824127197266,34.66237430174018,33.00099636330751,33.793925891883106,157223,
2003-10-01,32.92548751831055,33.982729132511565,32.77445547121181,33.60514325326144,105661,
2003-10-02,32.92548751831055,32.92548751831055,32.92548751831055,32.92548751831055,0,
2003-10-03,34.813411712646484,35.26651642849349,33.26531041519279,33.56738022575746,228882,
2003-10-06,34.813411712646484,35.94616918113717,34.511344782833035,35.94616918113717,272258,
2003-10-07,34.73789596557617,35.49306761700174,34.20927523342803,34.964446884853594,153867,
2003-10-08,34.77565383911133,35.68186039350943,34.20927510270642,35.30427456923949,208184,
2003-10-09,37.871856689453125,38.81582118439712,34.549100514949885,34.77565141758624,857986,
2003-10-10,37.720821380615234,39.495473459355736,37.3809935900104,38.17392318092102,488392,
2003-10-13,37.68305969238281,38.89133296220943,36.81461129917883,38.06064544929747,367362,
2003-10-14,36.24822998046875,38.13615862528483,35.94616024499798,37.75857289632161,337171,
2003-10-15,35.832889556884766,37.003404848387696,35.493061793351465,36.47478420297486,119732,
2003-10-16,38.36271286010742,39.57098902749512,36.24823316811739,36.24823316811739,720536,
2003-10-17,37.75857162475586,39.268914489746095,37.3809859085083,39.268914489746095,384428,
2003-10-20,35.530818939208984,38.8913327320084,35.11547518521146,38.13616122264901,248755,
2003-10-21,34.36030197143555,35.87064491523491,34.05823223037545,35.795128920345164,122686,
2003-10-22,33.86944580078125,35.11548011857968,33.60513688767302,33.98272269539969,105040,
2003-10-23,33.907203674316406,35.3420278877775,33.60513390266626,33.98271967685352,141397,
2003-10-24,33.49186325073242,34.662381673139635,32.09479677855471,33.98272600082263,116530,
2003-10-27,34.662376403808594,36.24823555713277,34.058236839922294,35.26651308694395,140078,
2003-10-28,34.77565383911133,35.37979058179299,33.982724184294696,34.73789583283458,128932,
2003-10-29,33.79392623901367,34.92668354311469,33.22754758696316,34.66237465779144,132154,
2003-10-30,36.51255035400391,37.15444802413745,32.54789894949308,32.54789894949308,478795,
2003-10-31,37.8340950012207,38.89133636539593,36.7013376313548,36.7013376313548,580933,
2003-11-03,39.49547958374024,40.40168620562415,38.62703385169637,38.62703385169637,550021,
2003-11-04,42.96925735473633,44.40408140457475,37.56978024729696,40.32615723683604,1226967,
2003-11-05,44.44185256958008,46.06547284680914,43.34685592946194,43.34685592946194,1505730,
2003-11-06,46.59408950805664,47.08494933237322,44.63064156853698,44.93271136869419,1088138,
2003-11-07,46.21650314331055,47.87788126272469,44.630641032653415,46.97167475388506,560155,
2003-11-10,49.50150680541992,50.785296379558574,44.40409499437826,44.55512990920381,513221,
2003-11-11,53.466156005859375,54.82546154136272,49.841329721512025,49.841329721512025,1898435,
2003-11-12,54.636661529541016,60.18717137532682,53.88148996517555,54.37235263431346,2778703,
2003-11-13,50.97409057617188,56.22253167163581,50.44547268220534,55.12753499348958,1134211,
2003-11-14,48.67080307006836,51.69148920658777,47.8023575342695,51.08735543618483,947094,
2003-11-17,53.65494537353516,54.74994190707581,52.0690803780595,54.296840091869406,1063655,
2003-11-18,52.14459991455078,54.63666267217294,51.011842544312906,53.730459080583415,947131,
2003-11-19,50.10564041137695,53.31512008953264,49.65253855029082,53.31512008953264,535206,
2003-11-20,49.50150680541992,53.05081145968759,49.12392095873175,50.89857328586559,977854,
2003-11-21,48.82183837890625,50.21890449449804,47.19821850986658,48.51976862814284,601672,
2003-11-24,52.29562759399414,52.86200623219624,48.40649312603941,50.03011304118573,783033,
2003-11-25,52.069068908691406,54.334583247195766,51.61596719329072,52.89976210867706,631918,
2003-11-26,52.069068908691406,52.069068908691406,52.069068908691406,52.069068908691406,0,
2003-11-27,51.76700973510742,53.76820964364287,50.74752357913481,52.55993637013993,534477,
2003-11-28,52.22010803222656,52.78648663179193,50.97407396088256,52.29562402653507,497075,
2003-12-01,52.7864990234375,53.95701161375011,51.80477358246346,52.7864990234375,684946,
2003-12-02,51.842529296875,53.39062755441496,50.52097905283996,52.10683819338164,623608,
2003-12-03,51.6159782409668,52.93752855462031,51.125115543595065,52.1823569468183,339464,
2003-12-04,50.33219146728516,52.78649932210436,49.99236076894719,52.25787571185722,288212,
2003-12-05,49.69029235839844,52.10683911416473,49.31270656771608,50.59649595143532,375803,
2003-12-08,49.08614349365234,50.33217751925292,47.6513166084608,48.06666320416127,244803,
2003-12-09,49.72804641723633,50.21890908692771,49.27494463040652,49.61476953015342,278807,
2003-12-10,50.294429779052734,52.106842856807376,49.61477415470695,49.84132794998966,354710,
2003-12-11,49.46373748779297,50.89856461302168,48.633049918924286,50.52097883067211,294561,
2003-12-12,49.53925704956055,49.99235886861859,48.02891381169893,49.38822503037528,305605,
2003-12-15,52.14459991455078,53.088564389749,49.91684029618181,50.52097986490944,536393,
2003-12-16,50.898563385009766,52.86200825355579,50.44546160942248,52.86200825355579,416608,
2003-12-17,49.95459365844727,51.57821346363057,49.463731052949846,51.35165971909296,157103,
2003-12-18,51.91804504394531,52.4089077130248,50.18114814151078,51.27615036661144,452610,
2003-12-19,53.957008361816406,55.50511244201073,52.44666516611543,53.46615143241524,1348018,
2003-12-22,59.356483459472656,59.356483459472656,54.37235231612795,54.52338432351649,2683796,
2003-12-23,57.053218841552734,60.94234811938336,56.637872141249325,60.602523191136775,994563,
2003-12-24,57.46853256225586,58.48801262565438,56.260259681135416,57.46853256225587,394219,
2003-12-25,57.46853256225586,57.46853256225587,57.46853256225587,57.46853256225587,0,
2003-12-26,61.01786804199219,61.622001869619545,57.31752602195392,58.03493674273082,1277378,
2003-12-29,62.83028411865234,63.32114688363461,59.65856523361813,61.546494513163005,945958,
2003-12-30,58.18598175048828,63.73649258945664,56.67563835150354,63.73649258945664,519448,
2003-12-31,56.44907760620117,59.58304092660508,55.99597579443845,58.52579952482396,398576,
2004-01-01,55.61837387084961,60.37595015769492,55.20302730290656,57.128716646641855,1156155,
2004-01-02,55.80718994140625,57.39304936362696,55.42960409032976,56.637877661473965,464995,
2004-01-05,55.01424026489258,57.128722678870346,53.692690196531736,56.33579033325342,336715,
2004-01-06,53.12630844116211,55.76940842093634,52.861999595484825,55.127513863862745,299145,
2004-01-07,52.63547134399414,53.503920052907255,50.06789187277766,53.503920052907255,325341,
2004-01-08,54.41011047363281,55.12752111505,53.20183142903327,53.20183142903327,331427,
2004-01-09,57.35526657104492,59.58302569855957,55.882684618798464,55.882684618798464,907388,
2004-01-12,55.01424026489258,58.90337447551184,54.37234566970324,58.2614798803225,352858,
2004-01-13,54.1080436706543,55.88269569236834,53.692697006177866,55.12752412895795,247291,
2004-01-14,56.78890228271485,58.45028326743652,54.41011634071913,54.59890924160781,457594,
2004-01-15,54.25906753540039,57.921647915951255,53.69268894784611,57.921647915951255,194118,
2004-01-16,51.464942932128906,55.505109623145984,50.596494486405184,55.505109623145984,200645,
2004-01-19,48.40650177001953,50.59650071443748,47.57581410462031,50.06788286232046,334075,
2004-01-20,47.50028991699219,50.03011336503717,47.198220155695445,49.84132048441439,296470,
2004-01-21,42.78047561645508,47.46253759566269,42.78047561645508,47.46253759566269,219219,
2004-01-22,38.51373672485352,43.79993588316675,38.51373672485352,41.53442195817536,391913,
2004-01-23,41.57218551635742,42.36511492017344,36.28598564991687,37.00339906508386,552511,
2004-01-26,41.57218551635742,41.57218551635742,41.57218551635742,41.57218551635742,0,
2004-01-27,43.271331787109375,44.10202226947945,40.51495719573629,42.47840218906372,345142,
2004-01-28,41.76099395751953,43.57340716914753,41.53444302625388,42.3651307344784,319945,
2004-01-29,41.60994720458984,42.28960268576849,40.77925973270533,41.34563834010402,102314,
2004-01-30,40.21288299560547,43.950982554445694,39.835297239778185,42.21408865379034,207793,
2004-02-02,40.21288299560547,40.21288299560547,40.21288299560547,40.21288299560547,0,
2004-02-03,36.210479736328125,41.15685326860679,36.210479736328125,41.15685326860679,181763,
2004-02-04,38.77805709838867,39.79754039720779,35.455304078970954,35.87064784630432,224237,
2004-02-05,37.154441833496094,39.948577219649934,36.66357916051941,39.23116365174206,194786,
2004-02-06,36.47478485107422,37.98512793294686,35.56857842580047,37.98512793294686,143158,
2004-02-09,39.34443664550781,39.72202242091864,37.00340599026102,37.34323376428094,160200,
2004-02-10,41.83650970458984,42.81823225331282,39.64651081218759,39.64651081218759,280412,
2004-02-11,42.742706298828125,43.64891268666296,41.836502791743975,41.91201879041743,398131,
2004-02-12,45.27253341674805,46.29201382132527,42.66719108413313,43.195811726812366,367549,
2004-02-13,45.15926742553711,46.44305990140092,43.950993848695546,45.98995803027319,171639,
2004-02-16,45.83891677856445,47.122709077022805,45.31029608146383,45.83891677856445,213461,
2004-02-17,44.89495086669922,46.06546623588714,44.55512308061216,46.06546623588714,125985,
2004-02-18,45.9144287109375,47.91563442920463,45.49908494320775,45.57460094434015,243904,
2004-02-19,44.06426239013672,46.44305411927823,43.42236767249591,46.36753811040911,214970,
2004-02-20,43.30908966064453,43.799952347878055,42.3273671669285,42.3273671669285,120464,
2004-02-23,42.36511993408203,44.10201668607434,42.289603936495695,44.10201668607434,122285,
2004-02-24,42.2140998840332,42.66720175926463,41.00582341549695,42.138580984326985,88375,
2004-02-25,41.005802154541016,42.96924931760972,40.401665673885255,42.96924931760972,40569,
2004-02-26,41.232364654541016,42.74270772438869,40.77926288588704,42.138571072599774,68837,
2004-02-27,40.55271530151367,42.28960939702708,38.66478631057497,41.5344378006516,76370,
2004-03-01,41.45890808105469,42.4406302554945,40.85476869916859,41.72321690006731,107522,
2004-03-02,41.45890808105469,41.45890808105469,41.45890808105469,41.45890808105469,0,
2004-03-03,42.7049560546875,43.34685368298283,41.72323348989895,41.72323348989895,144385,
2004-03-04,44.66839599609375,46.06546213814711,43.83770560613576,44.63063511597012,496748,
2004-03-05,45.46132659912109,45.68787748155717,44.17753442431562,45.19701483565336,177531,
2004-03-08,48.48201751708984,48.85960334124631,45.76340073546375,46.06547054708941,422530,
2004-03-09,48.55753707885742,49.08615490399184,46.631847158792255,49.08615490399184,246850,
2004-03-10,46.93391418457031,48.33098043548313,46.44305151222207,48.33098043548313,76191,
2004-03-11,45.536842346191406,47.349255157092365,45.31029146501648,46.06546298943341,95616,
2004-03-12,46.51857376098633,47.122713402123566,44.55512856954422,45.31030024021446,175766,
2004-03-15,43.422359466552734,47.53804454866306,42.40287913572519,47.53804454866306,97073,
2004-03-16,42.32736587524414,43.46012322898351,41.72322919606666,43.04477944209592,76403,
2004-03-17,41.874271392822266,43.04478695311638,40.96806477555374,43.00702894422007,59301,
2004-03-18,41.307884216308594,43.27132908712365,40.96805644385,42.28960665171612,108009,
2004-03-19,42.96925735473633,43.72442881699355,41.5344304241474,41.5344304241474,138312,
2004-03-22,40.06185150146485,42.96926379539737,39.75978459973547,42.28960822519212,99576,
2004-03-23,37.8340950012207,40.59047242019478,36.77685651779644,39.53323105601955,242617,
2004-03-24,37.75857162475586,38.85357077802386,37.04115818773542,38.51374305725098,113163,
2004-03-25,40.40168380737305,40.7792696373485,38.06065281382577,38.89134048747125,217806,
2004-03-26,42.36511993408203,42.89374055943836,40.779260938763706,41.00581181227337,227638,
2004-03-29,45.12150573730469,46.63184902558268,42.66719789385297,42.66719789385297,293812,
2004-03-30,44.0264892578125,46.36752217811991,43.7999384282989,46.36752217811991,72130,
2004-03-31,46.7451286315918,47.50030031946403,45.008231444884565,45.34805928057735,221066,
2004-04-01,48.293212890625,48.97286544025184,46.3297654699522,46.820628045307984,243113,
2004-04-02,49.72804641723633,51.35166643475315,46.518567265064256,49.312705513268085,316304,
2004-04-05,50.5587272644043,52.40890081008852,48.33097374781631,50.18114153199949,345050,
2004-04-06,49.99234390258789,52.06906523294691,49.19941739698747,51.57820843678972,166429,
2004-04-07,49.31270599365234,51.35166693500013,49.123913100508965,50.25667045936926,158717,
2004-04-08,51.162879943847656,51.3516728587696,49.01064186603797,49.84132953939403,185858,
2004-04-09,51.162879943847656,51.162879943847656,51.162879943847656,51.162879943847656,0,
2004-04-12,50.52098083496094,51.95580801711269,49.69029323313688,50.59649684212639,154062,
2004-04-13,53.73044967651367,54.2590673855036,49.8413155670849,50.59648701507103,412592,
2004-04-14,53.73044967651367,53.73044967651367,53.73044967651367,53.73044967651367,0,
2004-04-15,58.18598175048828,58.903392560404896,53.994776513704494,53.994776513704494,811962,
2004-04-16,58.82786560058594,59.583037159614,56.82665981686124,58.71458871443138,506404,
2004-04-19,57.16648483276367,59.998378185010914,56.52459015855465,59.20545150328275,346223,
2004-04-20,56.18478012084961,57.24202173761221,54.787713516539846,57.24202173761221,86644,
2004-04-21,58.79010391235352,59.28096657129515,55.61838571250273,56.373557261181645,160324,
2004-04-22,64.68045806884766,64.68045806884766,59.28097919379971,59.28097919379971,1036013,
2004-04-23,69.06043243408203,70.41974345961893,65.39785175497049,65.39785175497049,1471579,
2004-04-27,65.66216278076172,71.74129595295484,62.75475351812649,66.45509519852659,1071487,
2004-04-28,69.51354217529297,71.5525030173612,65.62440761360574,65.62440761360574,1766223,
2004-04-29,72.1566390991211,74.34663183899498,69.85336372049349,70.98612097001501,1533127,
2004-04-30,72.53422546386719,74.19560047264912,71.8923250744956,72.87405033700396,671861,
2004-05-03,75.74371337890625,77.02750278742926,70.23095842383256,72.9873359013694,1127916,
2004-05-04,79.93490600585938,80.65232242261155,76.64991097357779,77.9714611627774,1151787,
2004-05-05,87.93972778320312,87.93972778320312,80.23698000712034,81.18094447779234,1809727,
2004-05-06,87.59989166259766,93.52798662711976,85.52317009301021,91.75333480177254,2648105,
2004-05-07,86.01404571533203,89.71438767850913,84.01283983878199,87.22231911352198,922358,
2004-05-10,89.29904174804688,90.46956003327747,80.0481896430695,83.06887604469476,873411,
2004-05-11,80.61456298828125,87.97748560313597,80.38800921860812,85.4099011800145,816398,
2004-05-12,82.3136978149414,84.39041954880462,78.9531867683816,80.80335473576817,1097290,
2004-05-13,89.37455749511719,90.54507577693388,75.70595271992914,77.2162959163367,963382,
2004-05-14,81.21870422363281,92.43300082584317,80.4635326576725,91.30024347690268,962176,
2004-05-17,76.49886322021484,80.80333778845777,73.10059200481241,78.53782364485615,662736,
2004-05-18,81.78507995605469,82.95559238428534,76.27232541825354,76.27232541825354,359418,
2004-05-19,86.01404571533203,89.11024809866313,80.84112144834563,84.46594164291545,484759,
2004-05-20,86.16507720947266,88.73266176606778,81.55853166583252,88.73266176606778,305305,
2004-05-21,82.80458068847656,85.9762996246591,82.01164807367941,84.95681894956493,345680,
2004-05-24,85.07007598876953,86.69369596839707,84.23938843871642,84.57921333053307,218565,
2004-05-25,84.01285552978516,85.33440606620874,80.84113654696979,85.33440606620874,244992,
2004-05-26,84.54145812988281,87.2223196086008,83.29542960181873,86.7692178018955,213585,
2004-05-27,81.48299407958984,84.54143475017356,79.67058159248441,83.14436883189454,83546,
2004-05-28,72.87407684326172,81.93613821237199,70.04218266541476,80.8033805412332,452918,
2004-05-31,64.79371643066406,70.98612037121183,64.18957693141495,70.98612037121183,343976,
2004-06-01,70.19320678710938,71.43924123689591,64.18959411291438,64.18959411291438,371207,
2004-06-02,69.47579193115234,72.04337669829977,68.72062027972677,70.98613523400348,213333,
2004-06-03,69.28699493408203,71.51474886986855,68.38079131038971,71.17492395135947,268328,
2004-06-04,70.68405151367188,71.21267502256178,67.21026375290086,68.04095125372633,359233,
2004-06-07,70.60855102539062,72.83630514351582,69.96665625927851,71.77906941650883,109555,
2004-06-08,70.34423065185547,71.628019975266,69.47578222178285,70.98612531356073,56086,
2004-06-09,70.23094177246094,71.21266691904185,69.55128634494343,70.3442186372973,76516,
2004-06-10,69.24922180175781,70.11767014841259,68.75836495328005,70.11767014841259,36825,
2004-06-11,68.0787124633789,70.00439634805602,67.96543558510346,69.47577859810576,34462,
2004-06-14,67.77662658691406,68.49403704284407,64.37835561598243,67.96541941863248,119920,
2004-06-15,66.45511627197266,69.77787323787197,65.13356566429138,66.45511627197266,47618,
2004-06-16,66.03975677490234,67.58786092184725,65.02027622614702,67.58786092184725,66349,
2004-06-17,67.36131286621094,67.9654525266041,64.83148884113236,67.21028083186405,93201,
2004-06-18,65.36009979248047,67.96543932881781,64.71819936739584,67.96543932881781,81377,
2004-06-21,65.51112365722656,66.15301824104905,64.94474506653007,64.94474506653007,51190,
2004-06-22,64.26509094238281,65.6999178876313,63.434403477712976,65.6999178876313,70174,
2004-06-23,57.24201965332031,64.18959729077997,56.29805498727944,64.18959729077997,125219,
2004-06-24,58.148197174072266,59.658539957814405,56.864408112491645,57.61957950436271,139949,
2004-06-25,64.79371643066406,67.43681665725174,57.58182636494576,58.525790731584216,558371,
2004-06-28,69.47579193115234,70.53303339544864,65.62441766118243,66.22855152542141,487450,
2004-06-29,69.58905792236328,71.51474187472616,68.1164699760253,70.19319169189805,333486,
2004-06-30,69.96664428710938,73.06284644676498,69.47578163413311,69.47578163413311,335209,
2004-07-01,76.08353424072266,77.70715423786226,70.26871556613165,70.26871556613165,1004261,
2004-07-02,75.47937774658203,77.32955109968437,73.40265643451849,75.51713862049245,504702,
2004-07-05,75.89473724365234,77.36731939303309,74.08232445568275,74.76197997135903,550872,
2004-07-06,79.70836639404297,82.27594527990614,75.66819363819492,76.27233323575226,1761023,
2004-07-07,81.1431655883789,82.80454614499592,77.02748371413563,79.67058364550303,744733,
2004-07-08,78.87767028808594,83.44646071318223,75.93250569564582,81.74732463531201,878860,
2004-07-09,78.91544342041016,79.48182220093942,74.08234334092656,75.5171707372346,179177,
2004-07-12,81.70956420898438,83.10663626781755,78.57560670144498,78.57560670144498,223312,
2004-07-13,79.74610900878906,82.84231099721292,79.29300726244676,82.27593237390973,370033,
2004-07-14,72.6097412109375,77.02749335393653,71.74129282964677,77.02749335393653,371366,
2004-07-15,79.17974853515625,82.08715831558541,68.26752019613545,71.89234075926052,1991867,
2004-07-16,76.68766784667969,81.14317507104111,76.00801234688686,80.80335020189534,532222,
2004-07-19,77.10301971435547,79.44405053743833,75.89474629871613,79.44405053743833,755935,
2004-07-20,74.42214965820312,80.65231420074217,71.85456554291714,77.82042122686079,782213,
2004-07-21,74.53543853759766,77.70716288140115,73.40268107798977,75.89474979372807,273943,
2004-07-22,73.21387481689453,77.782664708757,71.89232468834768,76.2345608250016,212814,
2004-07-23,72.94956970214844,74.76198255269593,71.81681239074395,73.66698612293891,250232,
2004-07-26,73.93131256103516,74.98855412163226,70.30648599941735,73.06286393049099,318276,
2004-07-27,74.1578598022461,76.57441273717139,73.25165605258843,74.53544565818727,189099,
2004-07-28,71.66577911376953,74.7619812242935,70.7218147043719,74.0445705777519,84581,
2004-07-29,71.85457611083984,72.83629569593664,71.43922944231691,72.42095478891557,83466,
2004-07-30,72.1566390991211,73.62922121889855,71.81680846736386,72.76077284196512,114281,
2004-08-02,72.04335021972656,73.55369296747135,71.0616251290923,72.87403757868613,86581,
2004-08-03,77.48060607910156,78.4623314772777,72.04337278851632,72.26992081474778,828962,
2004-08-04,76.00801849365234,78.12249539994836,75.13957004932462,77.32956872065051,238145,
2004-08-05,75.29060363769531,77.40508634990317,74.15784627647722,76.87646855260215,123509,
2004-08-06,73.78025817871094,79.14198079642317,72.30767595984737,76.23456571781803,371238,
2004-08-09,74.57319641113281,76.12130051464833,73.85578568696835,74.30888750020391,167646,
2004-08-10,76.19681549072266,77.70715868870923,75.13957409983165,75.44164389172937,272249,
2004-08-11,74.57319641113281,76.91422724743504,74.38440350882614,76.91422724743504,149900,
2004-08-12,73.93131256103516,75.44165600145874,73.02510303987921,75.13958616107342,112945,
2004-08-13,80.72785949707031,81.97389401016486,73.02510435526058,73.66700493820538,599221,
2004-08-16,81.33198547363281,84.57922591608346,78.91543846634573,82.91785056876141,1007728,
2004-08-17,85.63645935058594,87.18455765123753,81.74732451467733,82.27594232241164,1102234,
2004-08-18,82.200439453125,85.71198905572626,81.40751261479755,85.37216409094349,339017,
2004-08-19,81.36974334716797,84.23939785333955,80.08595387738202,82.12491497916024,405285,
2004-08-20,80.31248474121094,82.99334576628118,79.10421154062335,80.42576161409438,281074,
2004-08-23,84.61698913574219,85.59870886385158,80.42578400282488,81.18095568360259,804443,
2004-08-24,87.59989166259766,88.31730226385467,85.18334523167819,85.33437722304771,795349,
2004-08-25,84.76799011230469,87.90195259169668,84.20161155921579,87.86419171689053,239646,
2004-08-26,86.24058532714844,87.22231060829257,83.89955476615256,85.52317468735181,262682,
2004-08-27,88.99695587158203,89.86540420739912,86.16506288185307,86.16506288185307,521585,
2004-08-30,92.04351043701172,92.84322883232524,87.58795063222966,90.0632622805318,413387,
2004-08-31,93.68101501464844,94.7853823795222,89.49202653838367,92.34815504492784,484165,
2004-09-01,96.84181213378906,98.25083456814718,92.4624144689298,94.82347987390948,603732,
2004-09-02,99.27904510498048,104.34390903350706,98.17466596755024,98.17466596755024,579778,
2004-09-03,102.4397964477539,103.1252625560073,95.58508887875922,98.6316255760902,434897,
2004-09-06,104.76280212402344,105.37211189901764,102.7825482606966,103.2014494573562,287248,
2004-09-07,106.01949310302734,106.93345194618104,102.82063134118071,105.48635141298912,254081,
2004-09-08,104.72472381591795,107.00962688099254,102.82063792835582,106.47648515679874,284353,
2004-09-09,98.66973876953124,105.75294100848586,97.52728717039724,105.18171520891886,406807,
2004-09-10,98.51740264892578,100.95463011664631,95.9659230617328,98.25082599177404,440783,
2004-09-13,99.88833618164062,101.6400974377953,99.12670186345316,99.85026376302518,198444,
2004-09-14,100.00259399414062,100.84038481886056,97.90809949991367,100.0787504573235,120519,
2004-09-15,96.0801773071289,101.60202070005352,95.31854293420012,99.77410285367172,175810,
2004-09-16,98.59355926513672,99.20286903844872,96.46098668016197,96.57523298900904,104859,
2004-09-17,97.10836791992188,99.69791974913988,96.38481769895948,99.39327069450827,116166,
2004-09-20,97.26071166992188,100.1549247474025,96.72756990813778,97.87002152122602,162302,
2004-09-21,96.8798828125,98.82205264546263,96.7275582734008,97.87000974907087,65227,
2004-09-22,95.09003448486328,101.22118668086578,94.63305509926188,97.8700006459167,292421,
2004-09-23,94.13799285888672,97.03220535537815,93.33828037674624,95.35660650605904,123789,
2004-09-24,97.07028198242188,100.15490299205166,93.68101192412436,93.7571741862913,295087,
2004-09-27,96.4990692138672,99.24095750527268,95.73743486865652,97.5653642701328,105316,
2004-09-28,93.3001937866211,97.41301981774396,92.99553893046236,97.41301981774396,89974,
2004-09-29,95.35660552978516,96.11823977782116,93.6810125084292,94.13799189508916,92794,
2004-09-30,94.48074340820312,96.34674524071552,94.0618421915286,95.66127316379767,75304,
2004-10-01,93.87142181396484,95.6612611488646,93.68101325044766,94.97578915804114,69990,
2004-10-04,96.00401306152344,98.97438240633184,94.06184312609425,95.2042946620387,163049,
2004-10-05,97.22262573242188,98.93629720546006,96.57523769846364,97.33687204684011,180362,
2004-10-06,95.35660552978516,98.25081799664524,94.67113935519929,96.87987402585718,100432,
2004-10-07,101.86857604980467,102.74445074663332,95.96591089551694,96.65138284978936,383224,
2004-10-08,110.58929443359376,113.4073389274818,101.60200766200164,102.820627150956,638808,
2004-10-11,107.23811340332033,112.64571004299822,105.90525335794926,110.43697518788738,132381,
2004-10-12,101.52587127685548,108.91372288231078,100.64998471427106,107.39045403080992,148805,
2004-10-14,103.08721923828124,104.800896614171,98.3270043052542,102.05900816410002,147459,
2004-10-15,100.7642059326172,104.3438843109319,100.5357133506789,104.3438843109319,104226,
2004-10-18,99.88833618164062,102.74446487484366,99.39327852346572,102.36364771574992,50491,
2004-10-19,103.96308135986328,105.10553280337828,99.50751608150804,101.18312082929032,120893,
2004-10-20,103.2776107788086,107.46659922804082,101.67817417681874,103.58225983556068,202072,
2004-10-21,101.6020050048828,104.30580893542822,100.95462286086992,104.26772489834124,87457,
2004-10-22,101.6020050048828,101.6020050048828,101.6020050048828,101.6020050048828,0,
2004-10-25,100.9927215576172,101.98283693590082,97.18454391766144,101.98283693590082,59194,
2004-10-26,103.96308135986328,105.10553280337828,100.34531845539918,100.99271225537116,91601,
2004-10-27,104.00115203857422,104.64853413376387,102.8206167076082,103.58225090544232,34233,
2004-10-28,106.40028381347656,108.53286166525712,104.34387402203666,105.37208472856378,117736,
2004-10-29,103.39188385009766,107.12388826859858,102.8206579724728,107.12388826859858,50654,
2004-11-01,101.71627044677734,108.91371277806728,100.38341032536744,104.7247238250647,236566,
2004-11-02,103.20145416259766,104.19158113940372,101.90667809521337,103.58227133662938,99993,
2004-11-03,104.26771545410156,105.41016673353268,102.97293966173602,104.34388352137644,82315,
2004-11-04,102.05900573730467,105.3721199005585,101.67818855171772,105.3721199005585,60778,
2004-11-05,102.09708404541016,103.42994412009796,101.56394233985854,103.35377603861164,31389,
2004-11-08,100.64997863769533,103.42995109681956,100.23108902611756,103.42995109681956,36829,
2004-11-09,100.72613525390624,102.59213694751912,99.77409238761224,101.48776954694144,39113,
2004-11-10,100.19302368164062,102.05902593599708,99.7741223702658,101.83053325509984,48477,
2004-11-11,100.53573608398438,102.63023058573404,100.15491890184806,101.14504589972609,52380,
2004-11-12,100.61189270019533,102.28748578626868,100.307232016244,102.28748578626868,17271,
2004-11-15,100.61189270019533,100.61189270019533,100.61189270019533,100.61189270019533,0,
2004-11-16,101.3735580444336,102.6683343885756,98.55550105694644,101.1069813169836,105219,
2004-11-17,99.4313735961914,101.90668540495103,99.01247235038528,101.29737555847107,60924,
2004-11-18,99.65985107421876,101.29736014215572,99.39327442519787,100.38340132233934,58106,
2004-11-19,101.4115982055664,105.56251426632544,99.77408917688254,101.0688651090531,220192,
2004-11-22,105.48634338378906,108.0758951792211,96.917958090882,102.05898926662624,298774,
2004-11-23,106.2860870361328,109.67535792547828,105.2578759069338,106.59073615950038,263879,
2004-11-24,105.63866424560548,108.913693723863,102.82061994910144,106.93344009841913,119413,
2004-11-25,105.75293731689452,108.91371531551567,104.76281030788437,105.8671778241726,129072,
2004-11-26,105.75293731689452,105.75293731689452,105.75293731689452,105.75293731689452,0,
2004-11-29,107.16192626953124,108.03781254515094,104.87702374087765,105.56250147244286,106190,
2004-11-30,106.0575714111328,113.94049070326402,105.1055285797941,108.53288277261348,270151,
2004-12-01,104.72472381591795,107.20003546974876,102.89680601250552,107.20003546974876,83338,
2004-12-02,103.429931640625,106.89536974100989,102.82062192710411,106.47646858661328,121173,
2004-12-03,111.80792236328124,116.2634762365498,105.18170599319788,105.18170599319788,898782,
2004-12-06,112.1506805419922,113.40737282301669,110.43700291062048,112.72190641911608,173985,
2004-12-07,111.84602355957033,113.4835329773746,110.5131632729233,112.03643217194846,161532,
2004-12-08,109.4087905883789,116.1111764705577,108.418675041901,111.6175375974622,232051,
2004-12-09,112.34105682373048,114.93060873915616,107.50467447453669,109.67533683130296,367066,
2004-12-10,116.07306671142578,118.05332060899792,112.03641407821858,113.75009131286534,519589,
2004-12-13,113.67389678955078,118.0532931482772,112.79802216645145,118.0532931482772,85207,
2004-12-14,113.40734100341795,115.00677765924632,112.56955025834066,115.00677765924632,69971,
2004-12-15,114.2070770263672,115.7684298853286,113.178877549699,114.16899298168642,98675,
2004-12-16,113.75009155273438,114.96869950474904,112.72188056113109,114.2451492173626,74742,
2004-12-17,113.63584899902344,115.76842762164053,113.1027072487738,113.86434164102144,89143,
2004-12-20,113.25505065917967,114.93064427677696,112.49341614012452,114.93064427677696,44376,
2004-12-21,112.53146362304688,115.38759214139831,111.9602379193766,114.2070566961564,112750,
2004-12-22,111.50326538085938,115.0067880768818,111.19861628625657,114.24515371875675,87776,
2004-12-23,112.34105682373048,113.8643253908319,111.1986053984044,113.1026911072812,128800,
2004-12-24,115.6541748046875,119.46234636069804,112.72187805791243,113.48351236911456,244672,
2004-12-27,112.95036315917967,115.7684075987739,106.62879647255492,106.62879647255492,109240,
2004-12-28,115.12104034423828,116.49198465326074,113.10271373763524,113.48353095560708,83141,
2004-12-29,115.00677490234376,116.1492263086584,113.3311818307389,115.7684091732202,159054,
2004-12-30,115.08296966552734,118.70073329114072,114.62598434838108,116.14925324337617,70711,
2004-12-31,116.33966064453124,117.13937913040506,115.1210408925693,115.19720898517414,61451,
2005-01-03,115.8064956665039,118.54837212682445,115.76841162782928,117.21551212453036,111755,
2005-01-04,119.9193344116211,122.699306955162,115.00679483726688,115.00679483726688,302508,
2005-01-05,121.48068237304688,127.49758926513356,115.76842458121082,121.09986518692448,460778,
2005-01-06,132.18165588378906,140.7500431067449,118.81496949165418,121.86150717092735,529156,
2005-01-07,128.0687713623047,133.78102720579045,125.3268955304001,133.28596968133405,217403,
2005-01-10,134.42843627929688,141.05465149395326,129.09699688011796,129.4016459114248,331361,
2005-01-11,128.90660095214844,137.09416940258032,127.3071643271383,137.09416940258032,130172,
2005-01-12,127.30716705322266,136.3325380474701,125.82198251054848,129.47782943055822,168213,
2005-01-13,133.05752563476562,134.8092870564328,128.18307018645726,129.2874377278501,183503,
2005-01-14,138.693603515625,140.82617014819195,133.05750301373888,133.05750301373888,240725,
2005-01-17,136.67527770996094,142.61602778723747,134.99968451422075,140.78811005036047,126212,
2005-01-18,141.9686279296875,149.20415373169487,137.0941730906662,137.81772334654352,408717,
2005-01-19,140.90234375,146.84309354053963,138.8078494510135,143.37765519425676,230698,
2005-01-20,139.79800415039062,141.5878381160802,136.56105777196086,138.69363653383846,324415,
2005-01-24,140.75003051757812,142.19713113715164,137.85581765681314,140.90235506359355,114367,
2005-01-25,139.79800415039062,141.3593570807806,139.4171869293989,140.86428772051977,91097,
2005-01-27,147.14773559570312,148.4425115035954,140.978505109293,140.978505109293,152101,
2005-01-28,144.74859619140625,150.00386803674994,142.04479219263857,147.75704925132376,128420,
2005-01-31,147.41429138183594,148.82330757991537,143.94885369088067,146.6907412669719,218977,
2005-02-01,140.86427307128906,147.71898233628238,140.1407227509745,146.99543201596782,156970,
2005-02-02,140.4072723388672,144.52009245576028,139.379061498836,142.9587399889638,104435,
2005-02-03,141.09274291992188,142.73025188681024,139.4552339530335,141.6639685997596,190616,
2005-02-04,141.7020721435547,144.4058763913304,141.0927623435236,142.34945436352325,129101,
2005-02-07,144.17738342285156,146.9954281670148,142.99684786713487,143.03493190860016,155725,
2005-02-08,144.10121154785156,145.47215565319996,143.30149318459686,145.47215565319996,53395,
2005-02-09,145.96717834472656,147.8712636955402,144.48199409541488,145.4721208021609,91164,
2005-02-10,144.7105255126953,148.17596410587552,144.02505925101914,148.17596410587552,79022,
2005-02-11,142.92068481445312,146.88119283387994,142.42562712283384,146.0053063358221,54993,
2005-02-14,143.87271118164062,145.4721478220481,143.18724497667563,145.0151626043269,52340,
2005-02-15,141.5116424560547,144.32968678666907,140.90233274688012,144.32968678666907,35305,
2005-02-16,140.2930450439453,145.39599286819612,139.56949473526208,142.42562354976266,42122,
2005-02-17,134.352294921875,141.58782125928974,127.64992192766935,141.58782125928974,76094,
2005-02-18,137.0941925048828,137.8558269076877,134.80928929646808,135.45668318749975,66075,
2005-02-21,133.97146606445312,139.30290605872088,133.28599985669402,137.85580556606638,87136,
2005-02-22,134.77114868164062,135.34237424397162,133.28596454390276,133.8191060777556,46012,
2005-02-23,134.7331085205078,140.14071691986712,133.28600794009105,140.14071691986712,39478,
2005-02-24,133.8572235107422,136.18021036825337,133.28599780585992,134.35228113966014,30615,
2005-02-25,135.57086181640625,136.2182554119277,134.08567773318964,135.57086181640625,32959,
2005-02-28,136.90377807617188,138.57937136668872,134.12381727292473,137.0180185830819,41964,
2005-03-01,137.47499084472656,138.5793582529508,129.47783071248486,138.5032017960902,33881,
2005-03-02,136.29441833496094,138.61740463810918,134.73306612323086,136.7894874673511,30832,
2005-03-03,147.33811950683594,148.51865472771243,135.57087457196317,138.31276207712057,284233,
2005-03-04,148.74717712402344,153.6216318646142,146.99541595669285,148.51868451582956,205008,
2005-03-07,148.82333374023438,151.56522179829756,148.51868467672372,150.04195323751065,80237,
2005-03-08,148.32827758789062,151.1844061678885,147.41431876661468,149.28032044788992,60965,
2005-03-09,141.93057250976562,149.66115688065327,139.37909266747863,149.66115688065327,58387,
2005-03-10,144.93902587890625,145.8529848171443,140.14072692613342,142.95877182804176,49228,
2005-03-11,143.98696899414062,148.51869082578338,143.41574326019528,148.51869082578338,35988,
2005-03-14,140.55960083007812,144.71050509939545,138.61743120047353,141.7401362223175,29451,
2005-03-15,136.52296447753906,144.71053417423946,133.66683551357383,141.66399661267653,66688,
2005-03-16,139.7218475341797,140.14074883600264,137.1322948673799,137.8939293719234,22916,
2005-03-17,138.80787658691406,140.02649633865676,136.33256465875235,138.0462421474797,33779,
2005-03-18,135.11392211914062,141.39740518472263,133.28600442143642,137.17034405607947,301144,
2005-03-21,138.99827575683594,139.64566963503572,135.57092101214684,135.57092101214684,33042,
2005-03-22,137.0941925048828,140.67387187374212,135.19010649787054,140.67387187374212,46287,
2005-03-23,131.72467041015625,137.8558298059606,127.26911603304546,135.64709464003755,36480,
2005-03-24,133.17178344726562,137.09419607521443,132.63863005412236,137.05611202975862,33088,
2005-03-28,134.27615356445312,139.37910196791637,126.69789324079464,126.69789324079464,19795,
2005-03-29,133.32406616210938,137.01798497956153,132.52434794501465,133.20981406160135,99305,
2005-03-30,135.45668029785156,137.85582396685948,131.7627488744016,134.23806063071262,46166,
2005-03-31,138.42701721191406,139.37905997128072,134.31419714009633,135.64705700320965,25173,
2005-04-01,136.7895050048828,139.79795772737003,135.95170274826413,138.42701386272833,40541,
2005-04-04,137.13226318359375,143.91080405923168,137.09417914284168,143.91080405923168,37142,
2005-04-05,136.40872192382812,139.188682758455,134.8092850793244,138.57937293094795,20919,
2005-04-06,133.59063720703125,137.85579347706752,133.28598816843547,137.09415925896218,77513,
2005-04-07,133.55259704589844,137.7035022126783,132.60055404335174,134.771205116187,72973,
2005-04-08,133.36216735839844,135.57090212641805,133.09559071118852,134.4284507040044,84960,
2005-04-11,134.00955200195312,134.8092703367488,132.90518459752917,133.47641031929504,13468,
2005-04-12,135.68515014648438,137.8558126181239,134.238049579803,134.238049579803,36976,
2005-04-13,134.466552734375,138.23664060846397,133.55259379847743,137.8558234167051,31813,
2005-04-15,133.05752563476562,135.57092144658213,132.14356669091012,134.8092870564328,134833,
2005-04-18,127.80223083496094,131.76272665280283,126.431286846042,131.00109239469413,25945,
2005-04-19,129.5920867919922,131.76274945184042,129.47784628215533,131.4581003445298,11614,
2005-04-20,130.84877014160156,133.28599748558608,129.47782612885504,133.28599748558608,15779,
2005-04-21,128.7542724609375,131.0010911771526,127.99263820990754,131.0010911771526,24618,
2005-04-22,129.13511657714844,132.33397877574927,128.7162153272036,132.181654218029,21236,
2005-04-25,129.2493438720703,131.45809040879777,128.33538499759788,129.47783649609283,23719,
2005-04-26,131.30577087402344,131.80084022570566,129.09703567919226,129.09703567919226,51184,
2005-04-27,129.43975830078125,132.1054785843227,128.71620797671503,130.27756075282724,34765,
2005-04-28,128.8685302734375,130.2394744339075,127.9545713736635,128.71620572707815,7964,
2005-04-29,126.9644546508789,128.64004803948524,126.1266637673852,127.19294729969316,7223,
2005-05-02,123.80364227294922,129.8586318747508,122.05188127817487,129.47781477247884,10782,
2005-05-03,128.0687713623047,129.40163105911805,123.38472621929208,124.14636033175684,17697,
2005-05-04,128.41156005859375,130.23947790688518,126.50747412428257,129.4778435331607,29356,
2005-05-05,129.782470703125,130.62027302129584,127.9545531637184,130.20137186221044,30439,
2005-05-06,128.33535766601562,129.4778089212027,127.8403001040806,129.24931634584226,21545,
2005-05-09,126.62173461914062,128.71622947750234,125.89818417421242,128.71622947750234,22273,
2005-05-10,125.89817810058594,127.95458881072004,124.90805098189335,125.93626214777018,46803,
2005-05-11,123.95594787597656,127.57370979555192,123.38472230972782,125.6696245747228,45075,
2005-05-12,123.15628814697266,127.34527761878546,112.79806660782536,125.47927554202909,119157,
2005-05-13,123.34667205810548,125.97430805807583,122.62312180037696,123.7655732457221,57665,
2005-05-16,126.35514068603516,127.00253456635512,123.99408104937686,124.9080399932968,35348,
2005-05-17,138.54127502441406,141.66398031439985,126.43129425908803,126.43129425908803,376024,
2005-05-18,140.97850036621094,143.72037661627337,137.89387941597667,138.73167009448906,643171,
2005-05-19,142.23519897460938,144.7105103356133,141.66397327591616,142.2732830121789,432671,
2005-05-20,140.0264434814453,143.14913653139985,139.3790498036567,143.14913653139985,426479,
2005-05-23,139.1125030517578,140.90234834149948,133.28600518790492,133.28600518790492,52270,
2005-05-24,139.75991821289062,141.6640042920853,137.8558321336959,138.6174665653738,362685,
2005-05-25,141.16893005371094,143.94889075563563,138.99826752858996,140.21688712543292,40700,
2005-05-26,138.73170471191406,143.1872707097754,137.24651991983328,137.2846039650905,53616,
2005-05-27,140.86427307128906,142.4256258393056,137.93198774756834,139.37908838819746,38374,
2005-05-30,139.22674560546875,142.53984767666174,137.93196968264792,140.75001413152066,24667,
2005-05-31,138.503173828125,140.749992230112,137.85578015664404,140.14068259017958,28647,
2005-06-01,140.59768676757812,141.28315294182997,138.7697576002127,138.7697576002127,19189,
2005-06-02,135.2662353515625,144.2915934339399,134.8092501937849,143.1872261945286,33818,
2005-06-03,135.2281951904297,138.6174660750846,134.73312583861863,136.71338000262463,22253,
2005-06-06,134.80926513671875,135.95171653618246,134.0476308704096,135.95171653618246,24118,
2005-06-07,134.84735107421875,136.7133527286429,134.4284498975235,136.67526869046753,48776,
2005-06-08,133.81915283203125,136.71336568335624,132.714785349999,136.3325485087508,24552,
2005-06-09,133.6668243408203,134.73310774959296,133.28600717745616,133.6668243408203,15744,
2005-06-10,134.58079528808594,139.68374341086547,133.5145117836073,134.80928793093665,78848,
2005-06-13,133.2860565185547,136.71341225760324,132.67674650728836,135.57096034458706,74635,
2005-06-14,133.36216735839844,135.53281808801424,128.22113595753706,128.22113595753706,75415,
2005-06-15,133.8572235107422,137.09416917174164,132.71477210097768,134.04763207903628,83399,
2005-06-16,133.2860565185547,136.75149631236147,132.90523921421595,135.49479223507058,55509,
2005-06-17,131.6104278564453,135.57092444859745,128.22115706955412,128.22115706955412,59504,
2005-06-20,132.14353942871094,134.0476250112572,131.07725615113148,132.82900558978116,77504,
2005-06-21,132.6766815185547,134.80925970257974,129.5539881255324,134.80925970257974,71698,
2005-06-22,133.24795532226562,136.33257741491602,130.42990995700762,133.5906885277556,57911,
2005-06-23,133.51451110839844,135.9517388360373,132.52438407546492,135.57092164041816,93637,
2005-06-24,132.71475219726562,137.7034582627197,131.38189241910084,134.00952794315984,136402,
2005-06-27,131.45811462402344,136.9799645505673,131.07729738771008,135.57093612755995,123040,
2005-06-28,130.9630126953125,135.15200125366084,129.09701102546254,133.28599958381088,90485,
2005-06-29,130.16331481933594,132.90520331868404,128.71621410233584,132.90520331868404,44755,
2005-06-30,131.5723419189453,133.24793526594826,130.31564981409775,131.6865824297065,65588,
2005-07-01,132.52439880371094,133.20986518335806,131.38194708988584,131.38194708988584,28006,
2005-07-04,134.42843627929688,134.80925337923824,132.25777416098495,133.89529466370212,28933,
2005-07-05,131.72467041015625,134.80929213069078,131.00112003660345,134.42847492128203,70640,
2005-07-06,129.0970001220703,133.28598832662126,127.5737316840518,132.14353699810738,96373,
2005-07-07,127.64990997314452,130.69644709306095,126.5836150082037,130.0871373447543,76271,
2005-07-08,127.87841033935548,146.23380391719212,127.34526858689776,129.4778472183472,89848,
2005-07-11,130.73451232910156,132.48627340116042,129.09700336573428,130.42986328248966,221466,
2005-07-12,130.20138549804688,135.49474173099435,128.79236897016108,132.5243725129713,257837,
2005-07-13,130.277587890625,132.44823931498652,129.8586865773417,131.95318152213756,72676,
2005-07-14,129.782470703125,132.14354151134012,129.24932905593275,131.00109014380692,93032,
2005-07-15,130.81068420410156,133.9714617356414,130.08713398115327,131.61040250172505,147031,
2005-07-18,129.40170288085938,133.13371907628377,129.09705371542995,133.13371907628377,85203,
2005-07-19,127.64990997314452,131.68656235974032,126.8121076165208,130.23946187642676,115387,
2005-07-20,131.6104278564453,136.1040662091839,129.0970319889734,129.28744059072707,375106,
2005-07-21,130.1251983642578,134.96156821361342,129.47780469215115,132.14352420051895,152357,
2005-07-22,132.82901000976562,134.35227852649052,129.4778239216174,131.648486206597,142681,
2005-07-25,138.27471923828125,142.19713151118123,131.80082723184424,134.35229534376336,604246,
2005-07-26,139.1125030517578,140.14071402614002,135.5709081339833,139.34099567068913,265288,
2005-07-27,144.29159545898438,144.71049658922365,137.47497175976247,137.47497175976247,216826,
2005-07-28,144.29159545898438,144.29159545898438,144.29159545898438,144.29159545898438,0,
2005-07-29,144.40589904785156,146.42422572915038,137.85583800767864,145.0151973218605,184929,
2005-08-01,141.32125854492188,143.9488947760338,136.48487568554546,143.9488947760338,112961,
2005-08-02,145.54830932617188,146.42418406203166,140.82616769501877,140.82616769501877,157072,
2005-08-03,142.00672912597656,149.2422558021785,140.90236158919575,146.99543668494474,233531,
2005-08-04,143.6822967529297,146.27186017840606,141.66397063712262,142.9587465390526,183803,
2005-08-05,148.67100524902344,150.80358350165295,144.3296922907234,144.71050942077807,216994,
2005-08-08,155.1068115234375,162.76123811748553,149.28031411602493,150.57509002638145,606984,
2005-08-09,163.9798583984375,166.79790283432888,152.3268519034967,157.087066025481,405605,
2005-08-10,173.91221618652344,175.63791623688587,161.06533803382547,161.06533803382547,705272,
2005-08-11,166.93272399902344,177.17188295495416,164.90023738231665,177.17188295495416,217182,
2005-08-12,162.0624237060547,167.546310708479,160.37507475939745,167.12447054602637,101668,
2005-08-16,157.38389587402344,163.67311363748652,155.77324896681995,159.64647881474318,95535,
2005-08-17,160.83523559570312,161.4488201506829,157.9974201949676,159.07118438881824,83242,
2005-08-18,157.38389587402344,163.86485815285525,155.69654647940988,162.4459557610205,220254,
2005-08-19,160.95034790039062,161.6406234616691,157.95912649415283,159.91492285531672,150459,
2005-08-22,165.97401428222656,168.96523513941293,162.17747598575357,162.17747598575357,254816,
2005-08-23,162.13909912109375,168.73511275552517,161.0653349030013,167.5846460776466,145827,
2005-08-24,159.68478393554688,162.90608852267775,156.84696826838757,162.90608852267775,65905,
2005-08-25,163.3279266357422,164.86188229647354,159.53138871606262,161.3721308276791,39808,
2005-08-26,165.24534606933594,168.50500135242882,159.60806689576015,166.7409502703601,65601,
2005-08-29,166.01235961914062,167.9298043172207,159.4930476456684,167.04778443736532,33299,
2005-08-30,175.06271362304688,179.4728367482715,165.6672339214814,166.43421185630305,272331,
2005-08-31,172.22486877441406,175.33113123108478,169.5020952209582,175.33113123108478,70956,
2005-09-01,171.189453125,174.48746020802406,168.73512635501226,169.5788066680486,51382,
2005-09-02,170.2690887451172,172.8384693151,166.5875925937812,172.57002237680794,86532,
2005-09-05,175.59954833984375,177.86213029494354,167.9681222931811,168.81180247454438,97469,
2005-09-06,170.7676239013672,178.32236085992,169.50211505394546,177.5553829637483,66185,
2005-09-08,171.76467895507812,175.63791925303542,171.1127548356375,172.49330553711303,32434,
2005-09-09,174.52581787109375,177.17188920033823,171.1894594321636,174.10397769903366,51595,
2005-09-12,179.70294189453125,187.90960388692085,172.68508640094296,180.2398241364343,101873,
2005-09-13,194.083724975586,203.24910688900687,179.4727962718024,184.07466284287423,240912,
2005-09-14,193.70025634765625,198.60892155859963,190.2105048257468,198.60892155859963,119010,
2005-09-15,194.083724975586,195.96281815147657,186.3755961284102,194.58225583952463,112957,
2005-09-16,197.95700073242188,202.78895214139155,184.11304729251387,196.2696399893773,107829,
2005-09-19,195.2342224121093,200.9482052984773,192.89493752888183,198.26378270861213,43106,
2005-09-20,190.9391632080078,194.812404295458,188.2930915532872,191.7444924167893,68676,
2005-09-21,185.9537811279297,191.74446635240287,182.5407319674876,190.2105106215837,63552,
2005-09-22,173.4520721435547,187.90961230192417,169.11865107173176,184.07472225494607,81697,
2005-09-23,182.3106231689453,184.0746744732781,174.10396293930884,175.17772719247526,42374,
2005-09-26,183.1159820556641,186.3756382807387,180.39320804467667,184.07470447480367,45270,
2005-09-27,181.3135681152344,187.90958263596232,180.3165062229544,187.14260474765229,45838,
2005-09-28,184.7649688720703,187.1426050104316,181.7737597847225,186.8741580678846,27346,
2005-09-29,190.1721954345703,191.74450269731943,185.07179634408388,185.07179634408388,94213,
2005-09-30,188.5615234375,195.5793666172088,186.98921638484848,195.5793666172088,28608,
2005-10-03,189.55859375,192.51146350898927,187.90959585538803,190.9775076244556,23618,
2005-10-04,190.0954742431641,193.27842779745583,189.4435383570301,189.4435383570301,74793,
2005-10-05,188.29307556152344,192.5114540364252,187.14260870473208,191.7444761318976,38352,
2005-10-06,186.26055908203125,188.67653441461607,182.1572232661436,188.67653441461607,38755,
2005-10-07,187.18096923828125,187.90959594314413,184.0747062300188,187.14261800051904,10464,
2005-10-10,184.03634643554688,187.90958720634936,180.2398081367025,185.6086534854553,26690,
2005-10-11,181.85047912597656,184.0747105302889,172.60839236080398,184.0747105302889,15418,
2005-10-13,179.39613342285156,182.46404514759053,176.40492417249283,182.46404514759053,21846,
2005-10-14,171.22781372070312,179.4728260275231,168.77348681651307,179.4728260275231,14179,
2005-10-17,170.00064086914062,171.80304355195156,157.3838571989249,170.26908780595198,35481,
2005-10-18,167.77639770507812,178.5524383897377,163.05948880514504,171.80303125,11656,
2005-10-19,164.3249969482422,168.73511938675978,161.44883014051334,163.05948823410256,15699,
2005-10-20,167.3545684814453,171.80304245712662,164.90024164411707,164.90024164411707,28037,
2005-10-21,171.87974548339844,176.40491023869484,164.97694464797124,176.40491023869484,8226,
2005-10-24,173.52874755859375,174.10398097591505,167.96815785782113,171.87974977686753,25080,
2005-10-25,177.3636474609375,179.4728367820946,171.994801916174,171.994801916174,20720,
2005-10-26,180.0480499267578,183.99798116508248,172.60836713729452,175.7146297642015,20167,
2005-10-27,176.28985595703125,180.6232759427621,174.87094231401173,180.6232759427621,16197,
2005-10-28,176.5966033935547,179.39606712656814,170.26903779964883,174.10392603837963,31321,
2005-10-31,176.8267364501953,177.93885193415326,171.8030294536652,171.8030294536652,10405,
2005-11-02,178.32232666015625,180.2397710328461,176.36653105938225,180.2397710328461,29795,
2005-11-04,178.32232666015625,178.32232666015625,178.32232666015625,178.32232666015625,0,
2005-11-07,180.124755859375,180.27814909138908,176.4049085414781,176.4049085414781,13119,
2005-11-08,179.93301391601562,180.23980038434456,178.8975891048867,180.23980038434456,29688,
2005-11-09,176.51992797851562,179.43444582688943,171.4195305212254,177.17186376019268,97573,
2005-11-10,174.9476776123047,178.6291624631477,174.1039971738128,176.40493105716715,31428,
2005-11-11,179.28106689453125,185.4168895048253,176.36654881401097,176.40490004595588,77576,
2005-11-14,175.7146453857422,180.54659689811285,174.87096499616567,180.54659689811285,11173,
2005-11-16,178.6675262451172,180.23983351642352,172.6084046081678,178.1306439752739,36025,
2005-11-17,180.2014312744141,180.6232714038859,177.55536021231248,180.2014312744141,73415,
2005-11-18,179.97137451171875,181.77377740778363,177.63210108481766,178.32237657092702,56775,
2005-11-21,180.27810668945312,182.54068851316688,178.7825025485678,180.27810668945312,44355,
2005-11-22,176.3665771484375,180.23981813407727,175.79134368630744,180.23981813407727,25738,
2005-11-23,176.40492248535156,179.0893452188243,175.6379445615022,177.74713385208793,62880,
2005-11-24,178.47573852539062,179.77959849448175,176.40490072705148,176.40490072705148,14875,
2005-11-25,185.14846801757807,186.37563738947017,176.94180648961918,176.94180648961918,40947,
2005-11-28,179.81797790527344,186.9508751756844,176.44327960900503,184.0747078652892,66563,
2005-11-29,173.41366577148438,180.12472076723606,172.56998560504368,178.70580731544524,69318,
2005-11-30,176.9033966064453,178.70579882954863,174.8709104426485,177.9004699276695,23786,
2005-12-01,181.16015625,182.5407186476294,174.98598254334672,177.17187398152265,26772,
2005-12-02,183.57618713378903,185.6086741320724,180.3165306665936,181.0068061783845,66061,
2005-12-05,179.12771606445312,187.14263390542737,177.93889781171785,183.76793535232943,15376,
2005-12-06,185.07177734375,187.142615419648,179.47283609917062,182.50239659012828,32646,
2005-12-07,182.042236328125,187.90961345473505,179.51120654096067,186.3756574265331,183207,
2005-12-08,179.51116943359375,181.7737517668544,178.70584034462894,180.3164985225586,170157,
2005-12-09,181.16015625,181.7737408381856,178.70582960041028,178.70582960041028,63447,
2005-12-12,177.09518432617188,181.006776118468,176.4049089290154,177.9388646588329,18722,
2005-12-13,179.97137451171875,180.23982148029185,177.93888758905405,177.93888758905405,35925,
2005-12-14,176.7500457763672,181.16016847835348,175.94471668146076,181.0067752467412,25374,
2005-12-15,176.0597686767578,180.08640240912405,175.2544395896539,179.97134870916446,9525,
2005-12-16,176.9033966064453,179.47277650692868,175.6378881200285,176.59661021675353,7577,
2005-12-19,179.93301391601562,180.23980038434456,177.01849565427636,178.7058446363927,20319,
2005-12-20,181.3518981933593,182.54071612218053,178.7058271280171,179.31941170771373,55481,
2005-12-21,177.86215209960938,181.6970412065708,175.6379210988329,180.8150213932308,6833,
2005-12-22,179.97137451171875,180.6233104621648,176.40493166156222,180.00972575053706,28511,
2005-12-23,177.28692626953125,180.623284615668,176.78839534569624,179.3961153680157,14553,
2005-12-26,177.7854766845703,179.77961217041852,173.52874706780122,177.97722115646843,26241,
2005-12-27,183.80621337890625,184.07466027306515,177.74709382617854,177.74709382617854,71719,
2005-12-28,186.03048706054688,186.98920941016507,181.85045995684223,182.5407353673059,31964,
2005-12-29,191.8978729248047,197.8803030315043,184.8416784131493,186.37563425060287,49144,
2005-12-30,196.11622619628903,198.64725534244107,188.67654368432628,195.57934406302115,36277,
2006-01-02,191.9362335205078,196.34635676823177,191.24595804125644,196.34635676823177,44030,
2006-01-03,193.5852203369141,197.1133234139111,190.97750011698,195.11917616114684,55027,
2006-01-04,203.05740356445312,206.70054867089752,191.7444792865469,195.4259756294794,76032,
2006-01-05,201.1782989501953,205.93357141427748,199.4142590976244,205.93357141427748,41098,
2006-01-06,201.7534942626953,204.7063633764104,200.718092991943,200.9481769618204,23749,
2006-01-09,203.82437133789065,205.5500715655868,201.7151821707064,202.4821600496825,47529,
2006-01-10,202.2136688232422,203.2490934143493,200.1811825703592,201.71513799235424,11746,
2006-01-12,203.0957489013672,204.7831097298296,201.10162498485064,203.24915385170345,52956,
2006-01-13,202.4437866210937,205.5116976233074,200.94817064499324,204.01608164720687,26124,
2006-01-16,201.5234222412109,203.939397693384,199.6059776908664,201.139933331142,26394,
2006-01-17,203.3258209228516,204.78307407206592,200.1812072389858,201.7151628500125,29283,
2006-01-18,202.8273162841797,203.2491447692908,200.3729776263292,201.79189143145183,29342,
2006-01-19,209.65342712402344,211.6859140084221,201.9069451547722,204.0161345153633,16646,
2006-01-20,215.0222625732422,221.27312788241977,212.03105339404829,213.2198597965778,42864,
2006-01-23,214.945556640625,216.13436302401783,212.83636741399977,213.06645142165385,21476,
2006-01-24,211.57083129882807,217.0547179002048,207.16070893866487,215.5207622966698,14760,
2006-01-25,208.9247894287109,211.6859147369769,204.09283769397769,211.6859147369769,10210,
2006-01-27,207.31411743164065,210.15194502997,205.55007762055465,210.1136054974148,9494,
2006-01-30,206.1636505126953,210.9189228634118,202.4821659488753,208.0427557334561,16314,
2006-01-31,205.47335815429688,212.06937224349312,201.10159852072823,212.06937224349312,20803,
2006-02-01,203.6326446533203,246.19992065429688,201.71519978841144,208.6563408368577,54206,
2006-02-02,204.28453063964844,206.24031456112883,202.55883068317624,203.2491059845044,17312,
2006-02-03,206.6238555908203,208.6180029473139,204.78311318725287,204.97485767525603,40316,
2006-02-06,209.19325256347656,210.1519750775164,206.3170850213573,209.3849970662845,25842,
2006-02-07,200.9098663330078,210.9189183694725,196.2696360850949,209.5767070707577,44028,
2006-02-08,200.10450744628903,207.0840102508185,196.7298097382776,203.4408656260356,26844,
2006-02-10,196.42303466796875,202.4821550819632,195.6560568078098,202.4821550819632,33491,
2006-02-13,197.9186248779297,203.63261922433668,196.4230321138512,199.41424104831464,66205,
2006-02-14,199.37586975097656,200.909825206937,194.8890453610318,199.3375068207959,509215,
2006-02-15,193.81529235839844,206.317033138262,192.51143240782065,200.64140196367487,346524,
2006-02-16,194.7356872558593,202.71225286268773,193.27843390372,194.81238972835268,122448,
2006-02-17,188.29307556152344,197.7652573637008,186.490672804622,197.0366189918764,67193,
2006-02-20,182.77081298828125,189.4435175407878,179.47280609127264,189.4435175407878,30588,
2006-02-21,200.21958923339844,205.93358445893577,185.8387640329965,187.44941074430187,134595,
2006-02-22,198.6089324951172,202.4821614481748,195.6944024910938,202.4821614481748,43408,
2006-02-23,194.81236267089844,201.7151629230169,193.3551095211567,198.6472516998532,35048,
2006-02-24,197.496810913086,202.48216730506675,190.7090517596658,200.181233585691,59709,
2006-02-27,195.54103088378903,200.9482279066408,194.0454261846569,200.9482279066408,40894,
2006-02-28,199.1841735839844,200.18123550943903,187.98629136081536,195.57936802646344,243225,
2006-03-01,217.0164337158203,223.0755552137101,198.6473013164999,200.7948303465864,878050,
2006-03-02,222.0400390625,229.63311343726303,218.81872343378777,218.81872343378777,489079,
2006-03-03,216.2110595703125,226.18177200475893,213.14314805202127,226.18177200475893,165927,
2006-03-06,214.02517700195312,219.08723590290853,212.91307307322964,216.2877712050972,107456,
2006-03-07,220.9663543701172,222.6536918338477,211.6859163975149,216.28778414528696,415685,
2006-03-08,229.2113342285156,237.6097276083304,222.42357560215413,223.26725591500977,787815,
2006-03-09,251.91395568847656,256.17067460151543,228.55946416542395,230.82205882757333,1102130,
2006-03-10,249.72802734375,263.0734391069822,245.54798811786443,260.6574632250167,792015,
2006-03-13,250.60997009277344,255.3268783910709,245.4328704810635,250.8017145228368,303955,
2006-03-14,240.67762756347656,255.403610887054,236.88110144542512,253.0259749933309,226776,
2006-03-16,240.869369506836,247.35034130032776,240.1407546382614,241.5980077817155,83514,
2006-03-17,236.30587768554688,247.3120143941093,234.11998615565787,243.59216718097275,103107,
2006-03-20,238.33840942382807,241.59806586808,236.22921995990043,237.763175933666,123491,
2006-03-21,237.4563903808593,246.19993478543512,234.3117759406556,238.5301548855773,137430,
2006-03-22,228.7127990722656,239.757275181817,225.56818527695364,239.1053393427648,104443,
2006-03-23,228.2909698486328,233.6598152096584,225.491505163074,229.4030971787971,140386,
2006-03-24,231.435546875,233.16124689312343,225.491469034797,230.09333574979289,143846,
2006-03-27,241.98159790039065,249.2678900717177,232.5861158899951,233.9283276057659,392165,
2006-03-28,240.14073181152344,245.4328734643377,238.64511587632904,244.5124908263253,111613,
2006-03-29,243.3620758056641,253.1027043980516,230.24677257553847,238.60682691833367,265356,
2006-03-30,238.83688354492188,245.5863022656169,235.7689723281437,245.5863022656169,214791,
2006-03-31,242.4034118652344,247.9640029232988,235.4622696311414,237.7632038620646,115346,
2006-04-03,266.7548828125,269.9761990960549,243.8989525924588,243.8989525924588,486823,
2006-04-04,266.3330383300781,270.7431606350398,260.08217400517594,269.82277792191724,249431,
2006-04-05,282.9764709472656,287.46327238828945,263.22679243850524,265.37432093324645,267833,
2006-04-07,284.3186950683594,304.4902029274811,279.179934170285,286.84971258155656,435564,
2006-04-10,284.85552978515625,290.45448136691573,273.1591191749978,285.4691260248809,242189,
2006-04-12,269.82275390625,299.0829727981585,262.4597864818316,285.31571329159414,316112,
2006-04-13,258.24151611328125,275.8820110799204,248.7309696670868,269.822865822851,222055,
2006-04-17,281.4042053222656,282.6313747241752,264.45398793705726,264.53069041335965,147873,
2006-04-18,277.3775329589844,289.38073155179984,273.9644955925674,287.5016498753607,140049,
2006-04-19,276.7640075683594,289.6875911567784,265.41271946962223,278.4130055369719,327060,
2006-04-20,277.185791015625,283.01482737175166,276.112026704148,278.4129602600159,143147,
2006-04-21,276.3037414550781,285.46913516288265,268.4422193179107,278.4129303211474,191971,
2006-04-24,272.3921813964844,279.4867265780109,268.4422501118148,278.0294733300938,71272,
2006-04-25,266.1029968261719,275.1149873224909,264.60738053021686,272.27715967602023,63923,
2006-04-26,280.8673095703125,283.01483827600856,263.8403912383386,263.8403912383386,150467,
2006-04-27,282.8998107910156,294.82630809788805,279.9469411144372,285.77597799424615,122045,
2006-04-28,276.9173583984375,284.548797782347,237.763146394953,276.1120409747841,86114,
2006-05-02,298.4310913085937,314.4225844405873,294.1360105926034,308.32510106447603,224219,
2006-05-03,282.7080383300781,298.3543816858105,279.9469134069945,298.3543816858105,183044,
2006-05-04,284.5104064941406,289.5341014076999,279.1799017547093,286.0827015233697,136170,
2006-05-05,283.5517578125,289.8793259074751,282.24788593343584,283.01486388434193,83281,
2006-05-08,282.6696472167969,290.4544902920777,281.90266944830057,287.6166631861197,115332,
2006-05-09,280.560546875,285.239117420256,276.15042331467805,283.78186388158576,153989,
2006-05-10,276.4571228027344,283.78175051429884,274.7314229685258,283.32155921058285,147914,
2006-05-11,275.690185546875,279.94690306659834,272.3921668916222,272.4305298262365,56068,
2006-05-12,257.5512084960937,276.112085852003,255.6721264000545,270.7432397382141,163614,
2006-05-15,249.8814239501953,256.9376309384933,245.586365859556,246.96691690207416,68569,
2006-05-16,247.1970367431641,260.7725587214848,234.8103448851564,253.8697556965043,200270,
2006-05-17,248.6158599853516,260.0054854912285,245.4329066583868,246.73677833753183,194146,
2006-05-18,226.25845336914065,245.43289856991524,218.20518638481528,237.7631204896054,87874,
2006-05-19,219.70083618164065,236.9961790438373,213.37326829454787,229.3263997867552,253787,
2006-05-22,206.8922576904297,220.8896022793096,176.4048907091708,219.35564670792544,112985,
2006-05-23,215.8659210205078,227.7157145273225,191.5143630564167,191.7444587475444,43674,
2006-05-24,212.3761749267578,225.7599485874389,201.10161388842667,216.28776688140653,41925,
2006-05-25,204.8598175048828,209.00149380170976,180.393213593909,208.00443181765675,28637,
2006-05-26,207.505859375,215.52078771112176,205.5500751123866,209.9601979925964,68547,
2006-05-29,204.2078399658203,213.2198291474105,203.24911771245965,210.9188957393449,23845,
2006-05-30,199.64431762695312,206.31703403829763,197.99531999155127,202.1369955474902,30385,
2006-05-31,190.24888610839844,195.61773185068577,185.9921560720968,193.892031433522,29478,
2006-06-01,176.5583038330078,191.7444680426136,173.490392344326,191.7444680426136,28861,
2006-06-02,178.70584106445312,182.3106346594573,151.86161601185287,172.57001819528736,79995,
2006-06-05,168.3899688720703,199.4142167987902,165.32205784439662,184.84163941734016,78395,
2006-06-06,167.81475830078125,172.18652976715632,162.0240731105201,162.0240731105201,45425,
2006-06-07,160.60513305664062,171.72631021614188,157.84402023203464,162.59927984926006,99823,
2006-06-08,143.46319580078125,157.1154025979243,138.0560001220377,153.4722581502594,221606,
2006-06-09,151.47813415527344,159.37800880881213,139.5899767911887,147.25975573575948,119450,
2006-06-12,145.4956817626953,153.39555519591536,144.19182188416045,153.39555519591536,39496,
2006-06-13,129.35084533691406,146.9913407440772,125.01742397250396,137.28907295140004,104750,
2006-06-14,129.5808868408203,142.65785964930345,128.2770270233656,137.28901546895332,303696,
2006-06-15,138.1710205078125,142.657844491632,131.95850849538968,134.1443878003874,331744,
2006-06-16,145.57240295410156,157.23046430854333,141.12392894035108,157.23046430854333,106081,
2006-06-19,145.8408203125,154.77611847915762,144.95880054599422,149.0621363538216,130128,
2006-06-20,153.20384216308594,155.69652044608983,141.92926888520688,145.07387138956526,130176,
2006-06-21,168.73507690429688,180.23974123868075,151.8615692138672,151.8615692138672,487397,
2006-06-22,176.40492248535156,182.5407458761464,172.03315066004112,172.03315066004112,225535,
2006-06-23,183.72955322265625,185.53194421609595,164.32501054675,175.2544453205712,177728,
2006-06-26,169.8088836669922,187.90956479368583,168.73511940657505,187.67946910841,73059,
2006-06-27,162.67599487304688,176.4048927115076,155.69649226276542,172.37825929091886,111108,
2006-06-28,166.62596130371094,174.10399639098912,159.53141519526756,164.90026089895446,205957,
2006-06-29,169.84727478027344,175.86805672682846,168.00653227214673,172.57004900520894,123681,
2006-06-30,177.93885803222656,180.239791541264,173.33699101415175,178.59079387438172,156200,
2006-07-03,178.6675262451172,184.07472359124105,174.870987411679,181.00681153138703,49933,
2006-07-04,179.8946533203125,185.18679569409204,176.63499752554102,180.4698866958604,70565,
2006-07-05,186.03048706054688,187.4493891160896,178.70584596883307,179.62621708383583,104042,
2006-07-06,187.21929931640625,191.36097505722515,181.08347646888,181.08347646888,186630,
2006-07-07,180.73834228515625,195.57936972814167,177.40199535286288,185.60865676160896,177494,
2006-07-10,194.582260131836,196.729800253006,182.5407113458691,182.5407113458691,231057,
2006-07-11,191.7828063964844,200.7181050290567,190.40224397866712,196.57640607245213,180342,
2006-07-12,198.9540557861328,201.17828693893244,187.90957908447027,187.90957908447027,180115,
2006-07-13,202.02198791503903,205.43504916463024,194.8123998460913,197.8803116546912,141361,
2006-07-14,198.7239685058593,203.09572827064423,193.4701654757038,200.9481996219401,82171,
2006-07-17,190.0187530517578,202.4054400426901,187.98626652984169,200.1045066051309,93463,
2006-07-18,191.8211669921875,202.40545207145124,188.1013196991389,189.4435309508148,86767,
2006-07-19,183.38442993164065,196.3463524219865,164.90025691690272,164.90025691690272,103847,
2006-07-20,189.596923828125,193.12502665006707,185.6086413140731,185.6086413140731,45351,
2006-07-21,178.6675262451172,187.9479649074379,176.6350391867262,187.9479649074379,37168,
2006-07-24,177.86215209960938,180.85337262493096,167.23951629521792,173.72047654535217,59798,
2006-07-25,184.3048095703125,185.6086697860296,180.2781752051197,180.2781752051197,52848,
2006-07-26,185.9537811279297,192.9716356183197,184.07468769830683,185.22515449642125,109674,
2006-07-27,192.9716644287109,202.36714468271035,186.3756491201513,187.6795093453814,251055,
2006-07-28,200.9481506347656,203.97772181029111,191.74441854462367,193.27837389298068,171505,
2006-07-31,200.2579498291016,206.93064403037965,197.5351640301459,204.0161371479331,253728,
2006-08-01,197.42010498046875,205.55007532767567,193.6235667506816,202.13701434124152,154934,
2006-08-02,201.25498962402344,203.0957318418957,196.38467543880407,199.26084246870047,101616,
2006-08-03,205.51174926757807,211.302423376908,200.21958273381685,203.1724524967524,205173,
2006-08-04,201.98358154296875,207.6975513519301,200.1811792705749,207.08397855576712,76437,
2006-08-07,199.490966796875,202.4054736052061,194.1221212189846,201.7151981407392,36213,
2006-08-08,201.8302154541016,205.3199786965017,197.49679530631167,200.94819561263563,81663,
2006-08-09,212.18443298339844,213.21985783761247,199.41425553158004,202.4054646832921,157276,
2006-08-10,215.4824066162109,221.65656809509275,206.3170132096192,210.91887967526128,230451,
2006-08-11,219.12559509277344,221.656612796788,211.68590011042727,221.656612796788,194934,
2006-08-14,223.4206695556641,225.4915194024966,218.5887177881345,221.11973568421,131716,
2006-08-16,218.5503845214844,228.5594377868754,217.1314705787937,225.8750148598484,75706,
2006-08-17,218.2052154541016,228.559417241906,213.2198590377513,222.4235939602441,97307,
2006-08-18,213.948471069336,225.49147783403208,212.45285496607784,220.122633123698,131765,
2006-08-21,209.19325256347656,217.82175518983445,207.1607655149745,208.69472153743817,83172,
2006-08-22,214.0635223388672,216.13434848739985,209.3849527786686,209.3849527786686,147998,
2006-08-23,214.02517700195312,217.05474911717195,208.61799208434903,215.4057512874728,98697,
2006-08-24,212.06936645507807,213.9868109980716,209.00145518628847,213.2198331808742,61389,
2006-08-25,217.4381866455078,224.7244750868917,213.14310667248407,214.5620201554879,244104,
2006-08-28,214.2552947998047,221.2347988190968,212.83638091245973,220.96635185560297,85228,
2006-08-29,213.68003845214844,220.73622078557943,212.68295318114903,217.36152285165096,97782,
2006-08-30,221.5415496826172,223.11384486312,208.88641555583035,215.520769068309,304473,
2006-08-31,215.67420959472656,223.7658176306726,213.2198707843256,223.7658176306726,143429,
2006-09-01,219.7333068847656,222.7872917597752,216.1767463309284,217.1818504983792,110142,
2006-09-04,236.8588714599609,238.67581215691868,219.7332881316109,219.7332881316109,544819,
2006-09-05,236.8202209472656,246.60076843704044,230.5962576311384,237.36144540740816,589901,
2006-09-06,235.0419311523437,241.1499239862958,232.76108718502925,236.58825964676709,196472,
2006-09-07,236.66567993164065,245.479751323118,231.1762067578339,236.89761986492547,340818,
2006-09-08,236.39491271972656,242.61887400088344,234.50065132367288,238.1345318648431,149196,
2006-09-11,224.87481689453125,238.44383944438985,222.28471205246527,238.44383944438985,210602,
2006-09-12,227.19435119628903,229.24323202487685,218.18699114940824,224.9908280581422,136646,
2006-09-13,231.8719787597656,237.6707112575679,228.0834782468888,233.3796586472354,133340,
2006-09-14,258.46881103515625,265.1953497526369,199.36041560449385,235.58316707544137,1222752,
2006-09-15,258.5461120605469,265.54326245222114,249.73204461662704,262.68254538235,895660,
2006-09-18,259.8218994140625,273.5455681601564,258.3142429201468,259.0100861938853,652455,
2006-09-19,254.8350067138672,265.96857004316445,250.8145421472652,262.1027478041649,434803,
2006-09-20,259.66729736328125,266.3165166624446,250.46664469815303,252.05162245653912,381226,
2006-09-21,260.9042663574219,264.8087360939057,258.9326835082767,262.3346012383465,216517,
2006-09-22,261.0975952148437,269.06117811764113,258.23687784854064,259.7832064584121,362841,
2006-09-25,255.4921875,262.87589814212646,253.6752464261731,260.55640492322533,135947,
2006-09-26,253.0180053710937,259.7058715350681,248.95889298546123,258.23686415262125,146317,
2006-09-27,249.8866729736328,255.8400230159057,244.31988142712729,255.2601498796072,205354,
2006-09-28,262.2186279296875,263.6489863871713,250.5438440480688,250.5438440480688,373959,
2006-09-29,263.6103820800781,266.7416881111683,259.783209290877,263.6490308577055,261827,
2006-10-03,261.7547302246094,266.2390967374311,259.8604920934588,263.6489919508589,78889,
2006-10-04,259.0487365722656,263.4557833249142,257.0771766853528,263.0692011043347,125289,
2006-10-05,258.9714660644531,262.875937462246,257.6957257271523,261.21363845908,71155,
2006-10-06,265.31134033203125,270.53019966204613,259.0873767913141,261.097608807822,195432,
2006-10-09,263.5330810546875,269.8343659708014,261.3295578743005,263.64905099152804,144105,
2006-10-10,268.4426574707031,277.0634347953583,265.58194008991785,268.0560753162782,279538,
2006-10-11,267.9400634765625,282.12763229306626,266.7416683178125,272.8496612211424,150720,
2006-10-12,266.2004699707031,270.99409826536413,264.3448802936128,270.4915461687713,114536,
2006-10-13,266.00714111328125,271.9218662870432,261.3295070087096,268.9451793136342,84136,
2006-10-16,262.45068359375,268.8292903452144,261.32958569635906,264.4222435152509,68810,
2006-10-17,258.0821838378906,265.7365277991444,256.6904978058976,265.7365277991444,85300,
2006-10-18,253.6752014160156,261.2522018153132,252.16752165319883,261.2522018153132,50928,
2006-10-19,246.09814453125,258.62341345500226,244.31987638798407,256.6905030405404,113888,
2006-10-20,247.0647125244141,254.1391867469459,245.1318012275712,251.278468589575,96394,
2006-10-23,246.4847717285156,254.0617960970959,243.9333389524736,253.21131064004783,56380,
2006-10-26,248.34039306640625,252.4381545910996,242.0004361011154,246.639422096664,131131,
2006-10-27,247.6444702148437,250.50518703569784,245.8662020905924,248.95885872066268,75837,
2006-10-30,251.4717254638672,255.840099680652,245.2477613739028,248.1471279242164,396654,
2006-10-31,248.2244110107422,259.7832277551514,245.86626912541115,259.7832277551514,221831,
2006-11-01,261.9867553710937,264.0356362628977,248.1857664433094,248.92028204372232,465794,
2006-11-02,270.4915771484375,275.1692124529934,262.8759028898144,263.6490673100786,399735,
2006-11-03,260.2084350585937,271.38066860293776,257.8502933876916,270.76214660256727,213932,
2006-11-06,260.1311340332031,264.1902465436047,259.010036378004,262.1026935287861,143949,
2006-11-07,269.6410217285156,270.49150708954664,258.43014053836947,262.4119315524015,423410,
2006-11-08,260.32440185546875,271.5352830258065,256.0719986529268,271.3806407440379,151802,
2006-11-09,261.40679931640625,264.422134730276,260.5563140470848,262.7211641916331,87779,
2006-11-10,273.9707336425781,275.2464498286632,260.5949790865419,264.4221512398955,355434,
2006-11-13,273.73883056640625,279.11233227398844,273.7001817866812,274.086763964346,266423,
2006-11-14,275.8263854980469,281.4318271094298,269.1771672813858,273.70018350752235,268820,
2006-11-15,273.7774658203125,276.79280167823407,272.1538161752469,275.2464731772384,123724,
2006-11-16,273.0043029785156,287.2305205420634,270.6461378452688,273.7001460885341,487478,
2006-11-17,278.1845397949219,282.12768292719494,274.0867779407606,276.01968892764893,281081,
2006-11-20,268.635986328125,280.65868358353737,257.850333264765,277.1021225436229,114289,
2006-11-21,272.07647705078125,276.01961918675465,267.5921341322853,271.3806339903386,70330,
2006-11-22,270.0662536621094,278.3391202864406,267.7467609930557,275.78768778852145,135751,
2006-11-23,274.7826232910156,279.1123486539764,269.06121144483046,271.38070464694107,237397,
2006-11-24,273.19757080078125,277.56594374799033,268.3652946213245,277.56594374799033,199050,
2006-11-27,274.8598937988281,280.65862573551226,272.2311400398848,277.56596870261404,106621,
2006-11-28,274.2800598144531,279.576240459419,264.4222141128766,272.23117895628354,239989,
2006-11-29,281.4317626953125,282.5915089701558,275.2078004583594,277.5659417791681,299340,
2006-11-30,283.82861328125,285.64555406706745,281.3544781352303,281.3544781352303,197584,
2006-12-01,282.3596496582031,285.9161870389995,279.2283196662779,285.80021709747007,115724,
2006-12-04,273.816162109375,283.75132917131526,272.9270277860335,275.3238420975096,141233,
2006-12-05,274.0094299316406,279.0349980050867,272.3084825869204,275.8650195782002,198067,
2006-12-06,266.6643371582031,280.65861438513184,265.5819119594843,279.1122859312193,89626,
2006-12-07,262.72125244140625,274.3960395452997,261.3295659660197,268.28804553316223,75810,
2006-12-08,261.4455261230469,267.90145330999985,259.4352940487418,265.1953780240403,52682,
2006-12-11,249.61610412597656,265.1953603735045,242.0004308947724,255.5694552017897,71107,
2006-12-12,246.8714141845703,257.0771949718728,224.21770388524243,244.93850294418027,151170,
2006-12-13,257.6183776855469,263.6490503373328,231.9493111472136,248.95892729800929,118944,
2006-12-14,265.6205749511719,269.0225166079615,260.7882982740286,266.7416725783095,145341,
2006-12-15,266.393798828125,268.9065832625033,260.55641673399634,265.9685678234265,51987,
2006-12-18,266.35504150390625,267.12820563018755,262.29592984092943,262.8758029356404,112613,
2006-12-19,263.4556884765625,270.60745698252936,260.5563228660354,265.1953078428787,194981,
2006-12-20,257.3477783203125,267.9014677868334,253.59792621668493,265.1953923546432,51121,
2006-12-21,254.8735809326172,262.48925323443285,253.5978646859911,257.6183280763698,69705,
2006-12-22,253.7525177001953,258.93270404696324,251.43302493728712,254.37103966559727,57162,
2006-12-26,265.31134033203125,267.51486343483595,253.98448739405669,261.2135787405794,64750,
2006-12-27,259.47393798828125,270.02762572791835,258.23687041696417,267.5148418091904,33481,
2006-12-28,258.5461120605469,269.8343144619283,257.0771047524101,269.8343144619283,48265,
2006-12-29,262.7598571777344,266.8189692136568,257.88890857756815,261.174856416172,35973,
2007-01-02,258.9714660644531,264.61555763662847,258.23695033055924,262.06412415224423,55442,
2007-01-03,261.4841613769531,262.8758476026918,260.2470938456851,262.10268334503684,90030,
2007-01-04,255.29885864257807,264.42218784964206,253.59788776222985,262.87585926572604,35940,
2007-01-05,256.1106872558594,262.1027108822229,255.1442318322524,256.6905605100236,26727,
2007-01-08,253.3272705078125,258.6234505215186,251.70362080793967,256.6905398300274,23802,
2007-01-09,252.6314392089844,257.3863950137137,251.6649838179783,257.3863950137137,50422,
2007-01-10,252.67010498046875,257.4637334803058,248.95892546744287,256.45862924409994,34924,
2007-01-11,252.3995513916016,253.984529121593,247.4126311077923,248.1857955800041,22343,
2007-01-12,259.2806701660156,260.94296880381927,252.90206426192225,252.90206426192225,39225,
2007-01-15,269.5637512207031,271.3806921980298,260.1698089020998,261.3295554499546,158189,
2007-01-16,277.4113464355469,282.127653470144,267.51485265401726,272.9270028522199,188800,
2007-01-17,282.1276550292969,284.52446913505287,276.01966163373334,280.658647543544,200059,
2007-01-18,283.2100524902344,284.911023261177,279.1122914444638,283.0554337988488,84689,
2007-01-19,283.7899475097656,287.5397990921476,278.339148620652,284.52446303444424,68978,
2007-01-22,283.9059143066406,287.61709316753667,279.8854508780868,282.97810779386674,74892,
2007-01-23,260.2471008300781,279.1896256509959,257.6956445542815,279.1896256509959,304794,
2007-01-24,251.62635803222656,269.71839988596315,249.8094170120954,259.0100684561435,138178,
2007-01-25,249.5774078369141,255.1441998164029,248.18572163959192,253.2112892117332,170965,
2007-01-29,250.31190490722656,257.4636736188616,249.73203176844527,250.5051959534869,51131,
2007-01-31,239.2170562744141,253.5205974133234,236.5883020814192,252.7474330274364,92616,
2007-02-01,241.923095703125,252.39948573337216,240.45408830708584,243.54674539142133,297784,
2007-02-02,251.74237060546875,256.65196999088766,243.54682203387847,243.54682203387847,324574,
2007-02-05,252.1675567626953,255.53082652064137,249.73209369490823,253.94584898631604,54943,
2007-02-06,255.14422607421875,257.23177918013977,250.1573067629089,253.9844795920632,260576,
2007-02-07,250.46661376953125,257.4250932848373,249.0749037094072,255.762770968986,41071,
2007-02-08,247.3739318847656,251.278402235304,244.31992340417253,250.50523792073383,70499,
2007-02-09,240.7633514404297,250.50522606185544,239.1397017376752,250.50522606185544,46869,
2007-02-12,222.59396362304688,241.22722515708497,220.42911334813803,241.22722515708497,71109,
2007-02-13,227.42626953125,235.0419424514097,216.4859996262984,221.12498533257624,53009,
2007-02-14,219.07606506347656,225.60928792745463,210.30064730436683,224.1402807719216,109219,
2007-02-15,225.3773956298828,231.83332231634583,224.2176491686656,224.2176491686656,86562,
2007-02-19,223.8310394287109,231.0987783042676,220.3518004738605,228.7792856677005,45743,
2007-02-20,221.1250457763672,228.4314596989791,220.3518812806456,226.5371972464181,102042,
2007-02-21,218.14830017089844,224.2176445793955,217.7230692485299,221.5115695586097,35036,
2007-02-22,204.34732055664065,220.35183143580883,201.4093055755376,219.5786671149814,168215,
2007-02-23,195.33995056152344,209.2955799681936,189.4639091139025,207.9811912545666,132451,
2007-02-26,198.8578491210937,206.04826701218448,191.0102251188352,199.86295318067425,77617,
2007-02-27,206.6281280517578,208.67700841912605,198.1619708039271,203.1102404546784,59875,
2007-02-28,207.4786376953125,214.16650394795207,181.9255560741424,201.02271128688648,253961,
2007-03-01,193.4070587158203,208.6770547295645,187.87893829568807,204.96587526299976,150654,
2007-03-02,182.42811584472656,202.5690483980082,180.6498355794323,197.1568982499698,152421,
2007-03-05,171.33323669433594,185.55945701297645,163.1376892905751,177.9051341302122,173727,
2007-03-06,174.50318908691406,181.6162986516709,164.10413107888158,179.76070895566534,108506,
2007-03-07,166.46226501464844,179.29678445760135,162.3644921392432,179.29678445760135,143341,
2007-03-08,177.98243713378906,179.37413537117934,163.1376834625812,167.77666972218066,190330,
2007-03-09,159.69711303710938,184.01313164496983,156.68176472573998,177.90513745644785,518003,
2007-03-12,156.99099731445312,166.23030738888343,154.86479570831625,163.9108147276432,231618,
2007-03-13,157.3775634765625,167.6992976945829,155.48331368801632,156.37244773237006,246452,
2007-03-14,153.78236389160156,157.22295422615886,149.22069955681232,156.1018566308266,190496,
2007-03-15,155.36740112304688,158.8853018943299,154.67155780457497,155.79264394991472,122276,
2007-03-16,152.58396911621094,156.95234239994804,151.07628939403338,156.17917815167243,95790,
2007-03-19,156.68174743652344,159.1172221651405,152.39069482441278,154.1689633531012,264205,
2007-03-20,160.19964599609375,163.67888546327626,159.65843332737563,159.65843332737563,135628,
2007-03-21,154.67156982421875,162.28723352562778,153.12524073184477,162.28723352562778,163732,
2007-03-22,159.34915161132812,160.8181589209127,155.40600934184351,155.40600934184351,227666,
2007-03-23,152.5453338623047,164.25876944874423,151.07631446823711,159.42649209500644,442858,
2007-03-26,146.78524780273438,156.48845037786506,145.50951962287047,153.47311431191585,196772,
2007-03-28,141.17982482910156,145.89612061295497,140.32933926604392,145.35490788989674,396630,
2007-03-29,145.16159057617188,146.86254959758097,138.93761589102564,142.2622245859687,251006,
2007-03-30,147.05584716796875,148.44754526433204,144.1951416239475,146.5146345187027,88530,
2007-04-02,144.65902709960938,145.31620959362647,140.25198170449144,140.71588494530894,55592,
2007-04-03,147.09449768066406,148.06095298737011,143.03538539249857,144.6590350267848,53127,
2007-04-04,144.7364044189453,146.90126756360416,140.7159510346103,145.31627784353847,144860,
2007-04-05,144.62037658691406,147.519742549773,142.26222324427874,144.1951338861847,257615,
2007-04-09,149.02740478515625,149.9938600691067,144.77500153577435,146.82388201872934,165962,
2007-04-10,149.4140167236328,155.406040680208,147.2878146745255,150.53510271728803,270014,
2007-04-11,151.11497497558594,152.31338211826034,147.82902637658793,149.60730680143843,134646,
2007-04-12,151.19227600097656,152.31336183773405,148.4475404712941,148.4862010444686,76484,
2007-04-13,155.86988830566406,157.72547743886682,150.14846684945087,150.76700049303446,222452,
2007-04-16,161.16607666015625,162.673744504956,157.95744991872218,158.11208040067993,284734,
2007-04-17,170.7919921875,172.68625419421898,159.65843078857617,161.5913415729415,304062,
2007-04-18,175.23768615722656,180.4178964727034,173.96196976463966,173.96196976463966,214163,
2007-04-19,172.1836700439453,177.67314074439554,167.96992738954043,167.96992738954043,110168,
2007-04-20,176.4360809326172,177.82777895350247,173.2661145602371,175.89486831270352,183572,
2007-04-23,179.0648651123047,181.4616674777253,175.5083044441947,178.48499185973577,175712,
2007-04-24,180.6498413085937,181.3070357092897,175.50830322391803,176.28146755530094,79230,
2007-04-25,184.5156707763672,191.5901317865254,177.40256098604488,181.69362556637824,220295,
2007-04-26,182.89198303222656,190.19838192977525,178.7942106555306,187.29901635157748,78821,
2007-04-27,186.10064697265625,188.6520915540034,180.1472841478803,182.5054376518156,68864,
2007-04-30,184.6316680908203,185.9460452612228,181.69364089973948,184.94092914354337,48599,
2007-05-03,188.57476806640625,190.19841781555948,184.01310341505348,188.65208921543297,73012,
2007-05-04,188.6521148681641,196.15180723906823,187.492368260368,191.35819028635493,165949,
2007-05-07,185.90733337402344,191.04888248885183,183.6265012963784,190.97156134823348,57808,
2007-05-08,178.44631958007812,188.49745529874096,177.05462150567618,184.01310008013508,50093,
2007-05-09,180.7271728515625,181.69362832135693,174.15527565696024,177.86646702048137,53711,
2007-05-10,186.10064697265625,192.6725436046605,182.4667770768229,184.74760943077305,123339,
2007-05-11,186.6805114746093,189.4252470050084,181.11373106499272,184.7476007908848,49688,
2007-05-14,183.5105438232422,189.3479246116053,182.0415246347561,188.65208148906748,68810,
2007-05-15,180.7271728515625,185.4821290439304,179.83803853837247,184.6316553090425,47461,
2007-05-16,185.55943298339844,189.34793335445573,180.9977683082436,182.46677576700847,137659,
2007-05-17,190.3917236328125,193.2910899825508,184.9795731133011,189.03868600293464,225593,
2007-05-18,199.4764099121093,205.5844037911725,190.1984373580578,190.97160173756208,528933,
2007-05-21,203.07159423828125,206.04828144725244,198.3166386162111,202.56904217328383,666962,
2007-05-22,197.4275054931641,203.3422075723509,196.38372898622484,202.95562542867725,90402,
2007-05-23,190.5076904296875,200.249565923358,189.425265062636,197.93007288177472,109536,
2007-05-24,184.0517425537109,191.7447240838557,183.1625966336633,190.5849777688324,91708,
2007-05-25,183.85850524902344,187.8016367942785,182.4668069046469,182.4668069046469,101145,
2007-05-28,185.8299865722656,189.7344556379053,184.7862103720656,187.10570255246807,46824,
2007-05-29,198.8578491210937,200.2495352951437,185.55941494530688,186.33257917424564,361176,
2007-05-30,193.5616607666016,202.5690189113898,188.6520634136608,200.2495263284349,312457,
2007-05-31,190.9329071044922,196.3837173673074,187.26037695687523,196.3837173673074,289639,
2007-06-01,190.5076904296875,228.856646769552,189.425265062636,194.06425114580256,129982,
2007-06-04,187.33767700195312,196.07443430764368,186.3325612415553,196.07443430764368,88797,
2007-06-05,184.3996734619141,188.8067073235064,182.1961506323428,188.8067073235064,119486,
2007-06-06,175.89488220214844,187.0671042286648,172.10638176604573,186.0619882565708,91145,
2007-06-07,173.3434600830078,180.06998815726135,172.06774351286677,173.11150839819507,134758,
2007-06-08,168.39520263671875,173.11149822894495,167.00350440714877,173.11149822894495,101123,
2007-06-11,162.98306274414062,173.18883076924635,160.8955211613433,171.4105502366587,151158,
2007-06-12,166.07569885253906,169.32298664792043,156.1791931638353,163.91083638976772,301602,
2007-06-13,162.40316772460938,170.86931466644563,161.20476066947472,169.168355522489,160710,
2007-06-14,170.94664001464844,172.18369587810304,164.02680974487552,165.07058632119646,160995,
2007-06-15,167.58340454101562,174.50322442206812,166.42365779678713,173.18884713811994,85042,
2007-06-18,167.35142517089844,169.5549483397306,166.69424253632803,169.32299666971377,69252,
2007-06-19,178.05975341796875,180.1472948181537,167.0035007756275,167.77666513107022,195661,
2007-06-20,182.9693145751953,187.87891226915,176.28144854883206,180.53385191294865,653760,
2007-06-21,197.85272216796875,198.70320754183703,182.8920013634849,185.482094461084,525097,
2007-06-22,188.57476806640625,199.47638941631843,187.10576061530648,198.70322511625525,181799,
2007-06-25,190.66232299804688,196.38373415601265,189.4252553867051,191.0489051518973,372151,
2007-06-26,199.63104248046875,201.02272885759544,190.1984280729557,192.4792605216373,399005,
2007-06-27,202.9942779541016,207.98119713763583,197.1568969148593,200.5974874951397,549591,
2007-06-28,208.7930145263672,213.3160305032725,205.50706617662183,207.0147460339577,1320197,
2007-06-29,206.78282165527344,212.54288209540056,203.3422307464272,209.6048669066878,454556,
2007-07-02,206.3189392089844,211.15121704508056,204.27005812550087,208.75440251935555,377147,
2007-07-03,208.2383575439453,211.92053537455908,204.0861348061835,206.82817500511496,144767,
2007-07-04,220.3816070556641,227.55010038120847,206.98480554917023,209.41344981191028,1124583,
2007-07-05,215.2109832763672,220.93008586470728,204.55619421179185,220.93008586470728,532411,
2007-07-06,223.0845184326172,226.0224181485867,213.0956593983209,215.4459791710965,746949,
2007-07-09,222.6928100585937,229.3128873265382,217.7963102771823,224.0638299973889,366132,
2007-07-10,215.0933990478516,224.7688858778492,213.8790768562814,222.49691511788976,105784,
2007-07-11,224.4164123535156,226.4141749217005,214.2708541214017,215.05429417303387,360450,
2007-07-12,227.4325714111328,231.11474814849856,217.16952884063983,219.20645325669472,391389,
2007-07-13,228.764404296875,237.303892689234,227.35422232701148,229.5478440376177,396928,
2007-07-16,228.5294342041016,234.9928135434405,226.6883456105521,229.93961649648173,418575,
2007-07-17,230.0963592529297,240.24189386405808,228.17692150852216,231.8199130701813,358816,
2007-07-18,235.7762451171875,238.8708183461137,224.10297159664896,229.5478884108247,281776,
2007-07-19,244.00245666503903,247.17537987009868,236.59893730830365,236.91230860246927,551337,
2007-07-20,231.4673309326172,245.9217829243837,230.3313334998398,245.8434341516597,411821,
2007-07-23,231.42811584472656,234.24850395163384,221.98767566700624,232.83832185252305,438586,
2007-07-24,222.1443786621093,234.24853493017065,220.2249652127444,234.24853493017065,337835,
2007-07-25,209.0609741210937,218.3839055774604,205.30044767983617,211.72466540738537,456608,
2007-07-26,216.62112426757807,220.53832362142225,208.78672555989,209.9618853660432,728714,
2007-07-27,200.7564697265625,211.2545593617457,199.15041557788123,211.2545593617457,332950,
2007-07-30,205.88800048828125,211.13705749219352,198.40615884934329,203.69437828560413,274627,
2007-07-31,211.1370849609375,214.5058674766148,207.6116048781018,209.17848491491768,400685,
2007-08-01,200.1297302246093,209.96190385965235,197.8185847931426,209.96190385965235,188847,
2007-08-02,202.91094970703125,208.7867494089723,199.8947010782968,203.69438966729007,400469,
2007-08-03,214.6625213623047,216.15105231264164,206.04468291345304,207.2198427019328,499193,
2007-08-06,218.42306518554688,219.36320276085576,204.55619135623635,204.67370257597705,266734,
2007-08-07,219.1673278808593,226.4141474801372,218.07051672324724,223.2803876534224,290873,
2007-08-08,223.90708923339844,227.1975460150213,222.69276708541312,224.45550666656413,234866,
2007-08-09,214.2708282470703,228.72530501770703,211.7246483867304,227.19758753802705,140522,
2007-08-10,214.15335083007807,215.3676733916232,200.5606606488929,203.8902809916968,98526,
2007-08-13,217.16954040527344,223.1236642595561,212.31220367289825,212.31220367289825,176251,
2007-08-14,213.2523651123047,218.5797472377781,212.50808759228428,218.42304968345064,75302,
2007-08-16,204.47781372070312,211.48961038303017,201.22654292029168,207.72908452111457,145694,
2007-08-17,203.77276611328125,207.376595201537,197.426896791806,204.47785739151328,149076,
2007-08-20,204.83038330078125,216.22942494356963,203.69438581640617,206.0838680865458,79951,
2007-08-21,187.90806579589844,208.3558520763628,186.4586971914541,207.61157460393,156509,
2007-08-22,193.5880126953125,196.4867380635704,184.8918246361943,187.2813188285056,180092,
2007-08-23,204.71286010742188,208.82592006062592,198.993757735967,198.993757735967,561471,
2007-08-24,215.8377227783203,217.0128827934473,204.4778426320929,204.4778426320929,358097,
2007-08-27,216.97369384765625,220.1466159373706,214.8975589476304,217.83545862650988,137372,
2007-08-28,218.46218872070312,220.14657947588125,215.2500808220583,217.01282033743456,93627,
2007-08-29,227.5109405517578,229.54788905893307,214.6625310653504,215.44597095974947,315845,
2007-08-30,224.29884338378903,231.89822030174776,222.84949863385464,231.11478036829592,241393,
2007-08-31,228.0985412597656,229.4695611999086,225.66987258406,226.4141501150423,117154,
2007-09-03,231.9765472412109,237.96985738623803,228.7644390346716,228.7644390346716,164668,
2007-09-04,239.73263549804688,242.7880466589308,228.76447570401857,234.2485556010327,217520,
2007-09-05,240.59439086914065,245.2166813590269,237.49979379330725,240.4376933303563,234119,
2007-09-06,250.42657470703125,250.70078347069028,235.22784449085864,235.22784449085864,325539,
2007-09-07,250.93582153320312,255.40143908060432,247.6845503266453,250.7007990975257,216245,
2007-09-10,247.3319854736328,254.6179669648438,243.767319590912,243.767319590912,179719,
2007-09-11,245.13829040527344,253.83447632020227,243.649759677725,248.0370270131442,226163,
2007-09-12,243.8065643310547,249.0555985621325,242.8664266643601,249.0164361213094,80922,
2007-09-13,247.01856994628903,250.2306780454701,238.949149224478,243.64978822561525,265212,
2007-09-14,242.1221160888672,249.91735344797792,239.2234025100769,247.5670335095957,118218,
2007-09-17,246.6268768310547,248.3504542155848,243.1013971970795,243.80651225082568,91216,
2007-09-18,246.35264587402344,249.0554987422693,245.21664864112591,249.0554987422693,37429,
2007-09-19,249.6039276123047,253.8344977937975,248.4679303272224,253.7169866043338,91286,
2007-09-20,251.6016845703125,258.1042491930325,248.38957663944453,249.91729379823693,196319,
2007-09-21,251.4450225830078,257.59500611131153,247.76284582466872,247.76284582466872,109720,
2007-09-24,250.5832977294922,254.4221490848305,248.42883765256136,251.4842489799248,55527,
2007-09-25,246.7444000244141,252.463501590848,243.06222302113449,248.7421621570031,81989,
2007-09-26,258.77020263671875,270.2476168854774,245.334212446512,246.7835811173518,642070,
2007-09-27,259.2011413574219,270.28681311352807,256.184892429344,266.3696129234769,155818,
2007-09-28,263.9408874511719,266.36955583018454,258.5351571292968,260.8854767395631,303323,
2007-10-01,275.0657653808594,278.8262674974628,258.5351780054403,265.58613740558866,274077,
2007-10-03,269.6208801269531,280.07980925427063,264.01928872360617,278.9046492154415,295579,
2007-10-04,274.98736572265625,278.7087047174785,266.5653879975322,270.28672699235443,142942,
2007-10-05,267.6230773925781,277.72944742547696,266.3695687578622,270.286768298419,72554,
2007-10-08,254.422119140625,272.63709764722864,242.0829401522806,259.0835963219198,235263,
2007-10-09,263.8233337402344,266.9570927156195,236.59880264157616,256.9682359815794,156537,
2007-10-10,263.1966552734375,272.637096910453,258.53517810473994,268.7198972421994,693475,
2007-10-11,274.9482116699219,280.2755928296955,262.4523371011824,267.70139340668027,151870,
2007-10-12,281.7250366210937,293.7900081750786,275.77088767367377,282.03840784807545,526330,
2007-10-15,287.0915832519531,293.0065453936155,284.38870582321505,287.52246566699705,163737,
2007-10-16,293.7899475097656,300.449186319987,282.9001382371411,289.87274820963546,259038,
2007-10-17,279.0221862792969,285.95563593227024,235.9329808648452,285.95563593227024,89269,
2007-10-18,258.77020263671875,292.5364688348308,253.05110063779244,279.68805859966534,187560,
2007-10-19,243.1014404296875,260.88553930945494,238.9492176858371,255.4014589035505,100164,
2007-10-22,254.5004425048828,290.9695583100779,216.42526064651045,220.26411116673827,71603,
2007-10-23,257.2425842285156,267.1530975829168,252.2677343744845,260.7288786347463,101930,
2007-10-24,259.0052185058594,289.05014145553406,256.77241015753475,263.000766512016,67281,
2007-10-25,257.5557861328125,267.1529218898527,246.8226533145279,267.1529218898527,407202,
2007-10-26,274.2038879394531,277.3376466587612,257.9866770035614,260.88541338239395,111951,
2007-10-29,275.6533203125,281.9208392104568,267.93643288765327,275.1049028454539,111203,
2007-10-30,276.12335205078125,280.4714331407466,268.05390820459405,279.6879933833702,185758,
2007-10-31,277.2201843261719,285.6029760319013,274.3997962001929,279.9230373525254,332635,
2007-11-01,262.4915771484375,284.38873593918817,260.8855346218999,284.38873593918817,188468,
2007-11-02,252.150146484375,261.39472810341016,245.21669831575403,260.10205699945794,305421,
2007-11-05,238.8317108154297,257.51676132097856,236.59890182770107,251.48426320096704,215456,
2007-11-06,243.7672882080078,250.309015298806,240.5160178301516,246.7835362100904,179182,
2007-11-07,242.7880249023437,248.70301060643027,241.4561913919167,248.3504530811676,36809,
2007-11-08,242.86639404296875,246.70524516707107,231.898234311996,236.5988741966986,108623,
2007-11-12,239.5367126464844,240.47684994561084,233.465054353728,236.59881347257,42982,
2007-11-13,250.4657745361328,252.0326545171941,238.94919711185548,239.1450571094881,90466,
2007-11-14,250.0740661621093,258.30018644495914,247.7237460812952,257.7517688626256,150011,
2007-11-15,252.18927001953125,255.0096581168464,248.3504197328427,253.6386384495515,32303,
2007-11-16,259.2402648925781,264.0192531890132,249.91733462105404,250.4265657876037,94042,
2007-11-19,289.716064453125,294.9651213284208,262.5698767938805,264.0192453855985,422177,
2007-11-20,277.29852294921875,301.62431884026483,271.2660270089395,289.7943732416759,562099,
2007-11-21,260.14129638671875,285.09387034332264,255.16647048195247,285.01552154533573,375702,
2007-11-22,253.16860961914065,269.50333700727896,246.8619277206728,268.7198970741183,181372,
2007-11-23,254.34378051757807,266.3695887933698,250.7007894525833,264.8027088592912,95582,
2007-11-26,266.0169677734375,269.85584182293235,257.35996776667764,261.98225768759943,140321,
2007-11-27,263.2749938964844,269.50335125792725,261.6689515120573,266.36959135957926,49278,
2007-11-28,257.3209228515625,267.93652715641593,255.40148495026784,266.36964688064745,50065,
2007-11-29,257.9867248535156,264.64596336716403,252.5026460775699,261.668901595125,151565,
2007-11-30,269.2291259765625,272.63709443878514,262.4523753936581,265.58613509985105,392954,
2007-12-03,279.1788330078125,282.70431280861885,271.0702246842199,277.7294643079652,227442,
2007-12-04,267.8973388671875,285.1721826774397,266.5263187581614,278.1212221167338,231165,
2007-12-05,267.8973388671875,274.5957418363808,265.58618111992325,274.12567301726176,185369,
2007-12-06,267.2312927246094,281.2548589020561,264.80262481586345,267.8972212669776,111413,
2007-12-07,262.6482849121094,271.8537057852407,215.44602043498904,215.44602043498904,72423,
2007-12-10,256.1457214355469,265.5078152318557,254.18712140593937,265.5078152318557,222730,
2007-12-11,264.5284729003906,271.0702007345368,258.5351625502808,260.1020423233128,178300,
2007-12-12,265.6644592285156,267.8580812558724,261.66891119204934,261.66891119204934,90279,
2007-12-13,262.8832092285156,275.5357808319666,261.66888713015794,269.50328494842614,379188,
2007-12-14,275.2223815917969,277.2201673501756,262.8440427913273,269.5032808352209,379993,
2007-12-17,259.12274169921875,283.3702156786904,254.6179623650676,275.7708392384732,339478,
2007-12-18,257.7516784667969,267.5446753690308,255.5188703913508,267.5446753690308,87914,
2007-12-19,258.0650634765625,268.48482708660475,255.40137295751563,264.8026504896941,89313,
2007-12-20,251.05332946777344,264.0192504532639,248.50714975271973,264.0192504532639,190806,
2007-12-24,250.034896850586,259.2403177942796,248.58552792026563,252.89444836199456,124392,
2007-12-26,255.55807495117188,257.751696850253,251.4841783858092,254.14786895146065,74163,
2007-12-27,255.3622436523437,259.3186055634774,249.9173268119314,258.53516566751523,919012,
2007-12-28,258.22186279296875,259.2403253636372,247.1753525562592,247.1753525562592,56891,
2007-12-31,258.8486328125,263.94099402425104,256.65500985399376,260.1021418925166,113955,
2008-01-01,260.45458984375,262.7657230750961,258.7310125960622,261.19884336217524,60836,
2008-01-02,262.3348693847656,268.8374113404928,256.96830099983003,259.3969696019932,355006,
2008-01-03,261.1205139160156,268.7198906494613,258.7701941727259,262.452371334022,316732,
2008-01-04,258.5743408203125,267.7405976175114,254.6571411477813,264.72434908792445,146928,
2008-01-07,252.3068084716797,260.7679736778759,250.7007662513572,258.5351651967121,304925,
2008-01-08,248.4288024902344,256.9682928047521,245.25585648081605,254.61797305348912,92943,
2008-01-09,244.8640899658203,253.0510451062613,241.2994485842988,248.35040649747629,141496,
2008-01-10,233.5826110839844,247.56701866029928,231.5065000446786,244.43325893042208,160541,
2008-01-11,224.2596893310547,236.5988687440297,220.14662952672967,236.5988687440297,107381,
2008-01-14,223.98538208007807,234.87518799221843,221.7917607124095,234.87518799221843,164061,
2008-01-15,221.6350860595703,230.21376032686896,219.558975639011,219.558975639011,132101,
2008-01-16,210.4711151123047,220.61667093532864,208.39500425019625,218.57972250302527,444954,
2008-01-17,213.2131805419922,215.44598921192656,208.3950295649908,215.44598921192656,182288,
2008-01-18,214.5841522216797,221.7134590433257,208.39498270503407,208.39498270503407,206889,
2008-01-21,184.891830444336,222.49694850081104,158.25487182099943,222.49694850081104,319561,
2008-01-22,151.00804138183594,183.324937397404,133.2239579653498,157.47142058494956,252151,
2008-01-23,183.4033050537109,203.69439585951696,155.12111684686292,156.72717120508588,331864,
2008-01-24,158.25485229492188,195.85996571153697,157.9023067475098,195.85996571153697,224672,
2008-01-25,174.15872192382812,179.4077677599981,165.30584715004193,168.20457288455256,319313,
2008-01-28,170.7115478515625,172.35677640810476,164.48320309495662,168.4395769442842,81753,
2008-01-29,180.7787628173828,182.4631538755469,170.12397504835826,173.1402235434089,94923,
2008-01-30,177.3316192626953,184.73512363942123,173.14021117866878,176.3131450413638,146039,
2008-01-31,177.5275115966797,184.656808537117,171.65171150351085,179.32941406177474,701179,
2008-02-01,169.8105926513672,186.4586899701287,166.52014757217486,180.1911709795361,128158,
2008-02-04,176.78317260742188,180.50451137364607,173.96279671509907,173.96279671509907,127611,
2008-02-05,187.12461853027344,189.3574149967014,177.05741137604824,177.84085124939358,174014,
2008-02-06,180.50454711914065,184.8918153151357,170.00645730247652,184.8918153151357,81766,
2008-02-07,176.90074157714844,187.94723760439337,174.0411786116721,184.73514100966747,145234,
2008-02-08,172.78768920898438,177.60584028275025,169.6147549132712,176.0389603297408,125113,
2008-02-11,166.32431030273438,174.70711570582176,162.87716721485532,169.3013846204291,135469,
2008-02-12,165.54086303710938,168.83130842056227,160.76187458314203,166.48098858176093,67814,
2008-02-13,168.00869750976562,173.25774286585045,166.08927199316645,168.4395918798622,62114,
2008-02-14,175.56887817382812,177.40995468025548,172.12173560218045,172.35676995207476,93209,
2008-02-15,175.17721557617188,176.90078144893275,170.35905166659663,170.35905166659663,31492,
2008-02-18,176.93991088867188,180.8962729251078,172.3567825704029,172.3567825704029,54301,
2008-02-19,177.25326538085938,183.9516784634688,175.49052572513813,175.49052572513813,74968,
2008-02-20,174.7071075439453,177.84086732051833,172.51347330947524,177.84086732051833,32674,
2008-02-21,172.39596557617188,177.84087090690184,171.416665626244,177.33163971467738,38561,
2008-02-22,172.0825653076172,173.9236538121409,168.43957463788422,172.35677404806756,23431,
2008-02-25,173.37522888183594,174.31535424419454,170.78987516959285,172.3567547583047,109061,
2008-02-26,177.5275115966797,178.62432283233284,174.0411939779228,176.27400279506531,67112,
2008-02-27,177.17495727539062,182.8940718617807,176.39151724860696,179.32941734904574,102184,
2008-02-28,175.8430938720703,180.9746279204232,172.55264848256795,180.9746279204232,218575,
2008-02-29,178.70263671875,181.7580473888072,173.37524328372658,177.25326819705873,88281,
2008-03-03,174.82461547851562,177.3316328162813,166.0892650467118,172.39595886977898,87421,
2008-03-04,171.5733642578125,176.19565559078228,166.55935291512168,173.9236843161387,70465,
2008-03-05,171.6125030517578,174.90294806000225,166.08924966952063,166.08924966952063,28030,
2008-03-07,164.20901489257812,170.71155677910224,159.82174648192466,162.95550621686436,73918,
2008-03-10,167.22525024414062,168.4395845234343,155.16028013443247,155.16028013443247,37738,
2008-03-11,174.15872192382812,177.91923647735234,162.95552704838258,177.05744765833876,62491,
2008-03-12,167.61700439453125,180.19122019463487,166.12847300944483,174.90299960196634,34960,
2008-03-13,158.3332061767578,166.79434740529754,156.9230119872199,160.76186265741498,59016,
2008-03-14,158.64659118652344,161.38863103419175,156.68799129533178,158.3332199856708,18754,
2008-03-17,144.19207763671875,163.73889555220194,141.01914449471937,154.337619252554,87027,
2008-03-18,139.8048553466797,146.42492046986106,137.10198993595412,137.10198993595412,50866,
2008-03-19,138.59048461914062,148.77520119467147,137.29781383552148,144.93635126716958,51797,
2008-03-24,133.34146118164062,140.0790487290865,130.20770175572972,139.37394568565043,48441,
2008-03-25,139.3739471435547,146.50325469381468,134.7516567237226,134.7516567237226,413990,
2008-03-26,143.76121520996094,146.3465691550143,139.56980715098484,141.01917568279546,43966,
2008-03-27,140.4707794189453,145.71982446861247,137.1019853871354,145.6414756952249,264696,
2008-03-28,154.14178466796875,159.6650377928103,140.2749022373733,143.33031275528074,122504,
2008-03-31,152.26153564453125,156.6879658994536,148.8535676044809,153.5542065814645,80505,
2008-04-01,155.98291015625,172.35680151879745,154.02431013899093,159.35169262245893,179748,
2008-04-02,156.4529571533203,165.61920226704328,155.55200598375228,155.82620279632536,77692,
2008-04-03,155.55201721191406,157.47144285585506,153.04501155731688,155.12112281323036,19647,
2008-04-04,151.83065795898438,155.70868314841567,151.20390363594578,152.53574910093755,26511,
2008-04-07,150.02874755859375,154.18098160513136,146.50326785095055,151.24308184876202,21301,
2008-04-08,150.30294799804688,152.6532676730478,149.24529936255882,152.33988454377456,19985,
2008-04-09,153.1233367919922,154.33767111293758,149.16696262893873,151.59563127082956,47426,
2008-04-10,155.3953094482422,161.38861992084662,150.42046128544928,150.42046128544928,65153,
2008-04-11,154.4551544189453,159.82172192208583,153.5933777968731,159.82172192208583,47839,
2008-04-15,152.49661254882812,156.68802191684262,150.61636106756495,153.55426147850577,102393,
2008-04-16,152.84915161132812,160.60520297317225,152.06571159682483,152.77080282813944,309464,
2008-04-17,158.0198211669922,162.56377485501312,153.24084507880053,162.56377485501312,166762,
2008-04-21,163.30804443359375,166.48097841304053,157.00135086048974,159.0382993781046,189857,
2008-04-22,165.54086303710938,166.7943597785298,161.23194333264027,166.7943597785298,179691,
2008-04-23,174.55043029785156,176.5873670774802,166.08927610538728,166.08927610538728,231689,
2008-04-24,166.0500946044922,177.4491482399118,163.50391477323518,176.31316270606612,176764,
2008-04-25,167.93035888671875,170.71156115936444,166.28513020192287,167.49946452123936,48765,
2008-04-28,165.149169921875,169.1055446848107,163.69980100383475,167.65617576677045,55361,
2008-04-29,168.24371337890625,169.34052442362028,163.73893409169457,163.73893409169457,76813,
2008-04-30,168.2045440673828,171.57333802681467,167.26441857865265,169.14466955611294,56728,
2008-05-02,163.229736328125,173.14024800456644,154.72940715340215,168.83132780535777,72277,
2008-05-05,170.6332244873047,172.35678999639967,162.9555105420506,165.30583040563786,101582,
2008-05-06,168.12620544433594,173.1402159666087,166.87269683659574,169.262190895782,78653,
2008-05-07,172.0825653076172,173.14021393010424,166.87269487381087,168.4004002529136,88166,
2008-05-08,175.49053955078125,177.84085927690776,169.22302028111048,171.88671118898284,206606,
2008-05-09,165.1883087158203,173.8453101007519,164.52238001497437,172.7484990157231,452914,
2008-05-12,161.54530334472656,165.30581721731633,158.4115437766258,158.4115437766258,48693,
2008-05-13,165.26669311523438,168.28294239898105,160.72273796809367,168.28294239898105,124715,
2008-05-14,161.23191833496094,166.7943339184438,159.82172425945012,165.85420851955095,77656,
2008-05-15,164.28733825683594,166.05007796335636,159.93924458988346,159.93924458988346,350923,
2008-05-16,167.8520050048828,168.43958495239116,164.7965940595773,166.48098512736334,89297,
2008-05-20,170.24147033691406,173.1401951959322,164.71821737531556,164.71821737531556,91796,
2008-05-21,174.55043029785156,176.97908706829477,168.4787704402254,171.96507596760617,91829,
2008-05-22,171.5341796875,173.88449960636322,169.37971976187535,173.1402340229256,26983,
2008-05-23,167.4602508544922,172.90515486567625,166.1284056362255,168.75292169338647,19837,
2008-05-26,163.8956298828125,167.6561439128481,162.17206443906335,162.2112388261736,17612,
2008-05-27,159.03829956054688,164.44403008406917,158.25485966123384,162.17205915779903,146900,
2008-05-28,162.25039672851562,163.3472077300979,159.46918288708653,160.91853942815283,132715,
2008-05-29,166.63766479492188,168.5179277326713,162.25040851552825,164.44403067805297,300700,
2008-05-30,165.6191864013672,170.39817446700704,164.63988654810854,170.00645452570356,41892,
2008-06-02,161.5061492919922,167.61698360997795,159.15582932002425,162.367938063452,17979,
2008-06-03,156.60963439941406,161.70199385252806,152.8099579800818,157.62810868090574,28671,
2008-06-04,146.34657287597656,157.70645120592337,143.01695336547493,157.4714168496074,50529,
2008-06-05,147.63926696777344,152.77080140586526,144.27047254590315,152.77080140586526,46408,
2008-06-06,147.01246643066406,151.5564194372102,145.87648116761304,151.5564194372102,31510,
2008-06-09,142.62525939941406,151.1255765253107,134.8300335165397,137.96379362658735,143092,
2008-06-10,136.3185577392578,143.3695176223229,134.51664337827208,143.3695176223229,433390,
2008-06-11,139.17808532714844,140.23573391213378,135.69178036657024,137.10197449510284,29127,
2008-06-12,139.17808532714844,140.0790483321509,135.06502609229537,137.10197449510284,23565,
2008-06-13,139.56980895996094,141.3717230634646,137.1803269045071,137.88541801032235,21773,
2008-06-16,148.46188354492188,149.63704357298195,140.86251775433598,141.01920336720812,62002,
2008-06-17,148.77525329589844,149.63704208967155,145.44563324940052,146.50328204590878,15823,
2008-06-18,156.53128051757812,162.72045039650658,147.325862509626,148.77521902337855,132909,
2008-06-19,147.9134521484375,157.51059070527128,145.0147269752014,154.33765679153092,60210,
2008-06-20,142.66439819335938,149.63700791663825,141.8026095963954,147.28668842056538,31162,
2008-06-23,138.39466857910156,144.15295725103036,136.55359178681798,140.9408485305464,48323,
2008-06-24,136.161865234375,140.58829615497194,132.40135109638962,137.29785076711408,37848,
2008-06-25,138.23794555664062,140.0790338049496,133.18476141159843,133.18476141159843,42883,
2008-06-26,138.55136108398438,143.2128264341296,137.10199238277136,143.2128264341296,538266,
2008-06-27,135.22174072265625,137.10199182885685,133.96823201562586,135.53511192224136,135134,
2008-06-30,131.9312744140625,135.92682268688438,127.7007037346522,133.9682229363529,49154,
2008-07-01,126.52555847167967,131.61791841016833,125.3503984858746,129.2675984385582,68040,
2008-07-02,126.99560546875,129.2675762699388,124.64528590020564,129.2675762699388,35257,
2008-07-03,125.2328872680664,128.87587844229583,123.00007851331576,128.87587844229583,12964,
2008-07-04,125.74208068847656,128.4841198312159,122.72583284972649,125.35036081094236,71470,
2008-07-07,129.73765563964844,133.96822642936425,127.152301510669,128.48414698488736,44108,
2008-07-08,129.69847106933594,131.5787219495032,126.91725717856652,126.91725717856652,18826,
2008-07-09,133.30230712890625,136.27938142844678,130.48193038803524,131.0303359803425,48884,
2008-07-10,135.2609100341797,136.31855880665927,131.61791884780894,131.61791884780894,11563,
2008-07-11,129.5026092529297,135.84846484851903,128.71916940500432,133.96821399523552,80609,
2008-07-14,130.30548095703125,131.6703541289408,128.4588820770154,130.4660521094688,14038,
2008-07-15,126.93344116210938,130.0646215965229,126.49186129295003,130.0646215965229,42298,
2008-07-16,127.85674285888672,129.18147030216167,125.64885561956528,126.6122948738375,37174,
2008-07-17,128.1377716064453,131.42952392698933,127.45532872554888,129.4624992566599,15172,
2008-07-18,131.1485137939453,132.07180724212836,126.85316440277371,131.02807622409833,30786,
2008-07-21,128.1377716064453,131.50981564855246,127.17431995087466,131.50981564855246,3968,
2008-07-22,128.90048217773438,130.74708134775287,127.97717646732734,128.0574681815525,128683,
2008-07-23,137.5714569091797,138.89618440346106,130.86750322407025,130.86750322407025,38656,
2008-07-24,133.83811950683594,143.633108585623,132.7943884511333,142.91053214364206,23606,
2008-07-25,130.54632568359375,134.72123632121543,128.4588642393869,132.47320374686777,39564,
2008-07-28,132.6739501953125,133.27610125520044,128.619463941908,130.86749701564864,55042,
2008-07-29,130.1448974609375,132.39291788343576,128.86030386168778,128.86030386168778,11941,
2008-07-30,131.7104949951172,132.47321712842523,129.74347088791436,131.59005744725178,170787,
2008-07-31,126.05030822753906,132.5535455905524,122.27683011292493,132.47325386970667,143865,
2008-08-01,132.43309020996094,132.87467011366988,125.24742318871604,126.45172533476136,57861,
2008-08-04,135.88543701171875,137.69189038410497,131.06822801868884,131.06822801868884,66819,
2008-08-05,140.50186157226562,145.15849714881873,136.4875226702009,138.05311239184812,158256,
2008-08-06,141.06390380859375,145.55996946616216,139.85960182004436,143.1112196392864,78419,
2008-08-07,147.92848205566406,149.25320983047027,139.05678502360442,140.62237573495665,101601,
2008-08-08,146.8445281982422,152.14346102885122,144.5965079678422,146.92481988538137,74581,
2008-08-11,148.3700408935547,151.58151358713468,147.1657386334622,149.73491433816696,49277,
2008-08-12,141.74635314941406,148.04885983456023,138.5750268810112,147.36642935952332,44143,
2008-08-13,139.21730041503906,142.06748414472196,138.0932901628678,141.30476202712052,29383,
2008-08-14,140.9033203125,143.31192407852566,136.88898070245727,138.89615050747864,49697,
2008-08-18,139.13702392578125,141.18433973290954,138.294010093341,140.5018970469357,10490,
2008-08-19,137.7320098876953,140.38147677704885,135.84526515946638,138.53487789957254,31492,
2008-08-20,138.53492736816406,140.22094344467922,137.81233854897354,139.2173580714685,8887,
2008-08-21,134.52053833007812,139.6187428735887,133.71767031527705,139.6187428735887,9177,
2008-08-22,135.32339477539062,138.81586299071012,132.79435339451172,138.81586299071012,14730,
2008-08-25,133.23594665527344,139.61874502095188,132.63379563491142,139.61874502095188,35436,
2008-08-26,131.6301727294922,133.75777973977776,131.02802188237578,133.27605416176849,21728,
2008-08-27,131.02806091308594,133.07537685329544,129.66318770321095,131.71050364342045,65452,
2008-08-28,129.1011962890625,132.63381112065466,125.97000326711938,131.67037182574728,254120,
2008-08-29,131.22877502441406,134.80153525251686,130.06461884907185,134.80153525251686,29265,
2008-09-01,130.8273468017578,131.670360707667,124.4445482298072,124.4445482298072,12556,
2008-09-02,131.59007263183594,132.43308656099887,130.5864875377835,130.86749626443603,48927,
2008-09-04,131.1485137939453,133.27610943582556,129.4223399658354,130.86750504843113,46231,
2008-09-05,128.4990234375,130.86748154287184,127.73630130197932,129.42231671984715,12604,
2008-09-08,129.34205627441406,134.07897318109275,129.261764563808,134.07897318109275,24252,
2008-09-09,129.26173400878906,131.67033774808326,128.25814911741648,131.67033774808326,26504,
2008-09-10,133.99862670898438,136.48752171109086,126.45167452645182,126.45167452645182,239088,
2008-09-11,129.4223175048828,138.0531483951849,128.5391700665837,138.0531483951849,313756,
2008-09-12,124.92630004882812,133.59726703227744,122.87898363575938,132.4732564235479,260137,
2008-09-15,114.81014251708984,121.7148133310232,112.84311804999808,121.7148133310232,125137,
2008-09-16,111.63880920410156,113.52554184551086,106.46031252759434,112.5621025976854,61659,
2008-09-17,109.31047821044922,116.81729924801007,108.38718486928772,116.81729924801007,33313,
2008-09-18,104.33269500732422,106.66101957693618,98.07032823109353,106.66101957693618,94232,
2008-09-19,109.87248992919922,110.79578322240188,104.37283926748005,107.58431124494096,70804,
2008-09-22,108.1061782836914,110.79579115776647,106.9018762058896,109.87249779843611,23708,
2008-09-23,106.42015075683594,108.18645782214088,104.4129808529001,105.9384250795742,29162,
2008-09-24,107.54417419433594,108.22661694570124,105.97858392738571,106.29972625109036,30899,
2008-09-25,104.2122573852539,109.14989014172316,100.88035432673364,105.65742207642288,157132,
2008-09-26,100.318359375,104.21227427813491,98.75276914361372,102.1248124690905,111028,
2008-09-29,98.59219360351562,102.72695893479258,91.72766970090414,97.94989674844906,158038,
2008-09-30,100.67964935302734,102.6868193715271,91.52695284358909,96.3441608879885,60209,
2008-10-01,100.84022521972656,102.00438756013176,97.94990148301218,97.94990148301218,16281,
2008-10-03,98.79291534423828,100.63950817169312,97.94990144719785,100.43879116053084,13455,
2008-10-06,91.68753814697266,97.94991202145422,90.00151629627307,96.34417575880744,26481,
2008-10-07,92.36995697021484,95.46099724797976,86.87030679860383,90.32264131687393,22456,
2008-10-08,82.5749740600586,90.96494848619308,79.48393342954456,89.11834960282269,45082,
2008-10-10,81.41082763671875,88.23520657655045,66.63805317718005,77.55705825583124,66393,
2008-10-13,82.25382995605469,85.10401400740494,78.03877265851813,85.10401400740494,18485,
2008-10-14,82.89613342285156,87.91405917484015,82.21369674566064,85.10402075372654,31575,
2008-10-15,80.88895416259766,82.69540723322638,74.06457589577799,79.4839351076642,15714,
2008-10-16,78.64091491699219,80.20651112787013,73.98428438365963,78.60077519388032,12212,
2008-10-17,76.39289093017578,82.61511788986572,76.07174250717696,78.72120934017136,29553,
2008-10-20,75.42945098876953,80.20651957046469,73.94414631856405,76.35275047308012,13483,
2008-10-21,76.3125991821289,80.28679298471376,73.30184444520214,80.28679298471376,25051,
2008-10-22,73.98429870605469,82.57498516578639,72.98071355303007,76.31261748615134,155064,
2008-10-23,72.53913116455078,75.42945508172551,64.22944760564938,64.22944760564938,23516,
2008-10-24,65.87531280517578,73.06097796839227,64.30971674490127,71.05380824398588,22717,
2008-10-27,63.14557647705078,65.79503749769924,56.20076627638895,63.426579083353246,72558,
2008-10-29,60.295387268066406,69.04664993888865,56.20076157816518,66.23661185998039,426060,
2008-10-31,64.3097152709961,65.79501960793615,60.33552175791378,64.14914414688204,82790,
2008-11-03,74.06455993652344,75.46957868870682,65.35344489806567,65.35344489806567,79854,
2008-11-04,80.76852416992188,81.852394806505,70.89325088334584,75.46959629353998,97441,
2008-11-05,76.83445739746094,83.57854914208042,76.47316928407258,83.57854914208042,41528,
2008-11-06,70.89324188232422,75.83087483600286,70.7326646183386,73.46241685213093,22049,
2008-11-07,70.73267364501953,74.58644271693177,69.84952001928046,72.25812415787634,18382,
2008-11-10,74.30542755126953,75.30901243918298,71.85667797460232,72.2581119297677,32304,
2008-11-11,72.01725006103516,77.87818833428963,71.73624751377416,77.87818833428963,21385,
2008-11-12,73.30184936523438,79.48393038984116,70.6523825687477,72.0574015402853,74514,
2008-11-14,79.24308776855469,80.08610181678537,74.66674154346907,74.66674154346907,92027,
2008-11-17,77.31620025634766,81.00939228057727,76.27246927921,76.27246927921,304951,
2008-11-18,77.79791259765625,79.84522237959118,76.35274770714003,76.35274770714003,40468,
2008-11-19,80.60795593261719,83.4982797767323,77.47676921591027,77.51691506980801,55445,
2008-11-20,81.0093994140625,82.37427285013987,75.54989341895697,78.76136609245481,65213,
2008-11-21,84.86315155029297,85.74631131721902,80.28680605529976,80.28680605529976,52394,
2008-11-24,86.54917907714844,89.11835441183527,82.775695530418,86.66960438549535,35191,
2008-11-25,85.98717498779297,88.31549377605953,84.50187018118423,87.59291123826678,39327,
2008-11-26,86.70976257324219,89.92123526114004,85.10402622929325,89.92123526114004,34803,
2008-11-27,86.70976257324219,86.70976257324219,86.70976257324219,86.70976257324219,0,
2008-11-28,82.41442108154297,86.42876203899368,81.16997293457396,85.10402829795531,86123,
2008-12-01,81.81227111816406,84.983598070141,81.12983437063212,82.69542491646412,8529,
2008-12-02,80.68822479248047,81.85238080947725,79.08248897571468,81.169944312431,19033,
2008-12-03,81.37066650390625,85.50543772212096,80.28679598321217,85.50543772212096,11609,
2008-12-04,82.73554229736328,84.06026947611367,81.21009201153986,84.06026947611367,10782,
2008-12-05,82.374267578125,83.45813831098238,81.93269378901891,81.93269378901891,9158,
2008-12-08,84.30113983154297,87.51261182512556,82.61511825999146,82.69540383475167,42558,
2008-12-10,88.59648895263672,89.51978844418079,83.49827801071572,83.49827801071572,123646,
2008-12-11,93.17281341552734,93.65453288479743,89.92119627851227,90.32263019046992,133205,
2008-12-12,91.4466781616211,93.8552824707486,85.90688702554829,88.31549133467581,44110,
2008-12-15,93.21297454833984,96.3040151555401,91.64738438214914,96.3040151555401,18749,
2008-12-16,96.50475311279295,98.7527864745684,86.14775845602259,88.75708004986281,885646,
2008-12-17,96.38429260253906,102.76708987509149,94.73841097859994,102.76708987509149,27133,
2008-12-18,97.14702606201172,97.9498940459953,92.32981815811031,96.34415807802816,15006,
2008-12-19,97.02659606933594,100.35849947705346,95.54129150215488,100.35849947705346,30957,
2008-12-22,98.51190948486328,100.15779147427888,96.54488516859344,97.14703621954102,13751,
2008-12-23,99.3950653076172,101.12122668471102,94.73842824862754,98.59219727161188,39048,
2008-12-24,97.50831604003906,100.077497312384,96.38430574162216,96.38430574162216,16209,
2008-12-26,96.50475311279295,100.15780579432852,96.3441819264082,100.11765993503327,11696,
2008-12-29,96.62517547607422,98.7126313297068,93.45384890280523,93.45384890280523,12230,
2008-12-30,103.4094009399414,104.1319772402514,96.34416008364848,96.42444565863885,528997,
2008-12-31,104.37285614013672,106.7413146562346,100.55923255040096,103.56998801598182,25073,
2009-01-02,105.45671844482422,110.63521468033026,100.88036709388236,102.7671057000142,26960,
2009-01-05,106.25959014892578,108.26676025184622,103.610123162912,106.78144947536748,15444,
2009-01-06,112.40150451660156,114.68968290172052,104.89468485035468,108.90902429737616,88329,
2009-01-07,103.3692626953125,115.8538634748858,101.2416611118441,114.8101325470267,43566,
2009-01-09,102.00437927246094,107.94559742200624,93.9756994753494,98.51189866040016,16949,
2009-01-12,104.37285614013672,106.01873824481332,102.0846832113748,105.9384465320797,15464,
2009-01-13,105.77786254882812,110.7957877171786,94.61799574933728,94.61799574933728,59698,
2009-01-14,107.7850341796875,112.4015254015363,106.8215949835474,108.3871852086243,19555,
2009-01-15,105.41658020019533,106.62088230701218,100.55922591920836,100.55922591920836,112004,
2009-01-16,106.50045013427734,107.9054693299844,104.57357156619716,105.29614796652842,22348,
2009-01-19,108.6681900024414,109.51119161190796,105.5369974144456,105.97857726989557,13860,
2009-01-20,108.9090347290039,109.9126196868856,106.7814395186119,107.58430748491725,7174,
2009-01-21,109.14994049072266,109.8323834307604,106.7814815089175,106.7814815089175,11400,
2009-01-22,110.27394104003906,110.5950833873066,109.1900641791194,109.1900641791194,37174,
2009-01-23,110.7556381225586,111.51836027221202,108.42732582344952,111.51836027221202,28704,
2009-01-27,111.87966918945312,112.40152852873308,109.6316361687196,110.79579240689402,23915,
2009-01-28,110.15348815917967,116.69686976961287,108.38718099315366,116.69686976961287,28172,
2009-01-29,111.9599609375,116.6567445098714,111.59867272057814,113.20440901871596,61673,
2009-01-30,111.91981506347656,113.96713129346124,104.81443929573604,104.81443929573604,34272,
2009-02-02,109.99291229248048,111.83951108039604,109.83234114805153,109.83234114805153,6295,
2009-02-03,110.03307342529295,111.91980607329523,109.19005948645184,110.79579565537026,6331,
2009-02-04,110.8359375,112.40152775789755,109.99292359165692,112.3212360520385,4108,
2009-02-05,110.8760757446289,111.47822674486956,109.99291604395856,111.43808089469482,3496,
2009-02-06,113.52549743652344,114.36851104264804,110.15345526281492,112.40148746221725,12416,
2009-02-09,113.96713256835938,116.13487414461795,112.5621132919775,115.57286888422438,5965,
2009-02-10,116.41586303710938,117.13843935564287,112.44166878358747,112.44166878358747,15338,
2009-02-11,115.89400482177734,119.6273362542259,114.89041978608752,116.01443012574256,4041,
2009-02-12,115.6129913330078,117.17858147381696,114.40868933995564,114.40868933995564,4731,
2009-02-13,116.0144271850586,120.26963007868312,114.28826586774366,120.26963007868312,9369,
2009-02-16,115.81371307373048,117.90117484747402,114.85027389000034,116.01443008079066,25766,
2009-02-17,113.6459732055664,117.21873352376905,112.44167114881536,117.21873352376905,31768,
2009-02-18,115.85386657714844,116.97787699060592,112.48182308598128,114.81013562134096,88684,
2009-02-19,115.41228485107422,117.058166841718,114.24812860186576,117.058166841718,22248,
2009-02-20,115.0108413696289,136.4875604386521,112.68252906246342,136.4875604386521,13486,
2009-02-24,115.7334213256836,116.0144300357764,112.40152391009477,114.00725996595328,13180,
2009-02-25,120.0287628173828,122.8388007428734,114.81012095575748,114.81012095575748,31210,
2009-02-26,123.72197723388672,126.85315787607962,117.6201748661118,118.02160891002345,171117,
2009-02-27,125.88972473144533,128.45890028702678,118.54347402080371,122.83882339946936,35609,
2009-03-02,129.82374572753906,132.59363771901968,124.7255415694904,128.4588726557305,134573,
2009-03-03,128.25816345214844,131.91121531518525,126.85314444719532,129.42231960609377,70795,
2009-03-04,129.1011962890625,130.06463558396987,126.45172903997072,127.65603122130378,34693,
2009-03-05,129.1011962890625,131.4295089393216,127.4151683348781,129.26176746308118,73775,
2009-03-06,131.34921264648438,132.0717889623744,121.27321657032078,124.44454279129504,77775,
2009-03-09,129.70330810546875,134.7613781856392,128.5391521328465,132.3929081455558,33350,
2009-03-12,134.8416748046875,136.48755661401515,130.78718905511255,131.50977758766263,154701,
2009-03-13,137.25030517578125,139.45819254618976,133.43668153598472,135.92557765385436,78523,
2009-03-16,135.5642547607422,139.29758573161848,134.5606698491311,138.09328383768516,57969,
2009-03-17,136.48757934570312,137.12987628690075,133.356398602208,136.80872169090435,63467,
2009-03-18,134.8416748046875,138.89616055426245,134.07895267376782,134.15924437209333,21850,
2009-03-19,134.72125244140625,135.64454573828752,133.6775215944143,133.6775215944143,86916,
2009-03-20,139.98007202148438,141.62594198912038,134.0789860007726,134.0789860007726,71381,
2009-03-23,143.23165893554688,152.38436229347235,138.57503392537524,140.50191239504665,1194060,
2009-03-24,139.4180145263672,148.41014536114395,136.76856009372716,144.51623090586332,78058,
2009-03-25,140.7829132080078,142.2682117050891,137.37072409875384,139.41802776367115,102394,
2009-03-26,143.99440002441406,146.84457200627332,138.8961826399142,139.69905074765938,479775,
2009-03-27,139.73919677734375,141.30478713923878,137.45101776710052,140.54206488608943,200989,
2009-03-30,139.77935791015625,141.2245108632107,136.6481645933466,138.09332979719747,58129,
2009-03-31,142.58935546875,152.46462163653754,139.6990258947484,152.46462163653754,288478,
2009-04-01,143.0710906982422,144.5162557054557,138.29402802924858,144.31553868364256,82091,
2009-04-02,147.72772216796875,150.4976145084593,140.70262668443763,143.71338189166525,97714,
2009-04-06,151.01947021484375,153.26749073255422,146.12197069241802,146.12197069241802,118750,
2009-04-08,158.96786499023438,160.57360100023675,147.00513661603415,150.81875963978976,117942,
2009-04-09,154.19081115722656,161.4166235933818,151.78220701184148,160.57360969233815,51574,
2009-04-13,156.59938049316406,157.76353645450212,152.9864750781755,155.75636677950845,61323,
2009-04-15,159.93128967285156,164.50763443705634,155.03380263602602,158.52627079124883,101061,
2009-04-16,158.2452850341797,164.38722023038216,158.16499333521506,159.89115460581507,46352,
2009-04-17,161.4166259765625,163.78508430433396,158.44601660355454,160.5736120630725,110325,
2009-04-20,162.42019653320312,163.66464436560952,160.37288071224978,161.21589455038273,72115,
2009-04-21,164.26675415039062,165.39076415207896,158.64667964036852,162.90186911161024,91722,
2009-04-22,154.4718017578125,166.63525958058952,150.97933323010338,163.0223534997081,63344,
2009-04-23,159.208740234375,160.57361349895726,154.55210299274634,154.95353702649373,24962,
2009-04-24,159.48973083496094,163.7850797382171,158.16500347269002,162.1793436623522,7447,
2009-04-27,157.08111572265625,162.17933230687785,156.5994022841018,160.57359634344343,29403,
2009-04-28,158.20513916015625,168.48185183557737,156.67968263561792,158.76714430044166,392082,
2009-04-29,159.69044494628906,164.34708193194464,156.96069856717742,158.20514645354655,275728,
2009-04-30,159.69044494628906,159.69044494628906,159.69044494628906,159.69044494628906,0,
2009-05-04,159.32916259765625,164.58795079265354,158.96787442412392,162.1793466347123,55508,
2009-05-05,158.927734375,164.3470939282701,157.8438698148228,163.78508872105292,33164,
2009-05-06,160.33274841308594,171.8137640697766,157.32199320158284,159.7707432237642,330932,
2009-05-07,166.11338806152344,169.32486013425114,162.9822076909314,163.78507570911333,174590,
2009-05-08,158.0846710205078,168.52195282330473,156.88036927403124,166.11334933035158,70077,
2009-05-11,157.4825897216797,163.66468455208673,154.19083751085134,159.7707689511988,41042,
2009-05-12,155.3148193359375,158.3657203272551,152.62521876197133,157.84386100342712,29765,
2009-05-13,152.74563598632812,156.55925896101962,150.13631500364446,156.55925896101962,11650,
2009-05-14,153.46823120117188,154.15067398109363,148.53059732553294,151.74206970013904,30522,
2009-05-15,151.9427947998047,156.5592865836825,150.33705852715153,151.74207776572305,18467,
2009-05-18,156.55929565429688,156.55929565429688,156.55929565429688,156.55929565429688,24,
2009-05-19,164.7083740234375,168.60228892999552,158.96787241971006,159.77074046223385,195784,
2009-05-20,168.60227966308594,171.4123176574707,161.77790167672293,162.98220367431642,131026,
2009-05-21,167.95999145507812,171.81376049579686,166.35425537567815,168.1205626128593,105214,
2009-05-22,163.90548706054688,168.84313230256947,161.37645791885208,166.51480789754325,47498,
2009-05-25,172.97789001464844,177.43380939764364,164.58792274442058,164.58792274442058,165075,
2009-05-26,172.57647705078125,181.44817105006948,170.529161166208,173.45963676594417,202455,
2009-05-27,174.98507690429688,179.60156787143669,170.6094487856013,177.39368088715244,76272,
2009-05-28,171.21160888671875,174.62379804389838,168.6825794705385,174.5435063398824,91921,
2009-05-29,184.21807861328125,187.79083912120603,171.01090113973746,174.22237346161046,288837,
2009-06-01,183.2144775390625,189.4768504708861,180.6453023557177,184.65964240806696,173169,
2009-06-02,186.9478302001953,192.5277606932796,183.0940611129765,186.26538745789824,117879,
2009-06-03,191.2832946777344,195.81949382748724,185.4625018701223,188.67397376397724,295845,
2009-06-04,191.0023193359375,191.8854791612656,186.58654471088747,191.48404510444288,50713,
2009-06-05,188.9951629638672,195.6589712478104,185.54283962170032,192.6883614588129,103695,
2009-06-08,180.9263153076172,189.7979972309699,179.079716390022,184.6596467436384,58958,
2009-06-09,181.849609375,184.6596474889625,174.22236306567328,177.03240117963577,27845,
2009-06-10,190.0388641357422,194.29406723188868,180.6453104428717,186.9879631092149,183998,
2009-06-11,187.5499725341797,192.60803120997173,184.699788640955,192.4474600577042,49884,
2009-06-12,181.28759765625,190.2797168460746,180.64530080323536,185.66322582554744,50997,
2009-06-15,180.2438507080078,183.77646470798143,176.02879406561564,180.64528467395,21605,
2009-06-16,179.36073303222656,180.60518106786208,172.6969374396662,176.63098632569304,19485,
2009-06-17,170.1277618408203,180.6051940029751,167.11700617645377,177.43386715333492,29044,
2009-06-18,160.21229553222656,171.01086658221251,159.56999874748703,169.4051307457598,33034,
2009-06-19,161.3363494873047,166.07327884042462,159.7707590721836,163.7850997523892,23892,
2009-06-22,159.4094696044922,172.6166478880968,158.56645561813542,172.6166478880968,5135,
2009-06-23,155.15423583984375,159.40943854848192,146.24239643591844,156.5592547931153,15943,
2009-06-24,159.8911590576172,162.1793377830921,152.54492167716586,154.67251700024048,35784,
2009-06-25,152.38438415527344,166.11342278560414,148.61090613117537,160.57363720243853,90932,
2009-06-26,160.1320343017578,161.3764822618965,156.55927383616827,156.55927383616827,18336,
2009-06-29,162.0990753173828,164.1865374171366,159.77076257217695,159.77076257217695,14319,
2009-06-30,165.75210571289062,167.79942168116898,162.1391995044444,164.54780364340854,63005,
2009-07-01,168.20083618164062,172.09475065465918,163.8653541350324,163.8653541350324,62668,
2009-07-02,169.5255889892578,170.5291740821395,167.11698476634174,169.1643008059793,8241,
2009-07-03,175.42666625976562,175.82810027866668,168.60228793844752,168.60228793844752,26353,
2009-07-06,169.3248748779297,178.23671555605011,166.59512827874053,173.8209410715534,48540,
2009-07-07,179.84243774414062,182.49190467892288,170.2080214364188,173.41949353899275,33197,
2009-07-08,183.3750762939453,191.1227611116933,174.3026762106273,180.645329547764,288539,
2009-07-09,181.1270294189453,188.67398387357068,180.04315269637542,184.65964379115428,0,
2009-07-10,174.94198608398438,184.2809584328301,172.03379326917,183.1340714777544,20272,
2009-07-13,178.6284637451172,181.04512696704893,170.51828992388903,172.19767029849686,22855,
2009-07-14,183.58465576171875,185.1001842005469,177.3996282137202,177.3996282137202,28777,
2009-07-15,192.7187957763672,194.1524106227376,182.68349185177425,187.51681690519987,61494,
2009-07-16,192.5140380859375,195.6270335422472,190.3431401033192,195.2993425730853,82696,
2009-07-17,197.9208068847656,203.16373703397696,190.138325022577,192.5140250120346,124178,
2009-07-20,201.1567230224609,203.1637820792656,195.7089770109808,198.28949222698745,35501,
2009-07-21,211.23292541503903,215.86144863040167,199.0676736895165,200.70609075692,221728,
2009-07-22,222.0055389404297,224.38123896962884,207.42362281258173,211.3558267403353,305186,
2009-07-23,246.254150390625,249.6129111993987,222.25131948912195,222.82477560291247,225106,
2009-07-24,246.8275909423828,253.95471719937552,237.57054189619,249.03946460841988,146967,
2009-07-27,247.4010009765625,264.60438183917114,238.3897062390056,249.85862681407804,209860,
2009-07-28,243.4688262939453,251.4970612456552,241.6665572230237,246.58180923433943,38665,
2009-07-29,252.6849365234375,267.0620393794974,245.7626129259178,245.7626129259178,342179,
2009-07-30,252.19342041015625,256.4123405014201,246.6227858719459,249.8586704566553,71678,
2009-07-31,252.807861328125,257.5183123128509,251.1284681507995,253.9547487417433,139370,
2009-08-03,255.67501831054688,257.06765798077606,250.67784066969315,252.31625792897216,34794,
2009-08-04,259.4024353027344,261.32758078821803,254.0366282051517,254.0366282051517,46219,
2009-08-05,258.5422668457031,262.1467800716351,256.4123192575681,256.4123192575681,40367,
2009-08-06,253.99566650390625,258.0507598734532,252.316298542932,254.77392482744108,27924,
2009-08-07,244.2470550537109,253.1354739447024,237.57050952739053,253.1354739447024,39410,
2009-08-10,240.1920166015625,249.8586698957844,237.5705385894343,240.02816485070431,21324,
2009-08-11,238.6354522705078,245.76257700372057,232.0817835504086,238.3896996936089,32570,
2009-08-12,242.0761260986328,245.55776243000065,229.7879978702758,244.4518258893963,18664,
2009-08-13,243.91940307617188,248.83465553110733,239.29087868116105,244.94341400428343,35482,
2009-08-14,238.5536499023437,249.8587231118874,235.11296240364484,241.6666338295304,32871,
2009-08-17,227.6990661621093,237.57052091016712,226.1015992110556,237.57052091016712,39132,
2009-08-18,229.29644775390625,233.47441598741705,222.128373578854,227.7399566473752,16586,
2009-08-19,224.5041656494141,233.4745121697269,222.00558876489825,233.4745121697269,24214,
2009-08-20,229.5422515869141,231.7540997283859,224.50409887521704,226.92077415969385,14393,
2009-08-21,237.85720825195312,244.77950552139723,222.82472631140712,222.82472631140712,57370,
2009-08-24,235.1128692626953,243.63263374115164,232.655243451587,239.2498627112893,15129,
2009-08-25,239.9871063232422,247.31900636692583,232.24557708690952,232.982859633166,62352,
2009-08-26,235.19483947753903,243.75555600050555,233.88410046437525,240.76544903315107,12304,
2009-08-27,240.069091796875,244.1241847312756,231.91798049476472,237.5705153425165,10434,
2009-08-28,242.1989898681641,252.9306262998873,236.75125830175688,238.38967531422577,123111,
2009-08-31,246.9504547119141,249.44903106566832,240.4377360189611,241.62559854795072,26911,
2009-09-01,242.0761260986328,251.2922222699005,236.75127053301145,246.78657525283631,40349,
2009-09-02,238.9631805419922,245.7626025456493,236.75130711897543,245.7626025456493,37318,
2009-09-03,236.054931640625,245.271027553197,233.6382814903733,245.271027553197,9542,
2009-09-04,240.92926025390625,242.48575163257624,235.194799911244,237.5704999102943,12643,
2009-09-07,241.8713531494141,249.03942881429933,238.553568127487,244.3699295239257,11751,
2009-09-08,241.99420166015625,247.40098311233228,239.20889757881133,244.943357452276,45580,
2009-09-09,240.11007690429688,244.94340327317937,238.67646166774816,241.66656844678232,11070,
2009-09-10,238.4306640625,241.666548182335,235.93208771699145,241.666548182335,11576,
2009-09-11,240.2329559326172,244.94340604894305,219.30218324191927,219.30218324191927,26612,
2009-09-14,236.99703979492188,241.584612990108,236.34168291000785,241.584612990108,3425,
2009-09-15,235.5634307861328,240.8063860011997,232.6552501592476,237.16089760951468,13956,
2009-09-16,230.689193725586,241.5846603236664,228.1496415485113,235.9321248329309,412721,
2009-09-17,222.5380401611328,235.93210751489624,219.13832902859284,233.4744813949493,118685,
2009-09-18,233.4744873046875,239.2089483963816,222.53804579404624,222.53804579404624,254408,
2009-09-22,233.72018432617188,237.5704744290924,231.13968244880448,235.19477468485348,27720,
2009-09-23,233.5563507080078,237.2427889952256,229.46030816665467,237.2427889952256,92663,
2009-09-24,233.5154571533203,234.29371550913987,224.2993582040972,224.2993582040972,15768,
2009-09-25,235.03097534179688,235.850184056826,228.5592314931201,235.850184056826,32746,
2009-09-29,238.1439514160156,239.49564061388625,231.0168265541341,233.96598253147343,64116,
2009-09-30,244.4928436279297,253.13548531076395,233.22872413594587,241.2160088666253,85291,
2009-10-01,244.0013122558593,247.3190974358306,229.3784322028732,229.3784322028732,61354,
2009-10-05,242.4857635498047,243.30497221044592,237.65243745207428,242.4857635498047,43089,
2009-10-06,245.7216186523437,248.34307105571145,240.0281091352095,240.88826812688643,183433,
2009-10-07,245.8445281982422,250.6778543773605,244.9433936563099,249.8586457029248,45085,
2009-10-08,240.92926025390625,248.22021197523853,240.92926025390625,243.50976240805164,24542,
2009-10-09,245.1482391357422,247.31913750648104,242.8954148830328,246.33610192364208,29332,
2009-10-12,249.12130737304688,250.2681942615916,243.4277983545535,247.3600141156112,31288,
2009-10-13,249.12130737304688,249.12130737304685,249.12130737304685,249.12130737304685,0,
2009-10-14,246.7455902099609,253.0944555706064,245.7625300895,245.7625300895,50047,
2009-10-15,246.581771850586,249.5309276103129,245.3529590340548,249.5309276103129,13625,
2009-10-16,248.2611389160156,252.930637610467,244.984304744544,246.6227218302798,47363,
2009-10-20,248.58888244628903,253.135480592752,245.84452838479365,245.84452838479365,23426,
2009-10-21,246.0902709960937,252.72586599471103,244.12417525583103,245.88546883564425,28989,
2009-10-22,245.7626037597656,249.77672128778883,245.06627138239327,245.76260375976565,48071,
2009-10-23,246.6228179931641,250.02255477189587,240.9293314003908,247.8926067298803,77951,
2009-10-26,251.82472229003903,262.146755799705,249.03941800971967,251.415117984102,112296,
2009-10-27,233.1058349609375,252.31628974873163,230.44340657884865,247.6058395342667,56857,
2009-10-28,229.9109039306641,240.4377401431157,227.985758592157,238.5945206701276,37270,
2009-10-29,245.7626037597656,253.79083881581204,229.3784301757813,229.3784301757813,84497,
2009-10-30,245.88543701171875,262.1467314468321,245.7625607314052,252.7258332854616,48018,
2009-11-03,245.59878540039065,248.87562056250533,237.8572773300556,242.48580199648896,26605,
2009-11-04,246.70465087890625,251.4151000613868,244.9433574889875,246.6637004513369,28852,
2009-11-05,248.48074340820312,252.85891010809075,246.9938340894753,252.85891010809075,11716,
2009-11-06,247.98504638671875,252.5697030300233,247.81982308751265,252.5697030300233,16943,
2009-11-09,248.0263671875,252.7762476582015,235.4288581130308,252.4458262325822,13744,
2009-11-10,247.81988525390625,251.9502166748047,246.5807858276368,251.9502166748047,24058,
2009-11-11,248.23291015625,249.88504266976912,244.515612000832,246.99381077111065,21642,
2009-11-12,245.4243011474609,249.3067976060372,243.7721685583963,247.8198883596961,38100,
2009-11-13,244.1438751220703,245.589491089285,242.8634824920684,245.589491089285,11388,
2009-11-16,244.061279296875,247.81987058357623,239.600501458738,245.7134117674321,7424,
2009-11-17,248.7698211669922,250.29804861795347,243.68951928150585,247.6546267995589,45339,
2009-11-18,245.3003692626953,251.04151425245607,243.8960466326457,248.2328942018968,7448,
2009-11-19,245.54815673828125,249.4306776267049,244.51557407748103,245.3416402061212,17948,
2009-11-20,248.0263671875,250.2567559271232,243.68951980120733,246.16771830766027,20363,
2009-11-23,243.93731689453125,247.8198377700775,243.6895071405762,247.8198377700775,7968,
2009-11-24,251.82635498046875,252.3632931154007,245.34172849516847,247.73731608839725,35257,
2009-11-25,261.4913330078125,264.3412724350724,248.68730262423867,251.9502752896784,107536,
2009-11-26,265.5803527832031,275.90618298472737,261.8630539106544,264.3412531590202,141301,
2009-11-27,260.74774169921875,267.2736584037236,251.95014337412752,265.9932661195707,82809,
2009-11-30,262.4411926269531,275.4104144100369,261.03687026638954,262.27596933410973,34099,
2009-12-01,265.0845642089844,314.81374558885113,252.77618632213344,314.81374558885113,60326,
2009-12-02,264.3824462890625,268.4714835843934,261.8629547577006,267.5628058288158,24650,
2009-12-03,277.0213317871094,284.9928663399264,259.0956834436507,259.0956834436507,134468,
2009-12-04,275.3691711425781,280.03644010237645,271.85838981386104,275.0800429324229,32228,
2009-12-07,265.2911376953125,276.69086563365767,263.26729076372203,266.8193651070282,12626,
2009-12-08,261.07830810546875,269.1324565071317,256.94797559179545,263.5152143723556,34840,
2009-12-09,260.33477783203125,264.3412042508668,258.6000336372266,264.21729935328256,17364,
2009-12-10,259.6325988769531,263.5151201351745,258.6413345538928,259.0130492214629,23376,
2009-12-11,258.2283020019531,264.29989368063764,256.2870413686948,264.09337712836634,21844,
2009-12-14,265.9520263671875,271.6105597374995,259.09566169913705,259.30217825161674,46933,
2009-12-15,266.9845886230469,275.08002677464145,260.2108361381744,260.2108361381744,53722,
2009-12-16,262.2760009765625,275.0387329976624,259.4673811261227,275.0387329976624,13593,
2009-12-17,262.0281982421875,264.2998802013159,260.2108425910693,263.5151072588924,6134,
2009-12-18,260.6239624023437,272.808442419569,260.21092918142085,260.6239624023437,8812,
2009-12-21,254.75881958007807,260.6238948386403,253.1892987893605,259.38479549709365,17286,
2009-12-22,254.6348876953125,262.4825160265549,251.9088795166961,261.8629664214568,26277,
2009-12-23,257.6500244140625,259.3847683525957,249.47197465759209,258.88912362593794,27352,
2009-12-24,258.26959228515625,263.5151176949735,253.6023232989244,253.6023232989244,11578,
2009-12-29,265.167236328125,266.5715588784756,257.8978642322286,260.2108393874124,14138,
2009-12-30,268.18243408203125,272.6018940733104,264.8781686993244,272.6018940733104,260527,
2009-12-31,276.1126403808594,280.6560046952789,265.9933289532886,270.9497263872008,121545,
2010-01-04,286.0254211425781,290.0318472459778,265.9933158351196,275.9474034401645,130473,
2010-01-05,292.3034973144531,296.30992297956766,286.68623265516214,286.68623265516214,65368,
2010-01-06,299.40771484375,301.05984730207496,284.9928490610488,296.55777626932326,72683,
2010-01-07,297.63165283203125,305.6445053534932,296.64038848093355,305.3553771308452,70242,
2010-01-08,303.8684387207031,305.5618642466242,271.4453422903845,284.9928221263679,90063,
2010-01-11,320.8854064941406,322.16579894459227,295.7729753318546,309.52699691596587,153541,
2010-01-12,315.5572814941406,322.16581094951533,309.89872310606825,322.16581094951533,96509,
2010-01-13,320.8028564453125,325.38751438077907,298.25123106256865,310.2291925543914,44264,
2010-01-14,320.0180053710937,333.7307078132485,318.94412951392536,325.8830797829865,60680,
2010-01-15,317.250732421875,326.13094458679154,312.2530417059013,322.1658366806918,38731,
2010-01-18,320.67889404296875,324.6440015351552,314.7725008194184,317.20940608015167,31057,
2010-01-19,312.5834655761719,325.4701041847875,311.4269778620936,323.73536000889936,98633,
2010-01-20,312.2530212402344,325.47008034035014,309.77482265896265,313.90515362774886,65648,
2010-01-21,302.1749572753906,313.9051055125694,299.86198237121755,312.33558502691363,41190,
2010-01-22,305.14892578125,307.0901868801014,279.2104456367835,279.499573921216,129107,
2010-01-25,295.8143005371094,307.2966152589081,293.41871368586976,296.5577550482474,33246,
2010-01-27,293.2122802734375,298.20997193535,285.15813283197025,294.1622515964193,54662,
2010-01-28,291.1883239746094,301.1011179822557,280.8624968833112,293.21219616831934,22637,
2010-01-29,301.34893798828125,317.8702618957427,285.0754490651555,309.77482326490247,23460,
2010-02-01,294.8230285644531,315.5572957064443,290.9405324602813,299.07726455104813,94032,
2010-02-02,299.9445495605469,305.6443995370338,297.383740090087,302.3401357582551,47987,
2010-02-03,303.7445373535156,313.07907488500507,301.5967602939272,309.7748102424193,65784,
2010-02-04,294.2861022949219,303.4141242963233,290.7753207236842,298.25121022097375,14809,
2010-02-05,297.5077514648437,309.77484017779256,284.20807995130235,289.94925040641385,20458,
2010-02-06,309.3204650878906,313.905121916274,291.6013369380124,304.73578304997017,0,
2010-02-08,303.00103759765625,330.3851491792464,299.8619964786641,321.33971523471166,7709,
2010-02-09,295.52520751953125,303.16632050221654,292.4274590130372,296.9708234892285,52048,
2010-02-10,301.2663269042969,309.52698818262104,294.2447648177214,298.2098721475019,97315,
2010-02-11,303.1662902832031,307.95746407852243,295.7729878341703,295.7729878341703,53494,
2010-02-15,298.78814697265625,313.07908178288795,297.38382438480124,313.07908178288795,9167,
2010-02-16,308.3704833984375,312.91384721882963,296.7229708628809,301.2663346832731,12067,
2010-02-17,303.2901611328125,312.2529832876048,300.35763658522234,312.2529832876048,15657,
2010-02-18,300.3163452148437,308.8248418687645,299.8620189063769,305.64448208088004,5243,
2010-02-19,304.69451904296875,305.68578334465803,290.8992035943225,298.209894413401,20981,
2010-02-22,301.0597839355469,307.0487628364251,295.9794575278633,305.64444045861194,28645,
2010-02-23,302.8772277832031,305.47933179188493,295.93827535687007,299.036024226621,43192,
2010-02-24,297.5490417480469,299.8620169187008,294.2860703231051,296.5990454937589,48404,
2010-02-25,299.2011413574219,304.3227358780183,294.12081484707454,299.0359180592102,138817,
2010-02-26,297.5904235839844,307.0075755965024,296.5578405736305,302.34030543161214,62994,
2010-03-02,308.5769958496094,315.1442317323021,299.035942036942,303.0010494166001,32873,
2010-03-03,303.5380249023437,313.657335506581,300.6880865259063,309.7748144154254,76457,
2010-03-04,302.5054931640625,309.77486661685407,300.06858746285934,308.08144076316586,142814,
2010-03-05,306.26397705078125,314.7311537595352,303.9922954947741,305.64442753550657,144946,
2010-03-08,305.5618896484375,312.9138739624204,304.81843509255884,309.32050607408354,33684,
2010-03-09,306.7596740722656,310.6008766807986,301.7206654459088,307.2966120352582,120637,
2010-03-10,305.3966979980469,309.77483897169714,297.9207834251387,305.6445077854079,32506,
2010-03-11,305.0249938964844,308.12274264966464,300.7707573173589,307.5031928990286,25186,
2010-03-12,302.8359375,308.0401455680804,298.3338656816032,307.2553976391561,66950,
2010-03-15,303.9924011230469,308.0401209873962,297.4664823364988,297.4664823364988,34673,
2010-03-16,304.4054870605469,308.9488525390625,299.57299328239804,307.7097528631037,38382,
2010-03-17,297.17730712890625,305.35535723800933,295.7316913193841,300.77070004019765,33815,
2010-03-18,296.7643737792969,300.68818943817416,293.5840128875605,300.68818943817416,41022,
2010-03-19,298.8707275390625,303.9923478308985,294.2447771962232,298.9120459729149,103935,
2010-03-22,304.61187744140625,309.69217896564027,296.18599305277155,296.18599305277155,41560,
2010-03-23,309.8574523925781,312.9964940281233,303.16631079097806,309.7748407264762,44966,
2010-03-25,315.2681884765625,320.30719779061207,309.77485279556294,309.77485279556294,116101,
2010-03-26,316.58990478515625,320.5137196520303,309.7748579111118,316.3833882132155,25886,
2010-03-29,318.3659973144531,322.1659079371598,310.6009779086463,319.6877086453354,36160,
2010-03-30,321.50494384765625,324.64398501847285,313.9877371170259,318.03545606135384,36273,
2010-03-31,327.9895935058594,331.41778860082434,317.2094390591501,322.24844821111253,58685,
2010-04-01,327.5765075683594,337.32410284361055,325.0570160033554,329.60037963237306,40998,
2010-04-05,326.3787536621094,330.2612495931182,314.7312154500045,330.2612495931182,14697,
2010-04-06,318.5311584472656,325.4701100666773,317.0029308073284,321.33977872065344,10026,
2010-04-07,324.9331359863281,326.70917322618084,319.68761071689505,319.68761071689505,40260,
2010-04-08,337.57196044921875,341.99141982950334,308.70096078498875,308.70096078498875,130665,
2010-04-09,336.29156494140625,341.9914168469473,334.55682082853536,338.7697636142102,37056,
2010-04-12,333.8133850097656,337.94371636299326,326.29617690498293,333.73077334079267,20944,
2010-04-13,331.3764343261719,335.38286023542395,330.426463286132,335.38286023542395,19078,
2010-04-15,323.4875793457031,336.99376886122536,319.68766919195207,336.5807356968947,83692,
2010-04-16,329.2286376953125,332.07857585549914,322.3310058520132,322.4135922952929,19009,
2010-04-19,337.2002868652344,338.68719617927707,319.6876705399518,326.2962011971084,40018,
2010-04-20,331.8720703125,338.68711593808337,327.9482561644368,338.68711593808337,51950,
2010-04-21,341.0001525878906,349.42603878423523,332.7808081724739,336.95243283064366,201884,
2010-04-22,334.18505859375,342.7761669192026,330.5503724919641,340.3392616367742,71825,
2010-04-23,333.8959655761719,341.1240447710212,332.2438331887777,337.0350070284049,34172,
2010-04-26,332.6568603515625,340.33926573208765,309.81611033564906,338.52191005455694,38640,
2010-04-27,329.8894958496094,333.6480864498441,326.6265247323895,333.6480864498441,11704,
2010-04-28,323.4875793457031,326.0896832390777,300.9359534475214,322.1658681779362,60314,
2010-04-29,325.09832763671875,326.2961336542015,318.65502166356515,318.65502166356515,26724,
2010-04-30,328.69171142578125,330.42645535832,324.6026991664448,330.3851621352153,18925,
2010-05-03,323.074462890625,329.6003801627162,318.03545454297176,318.03545454297176,7836,
2010-05-04,319.7289123535156,325.42878929628654,318.86155292807126,322.99188392454886,5090,
2010-05-05,324.5201416015625,326.1309557142013,308.94878725546806,309.7748535315522,15311,
2010-05-06,325.3048095703125,328.5677806435474,318.0767314291911,318.0767314291911,7450,
2010-05-07,320.3484802246094,326.13094394858814,314.68994660520593,314.68994660520593,109299,
2010-05-10,321.1331481933594,324.6439285916148,320.5135987113144,324.6439285916148,26927,
2010-05-11,319.1920166015625,322.2484720272039,312.33567632399047,312.33567632399047,3403,
2010-05-12,317.29205322265625,322.16583907964514,315.1855691491029,322.16583907964514,2593,
2010-05-13,312.04656982421875,321.9180729838789,310.64224691789605,313.9052191481221,6122,
2010-05-14,307.2553405761719,320.34846999397803,301.55546349121937,311.42696490285823,12217,
2010-05-17,311.1378173828125,315.3920531094891,293.460006415457,313.03778469644726,25960,
2010-05-18,310.8900451660156,315.3920912032409,298.2099229036873,298.2099229036873,15837,
2010-05-19,310.6835327148437,317.08554638,301.5554852020247,302.34025825124786,12643,
2010-05-20,309.4857177734375,313.0378178000192,303.66196075236104,303.66196075236104,9018,
2010-05-21,299.2838134765625,305.64453413563484,289.660146024741,297.38387105088793,79319,
2010-05-24,299.2838134765625,305.64453413563484,295.7317384339386,305.64453413563484,20429,
2010-05-25,286.27325439453125,299.28379808385165,281.11034023210254,299.28379808385165,72168,
2010-05-26,297.0121459960937,297.3838859373332,282.92772481537946,286.64502338959613,33196,
2010-05-27,295.8143005371094,297.46643287721105,291.229618167604,291.229618167604,9947,
2010-05-28,296.43389892578125,302.25765629878805,294.3274147199276,302.25765629878805,6637,
2010-05-31,305.3966979980469,314.5660130639764,284.9928518539614,284.9928518539614,16426,
2010-06-01,305.60321044921875,313.0790997120896,298.29251930585417,302.42285043662054,5394,
2010-06-02,300.06854248046875,320.88542048034185,297.5903439190334,320.88542048034185,9329,
2010-06-03,301.8033142089844,305.35538905583263,300.6881197120999,303.99238476388115,4022,
2010-06-04,301.0597839355469,304.7357627558819,297.425073124627,301.803238343404,4620,
2010-06-07,300.7707214355469,302.835887024627,292.0144142959387,297.3838448275472,15683,
2010-06-08,304.9411926269531,308.444331040552,297.0173926225958,297.0173926225958,8524,
2010-06-09,299.14422607421875,306.9429166840747,298.81059755997217,300.35365807436466,18042,
2010-06-10,299.1025695800781,306.94295519251983,287.75902049298736,288.67651811294087,44644,
2010-06-11,301.2294616699219,306.942942732832,300.270270064727,306.942942732832,4304,
2010-06-14,301.3962707519531,306.1088404528206,298.4352571589619,306.1088404528206,3405,
2010-06-15,301.1460876464844,305.19140107264855,293.5976358828916,301.39632817687686,5970,
2010-06-16,301.5213623046875,305.9837167408436,301.1043203097986,305.9837167408436,5683,
2010-06-17,303.815185546875,305.23313894182667,295.307516085627,295.307516085627,21974,
2010-06-18,308.2774963378906,331.96548029308434,293.7644377174304,304.31559676152847,25634,
2010-06-21,314.3663024902344,318.4533096231811,301.3545850134381,303.0644727469489,22959,
2010-06-22,308.4859924316406,316.95194048804194,307.0680393582935,313.6156042723784,4305,
2010-06-23,304.81610107421875,312.69818200891586,302.4389558573807,311.1134270157676,12311,
2010-06-24,301.2711181640625,307.5684414964022,295.0988768730292,307.5684414964022,23331,
2010-06-25,301.1460876464844,306.90128894052697,301.1043936185337,306.90128894052697,7636,
2010-06-28,308.11065673828125,312.781532717711,296.6420005386318,296.6420005386318,36764,
2010-06-29,304.02362060546875,309.4451666519312,301.9801046062665,308.6110826447831,4691,
2010-06-30,301.8550720214844,304.44073817629345,301.10440131956693,304.35732466402925,7566,
2010-07-01,298.6438293457031,301.9384720260212,297.9765721859008,301.9384720260212,8276,
2010-07-02,304.148681640625,306.90117371615673,297.4343165907531,297.7679450517878,11450,
2010-07-05,305.9837646484375,307.7770404163867,304.44070393490824,304.44070393490824,1831,
2010-07-06,307.0679931640625,311.9473892362764,300.72895021708,305.27471780876243,9206,
2010-07-07,304.3990478515625,306.5259524419163,302.77257343242337,306.5259524419163,15685,
2010-07-08,305.44158935546875,308.6110985644405,304.5657858302508,308.6110985644405,6371,
2010-07-09,308.8612670898437,311.9473877924739,301.68816570184305,301.7298597163835,19301,
2010-07-12,308.8196105957031,312.5729887123288,305.69179549851503,311.9474256928912,11851,
2010-07-13,307.1097412109375,309.4451662462004,306.31735122349625,306.31735122349625,78407,
2010-07-14,304.1070556640625,308.61110453124087,302.77251606713634,307.7770204649402,9266,
2010-07-15,303.1895751953125,308.52770842977657,298.6438065959753,301.10436491198845,30737,
2010-07-16,301.5630798339844,307.77701622399087,300.4370867233744,300.4370867233744,6746,
2010-07-19,301.1460876464844,305.1497070446979,300.31200345363527,301.9384778113829,3352,
2010-07-20,300.5622253417969,302.7725432249072,300.2702908015609,301.2294824729981,7164,
2010-07-21,300.5204467773437,302.7307896801099,299.4361477887672,299.4361477887672,48879,
2010-07-22,298.9774169921875,302.73079495465714,295.9747095313671,295.9747095313671,16924,
2010-07-23,298.6438293457031,303.4815328440718,298.6021353185514,300.2703036722863,37245,
2010-07-26,298.7688903808594,304.6074782127806,298.60206340397247,304.6074782127806,104182,
2010-07-27,299.0608215332031,300.14514605473914,298.6020854941618,299.436169531855,6497,
2010-07-28,297.7262878417969,300.06171281194486,295.30742392830126,299.0191078334461,6221,
2010-07-29,297.1007385253906,297.7679955606435,295.72447952706705,297.7263015412743,2189,
2010-07-30,302.105224609375,306.1088174902284,294.89037789370667,296.09980983387214,9282,
2010-08-02,300.3536071777344,307.7769485422454,300.27019369975164,304.5657205465569,11688,
2010-08-03,297.4759826660156,307.776922703718,295.26566568324165,307.776922703718,7210,
2010-08-04,296.4335327148437,298.60215682171355,295.6411679622967,298.60215682171355,2452,
2010-08-05,304.0653686523437,306.1088850146506,294.4317068397048,300.02008086226306,18412,
2010-08-06,300.3953857421875,306.9429510663782,297.059049317553,306.9429510663782,40098,
2010-08-09,299.7281188964844,304.44068885225624,297.0173456395807,304.44068885225624,5032,
2010-08-10,294.6401672363281,300.2285401086993,289.4688363557988,289.4688363557988,8353,
2010-08-11,297.80975341796875,304.44073298943044,296.35010606801944,299.3111202504545,15558,
2010-08-12,296.6419982910156,300.06174811366355,295.2657646483305,295.2657646483305,3267,
2010-08-13,299.31109619140625,301.5214140528151,294.72363346031227,294.72363346031227,5973,
2010-08-16,297.8514099121094,304.31556109487275,296.3500433971265,299.43616446607103,4820,
2010-08-17,295.8078918457031,304.4406665214719,294.51507179969883,304.4406665214719,7484,
2010-08-18,300.7289428710937,307.77696207593004,297.9764761561681,307.77696207593004,18912,
2010-08-19,307.485107421875,312.6981332002678,302.7725372090534,306.1088737072248,39256,
2010-08-20,305.60845947265625,309.4452520552932,305.2748308685641,307.7770835806015,10601,
2010-08-23,308.2774963378906,309.4452090169204,304.6492253192187,306.3173935618976,15934,
2010-08-24,302.9393310546875,310.94651741041787,301.1043359998683,310.94651741041787,11414,
2010-08-25,300.43707275390625,304.3989718300252,300.2702457690116,302.93932480198134,2384,
2010-08-26,305.7334289550781,307.73525058411514,298.18498019750047,298.6020221278466,9144,
2010-08-27,304.6907958984375,308.1939579704515,298.18495256951667,305.27466472851216,13197,
2010-08-30,303.4814758300781,306.192248895634,300.3119412808936,306.192248895634,7199,
2010-08-31,304.4823913574219,306.9429496408531,300.2702768225737,301.1043609248586,23967,
2010-09-01,302.8975830078125,306.02539783741446,301.2711345689528,303.6065594600334,2658,
2010-09-02,300.93756103515625,306.06719908973577,300.31199790208353,301.60484364963787,7268,
2010-09-03,306.4007263183594,309.86216941887005,300.27020455126035,301.10428845279165,8020,
2010-09-06,306.9012756347656,311.8640610945177,304.0236751125032,311.8640610945177,5796,
2010-09-07,322.4986267089844,342.8919940547925,308.77795791813764,310.1541916543184,154653,
2010-09-08,321.7062683105469,340.3063347590694,316.1178942982532,321.9564833750019,32735,
2010-09-09,315.3254699707031,323.5829225613252,314.4496918858677,319.9129323191707,7258,
2010-09-13,316.0343933105469,321.0388968481778,308.6110514872386,311.1967167391922,29145,
2010-09-14,319.2040405273437,322.2901368625373,306.9429923365556,313.69907959567905,35851,
2010-09-15,315.78424072265625,321.0389602939515,314.49139511406844,321.0389602939515,5971,
2010-09-16,313.4488220214844,320.2466283945958,306.9429756539882,306.9429756539882,25478,
2010-09-17,332.79949951171875,341.80759608373046,313.82408945184005,315.283736379523,85509,
2010-09-20,333.21661376953125,338.1377051023158,327.79506686214216,331.9654875601338,26080,
2010-09-21,329.1712951660156,334.46773445585023,321.20580194607726,334.21751939979373,23341,
2010-09-22,327.7950439453125,329.4632121078841,321.6645208570168,328.2120859859554,10556,
2010-09-23,321.6644897460937,328.79592322388095,321.1223402365391,326.7941012590275,4136,
2010-09-24,331.3815612792969,337.55380321028525,317.9111098408314,322.03983580085423,21254,
2010-09-27,337.7206420898437,345.3108123803538,325.37620777098056,332.3825090182874,30879,
2010-09-28,345.22735595703125,350.1484463727883,334.5093716696048,338.80492455145776,37003,
2010-09-29,352.7341613769531,356.82116838280257,339.55564275705666,344.3099068623084,35684,
2010-09-30,367.3305969238281,373.6279465406197,334.46769166186164,352.23367108714865,52975,
2010-10-01,360.24090576171875,370.3333281281277,343.89285285260485,367.3306203767842,59573,
2010-10-04,358.3641662597656,372.8355279732869,353.4847700310157,372.8355279732869,19596,
2010-10-05,359.2400207519531,363.4521351427722,353.1094977189407,358.3642172019651,15531,
2010-10-06,356.69598388671875,366.9969254065888,354.56908006889176,359.7403851089064,13369,
2010-10-07,349.981689453125,368.6651679888647,347.14580863636365,355.6534510866477,33921,
2010-10-08,352.0668640136719,358.4892955871593,347.8130304923452,348.8973295184256,6657,
2010-10-11,355.1947021484375,358.6561459076312,346.5619270340017,353.15118601913406,22060,
2010-10-12,354.94451904296875,356.1539513075551,349.5646912571137,354.4857829173557,9557,
2010-10-13,356.90460205078125,358.5310763220406,351.3996415798591,353.90189402534844,6076,
2010-10-14,357.8636779785156,361.15831948110514,352.400438754658,355.8201877482099,16542,
2010-10-15,353.6516418457031,358.6561462114442,351.9834737237894,356.82115109564893,4360,
2010-10-18,346.8121643066406,359.3234260125689,343.642654856163,354.7359633870619,2334,
2010-10-19,343.8094482421875,350.2735994915054,343.2255792379786,347.8130414149139,2115,
2010-10-20,341.76593017578125,345.85293681858207,337.8457250659007,343.2255772235119,30159,
2010-10-21,341.8076171875,349.43950624396865,328.6707940272639,340.72331815596374,14640,
2010-10-22,342.0161437988281,346.14486989858534,338.67980770342007,342.8085338031773,8384,
2010-10-25,339.97271728515625,344.4767667719583,334.6345836173083,340.97360302987386,14267,
2010-10-26,335.9690856933594,341.8910882537007,323.6246504456794,340.34802748418366,36742,
2010-10-27,327.21124267578125,337.80412288370354,321.9565220570607,333.21665948651747,28664,
2010-10-28,321.37255859375,327.7116021551199,313.61558748913905,327.5448006257984,24947,
2010-10-29,328.7125244140625,333.63361514663035,313.6990117324641,313.6990117324641,30977,
2010-11-01,325.7098388671875,359.49024469080103,321.1223763479313,340.26461649633626,19006,
2010-11-02,338.4296264648437,346.1449044557244,326.543927938352,326.7107549414672,26963,
2010-11-03,343.8094482421875,347.8130414149139,339.26368008517085,339.26368008517085,8689,
2010-11-04,342.5086975097656,347.4178681600229,335.7113862716821,345.9493143694914,22033,
2010-11-08,359.5438842773437,364.87261533624513,344.0611234770593,350.77451125222143,44981,
2010-11-09,356.56494140625,360.8447328950552,349.26414473433704,358.495056506071,130135,
2010-11-10,348.8025817871094,354.718772390922,345.06827377561166,352.4529929069849,19296,
2010-11-11,346.03326416015625,354.1312848651391,341.7954218072974,354.1312848651391,11144,
2010-11-12,331.8931579589844,348.2570431175184,327.27770317068,340.8723257000496,318265,
2010-11-15,327.8651123046875,332.3127218226375,323.333554701289,332.3127218226375,5385,
2010-11-16,325.8091735839844,336.67648272777154,302.52210451262425,328.87215232191136,152740,
2010-11-18,334.9141845703125,339.6974586630064,319.8090599647719,326.7741905112863,13702,
2010-11-19,336.7184753417969,343.6416589469553,325.59942288502725,336.1730175129976,5572,
2010-11-22,331.5575561523437,333.8233099280514,320.7322198207166,327.3616873719029,132797,
2010-11-23,328.662353515625,332.27081556114763,323.2496988616621,327.27772212086927,6324,
2010-11-24,326.6064147949219,338.1870016292246,324.7602224082132,338.1870016292246,4879,
2010-11-25,332.6904296875,339.8653547097755,321.40353297245434,326.438575264451,367850,
2010-11-26,315.7391052246094,360.8027432440077,310.4942695896491,343.1381214597321,277711,
2010-11-29,318.8440856933594,321.8231423474093,306.38235002683626,321.8231423474093,6494,
2010-11-30,310.4103698730469,320.56437752926087,304.6200760291144,313.4733489866911,26592,
2010-12-01,311.7110595703125,315.5292893976622,310.4942475455718,310.4942475455718,9696,
2010-12-02,311.1236267089844,322.0328840177283,307.1375519230972,322.0328840177283,7417,
2010-12-03,303.1933898925781,313.8089556659189,302.94164807428416,311.33338347800395,29064,
2010-12-06,293.5010070800781,306.92778653191874,288.6757582145729,303.8648075913775,48365,
2010-12-07,289.5149230957031,298.7458336871603,286.9974020253057,298.7458336871603,22201,
2010-12-08,284.5638122558594,298.7458429362608,281.1231948978858,289.5149320590168,5676,
2010-12-09,271.3468017578125,293.6688257153954,263.5005230977998,293.6688257153954,9716,
2010-12-10,287.92041015625,289.85049880948696,251.7939784782888,280.53566857571286,54515,
2010-12-13,279.7805480957031,299.58505548496726,274.4098407383313,290.3541434112008,13852,
2010-12-14,282.80145263671875,284.4797995366399,275.2908400157549,276.9691869156761,13098,
2010-12-15,280.955322265625,283.6406881367742,277.8503951872524,280.2839936026112,2174,
2010-12-16,280.7035522460937,290.354048063224,277.7664448234889,277.89231573397734,3755,
2010-12-20,281.50079345703125,290.3540646646942,281.12315509442936,282.8015022890229,10779,
2010-12-21,289.8086853027344,291.19331699072205,280.3260057237602,281.9624049247338,6579,
2010-12-22,304.9976501464844,306.21443648074023,287.4169532718756,287.4169532718756,31852,
2010-12-23,308.10260009765625,310.32640514551895,302.10251362942574,306.2983818742789,5946,
2010-12-24,308.60614013671875,309.6551073023772,302.186466204799,302.22841464760535,4608,
2010-12-27,310.0326843261719,314.6900873755115,307.9766988448339,311.3333931101727,28911,
2010-12-28,304.8717956542969,311.3334434027008,302.9417063837601,305.7529434070151,2158,
2010-12-29,303.1933898925781,304.8717369733221,300.42412745316824,304.28433086078815,1683,
2010-12-30,306.3822326660156,314.4383029328799,302.6059521293176,303.78078984104866,4471,
2010-12-31,302.89971923828125,306.3822845342333,300.4241468902001,306.3822845342333,7282,
2011-01-03,303.02569580078125,305.4592949518383,302.8998248396077,305.4592949518383,2246,
2011-01-04,305.8367919921875,310.4941946683963,302.1024596773586,303.0255556482813,2504,
2011-01-05,301.5150451660156,309.57111633839594,298.7457827049837,309.57111633839594,2124,
2011-01-06,290.6477966308594,304.45218770463504,289.09532026803305,304.45218770463504,7496,
2011-01-07,284.5638122558594,296.1024508524144,281.7945236269565,296.1024508524144,9477,
2011-01-10,286.5358581542969,288.5918182677911,277.8084315507735,277.8084315507735,3334,
2011-01-11,288.1302795410156,293.7107792243691,283.8085403400523,293.7107792243691,8584,
2011-01-12,293.8786315917969,294.54996028880674,283.2211156623142,293.3751222642653,7662,
2011-01-13,290.85760498046875,299.5850062016895,286.3260721934453,292.8716167069738,15181,
2011-01-14,284.22808837890625,293.5428941897637,282.0462320519451,282.0462320519451,1554,
2011-01-17,275.8363952636719,285.10925406296,273.5706161133921,280.7035923003977,4515,
2011-01-18,275.5846252441406,281.1231765305323,273.2768976756064,273.5706135789658,3516,
2011-01-19,271.47271728515625,280.7036288466299,270.2139566176826,280.7036288466299,1587,
2011-01-20,274.1580810546875,275.2489967124713,265.1789114668932,265.1789114668932,8308,
2011-01-21,281.2491455078125,281.96244849048844,253.43053405990327,253.43053405990327,7822,
2011-01-24,278.2699279785156,288.50782895431826,266.22778355325283,288.50782895431826,68091,
2011-01-25,276.8853759765625,284.479887811486,268.7034323005684,275.248976997544,17639,
2011-01-27,277.2210388183594,288.6757547800171,274.4098017821674,274.4098017821674,4248,
2011-01-28,275.2908630371094,286.1162219345108,272.8572649506209,286.1162219345108,7270,
2011-01-31,269.7103881835937,279.4028585669894,259.7242275297235,259.7242275297235,9192,
2011-02-01,270.8013000488281,276.9272563856635,268.5355213436737,270.21386835207164,6598,
2011-02-02,271.8922424316406,276.5076971642765,268.7453414775707,268.7872899131401,1800,
2011-02-03,271.6824645996094,275.1230816284173,269.6264789480097,275.1230816284173,1558,
2011-02-04,270.6754455566406,274.36783003597566,268.53556303254385,270.2139103014972,3591,
2011-02-07,270.0880432128906,289.51490800493553,267.0250645254725,289.51490800493553,4065,
2011-02-08,268.82928466796875,276.3398734912124,264.4236229928734,267.69639511532046,4295,
2011-02-09,254.3115234375,271.72437387105003,249.2764823482807,251.75205446096416,14171,
2011-02-10,252.5912475585937,259.8920679477931,249.696088464021,252.6331959937721,4841,
2011-02-11,250.1576690673828,255.10878845831567,246.0037492746538,251.75209387333783,2363,
2011-02-14,250.87098693847656,255.9479775610316,248.56325927194263,255.9479775610316,11745,
2011-02-15,256.5772705078125,291.1931737243204,250.03172814341616,291.1931737243204,8463,
2011-02-16,260.3536376953125,264.1718677464605,252.84302291523824,254.26962843410053,2824,
2011-02-17,264.2977600097656,265.8502108257212,257.9200349379554,257.9200349379554,2688,
2011-02-18,267.10888671875,268.367646836387,258.4654108214588,267.6543699240248,2782,
2011-02-21,268.7453918457031,271.01117120110297,255.10881848897344,255.10881848897344,2543,
2011-02-22,266.8572082519531,270.54956701780674,266.35369896353075,267.6963818628083,2130,
2011-02-23,260.68927001953125,269.33277334262806,258.4654651329909,261.44452112690686,1877,
2011-02-24,261.4445495605469,266.8572300362332,258.46549324264095,258.46549324264095,33448,
2011-02-25,258.38153076171875,260.143800337527,249.2345441943404,256.7871061396234,769,
2011-02-28,260.3536376953125,267.65445905258633,259.13682559925064,260.14384427251207,32610,
2011-03-01,269.7523498535156,284.4798355193266,262.66132306061724,284.4798355193266,3801,
2011-03-03,264.2557983398437,281.12319517207834,262.6613733995836,270.21393685196784,1401,
2011-03-04,265.136962890625,272.6475527668279,260.3117137128465,266.01808510535545,975,
2011-03-07,262.5774230957031,269.08101871310964,260.2696956185589,269.08101871310964,2975,
2011-03-08,261.5284729003906,264.33970985729053,260.1438414468574,264.33970985729053,1162,
2011-03-09,260.1438903808594,266.7314101462853,259.0110005750321,266.7314101462853,16604,
2011-03-10,257.1227722167969,263.8781347025516,256.115779316184,258.8011193273628,1891,
2011-03-11,255.1087646484375,259.93401266399184,252.67516642337125,254.52133290707377,1946,
2011-03-14,254.8990173339844,259.1368343742357,248.39542100694445,248.39542100694445,2480,
2011-03-15,252.2975616455078,255.78012729387848,244.70305008907724,244.70305008907724,5058,
2011-03-16,251.45828247070312,258.25559154555623,249.3184007293316,258.25559154555623,1070,
2011-03-17,249.150634765625,258.46546677453864,245.8778628731812,255.6122816788068,3208,
2011-03-18,251.9618377685547,254.18564237216387,246.7170035102584,249.2345239542406,3492,
2011-03-21,252.21365356445312,254.05984600883264,247.97583648426112,251.75211825813312,9312,
2011-03-22,254.10174560546875,256.6192663041076,246.1715707704831,252.0877341684666,99939,
2011-03-23,259.3466186523437,260.14384390166833,250.91293331160912,250.91293331160912,9933,
2011-03-24,260.4794921875,264.17185107384256,236.5210950595932,236.5210950595932,17043,
2011-03-25,273.73846435546875,282.5497879856721,260.14384051076433,261.8221878688983,13652,
2011-03-28,278.9833374023437,280.28404653616093,271.9342570616971,271.9342570616971,4622,
2011-03-29,277.8923645019531,283.6407094454648,257.3326089356398,268.5355829069489,8101,
2011-03-30,288.6338195800781,289.514941767725,275.4168331080733,276.9273356039109,5650,
2011-03-31,284.22808837890625,290.3540449800433,282.0042580091984,287.836524358829,3696,
2011-04-01,287.7526550292969,290.3540986069335,282.00431009392616,285.31905643455895,1291,
2011-04-04,285.0252990722656,289.51488281168923,280.2839735046499,280.2839735046499,4004,
2011-04-05,291.5709533691406,293.7108363616689,281.83653195638624,281.83653195638624,107559,
2011-04-06,300.2983093261719,301.59901829855085,292.0324433787431,292.0324433787431,4505,
2011-04-07,302.6899719238281,306.0886152558442,298.1164648927722,302.10254007430825,24946,
2011-04-08,301.43115234375,305.45917517921856,295.8086792600949,302.94165450466454,32990,
2011-04-11,303.4452514648437,305.29141846071224,295.5989713061346,295.5989713061346,9924,
2011-04-13,302.1864318847656,303.78085667357385,298.7877632882971,298.7877632882971,4113,
2011-04-15,302.6479797363281,305.4592166599155,300.42417462705976,303.7808693156303,3477,
2011-04-18,302.0605773925781,307.9767416129864,300.42417846716387,302.1025258329022,3809,
2011-04-19,304.0326232910156,306.21448004745645,297.90666548403675,299.54306445375465,10771,
2011-04-20,303.02569580078125,306.25652038852894,299.75292276249394,299.75292276249394,6600,
2011-04-21,303.1514892578125,305.4172684178839,300.7178907289328,300.7178907289328,4015,
2011-04-25,301.5570373535156,302.8997202312912,299.62692271373027,302.1024950699272,1282,
2011-04-26,308.73199462890625,316.7041446632437,299.5850065535235,306.29839605612347,7495,
2011-04-27,302.2283935546875,313.0957028762853,301.26334895154343,313.0537288268584,14032,
2011-04-28,302.1864318847656,305.24941053870856,300.4241621246946,300.4241621246946,2549,
2011-04-29,297.3191833496094,302.06053447174384,289.5568278860497,297.7807441753317,6683,
2011-05-02,292.4520263671875,298.4521130344469,291.10934336238694,298.4521130344469,31921,
2011-05-03,292.7876892089844,295.3891327156053,289.7247104263146,295.3891327156053,6887,
2011-05-04,294.1723327636719,296.0185251630085,289.5149289333464,289.5149289333464,11179,
2011-05-05,293.6268310546875,297.9066214423886,291.444974620806,297.9066214423886,1712,
2011-05-06,293.7107849121094,297.40314394338054,291.193263898577,297.3611955036409,4023,
2011-05-09,294.3401794433594,296.98357151388456,291.1932780237939,295.38914658321454,2358,
2011-05-10,300.50811767578125,301.6829557752492,293.71080534447066,293.71080534447066,16005,
2011-05-11,300.0046081542969,301.6829556125027,297.90667383153954,297.9905963263598,861,
2011-05-12,300.2563781738281,301.2633969869648,298.7458755636754,300.42422317920165,954,
2011-05-13,306.8019104003906,308.5641802955083,297.9066640422886,298.0325349756079,5473,
2011-05-16,311.0816650390625,312.1725804797162,300.0465116661884,306.80187453960883,5497,
2011-05-17,311.8368835449219,312.92779887147566,302.1024656412399,312.92779887147566,16562,
2011-05-18,311.41729736328125,312.7599801127464,307.9766808207592,312.7599801127464,7550,
2011-05-19,315.1096496582031,315.8649006872729,310.49419540222414,311.66903318183745,7917,
2011-05-20,314.4803161621094,315.10969638124635,310.4942414409085,314.60618708402745,203731,
2011-05-23,316.4104309082031,335.3338130634248,289.51492427383056,313.85096138670326,556377,
2011-05-24,318.7601013183594,326.43853473849964,315.6971227595604,318.88597223812303,20752,
2011-05-25,320.102783203125,324.63431556707303,307.3473341102268,324.63431556707303,8973,
2011-05-26,318.21466064453125,321.4035102939683,313.263515585785,321.4035102939683,4091,
2011-05-27,319.9768371582031,321.4034423156928,316.452323913678,317.62716166185305,5633,
2011-05-30,318.7181091308594,318.88595408735483,316.45235587543925,317.2076069605793,2906,
2011-05-31,315.0677795410156,318.42447437971265,314.69014112784254,318.0468359665395,3545,
2011-06-01,319.0538330078125,321.4035089916084,314.81599069585,318.04681438073,26491,
2011-06-02,317.12371826171875,318.0048659628609,313.8509461378062,314.7320682294008,6159,
2011-06-03,318.3405456542969,318.676210009685,316.368482353262,317.2076560465067,1070,
2011-06-06,317.6272277832031,320.56433556983774,314.69011999656846,314.69011999656846,351,
2011-06-07,318.25665283203125,320.31263881596635,316.410460290965,317.20768561768705,1169,
2011-06-08,312.760009765625,318.4663799799454,310.4942308104869,317.6272063831602,311,
2011-06-09,316.494384765625,317.4594294869354,313.13768965877057,313.13768965877057,920,
2011-06-10,316.3672790527344,320.1789330172251,313.4026593025749,313.44500067351834,2669,
2011-06-13,305.4828796386719,322.0847551600009,302.0100342422081,309.1674835855367,46904,
2011-06-14,302.9418334960937,317.6378848028602,301.5442319728486,317.6378848028602,2029,
2011-06-15,306.6264038085937,337.9243302277253,304.9323352792645,337.9243302277253,2324,
2011-06-16,311.8356018066406,317.383690725768,302.8146937229614,306.6263472103833,1972,
2011-06-17,300.3583068847656,310.01449077170315,298.1560129826216,304.93228600495394,2175,
2011-06-20,292.4809265136719,299.850135088676,292.22682656947234,297.5207908189193,23736,
2011-06-21,288.1610412597656,295.5725904089424,287.99162408229734,290.4056766893442,1156,
2011-06-22,287.3139953613281,288.2457122511339,283.7564415749445,288.2457122511339,30463,
2011-06-23,286.8057861328125,296.4619708713057,276.21785860169445,287.8222116661404,3561,
2011-06-24,285.7046813964844,304.80532186509333,282.5283025230454,282.5283025230454,3488,
2011-06-27,279.69073486328125,287.9493192488179,276.9802147764592,281.4271448302097,3825,
2011-06-28,283.46002197265625,285.8317335110015,280.7918691102737,282.3588877276842,2406,
2011-06-29,277.78485107421875,285.5775494988705,277.23425821453327,285.5775494988705,294966,
2011-06-30,279.1825256347656,287.6528690954719,275.7096796459887,287.6528690954719,5007,
2011-07-01,285.4928894042969,287.9916508321733,277.8695809999158,277.8695809999158,3968,
2011-07-04,284.3070373535156,287.94930009347706,282.9941446219014,285.0270216270666,595,
2011-07-05,283.2059326171875,285.4505684155531,282.06243110498275,283.7988411368755,10855,
2011-07-06,283.2059326171875,286.9752198655353,282.14713970763427,282.14713970763427,76651,
2011-07-07,284.2222900390625,293.49732403893955,282.1470719444048,293.49732403893955,1592,
2011-07-08,288.03399658203125,289.47396519784417,284.3070509198172,287.991655207804,4580,
2011-07-11,287.9492492675781,289.68565881250134,285.4504883620262,287.9915906323113,1945,
2011-07-12,286.8057861328125,290.617440044015,285.0270091376982,287.65282033530195,679,
2011-07-13,287.9916381835937,304.08528855267696,287.9916381835937,304.08528855267696,2611,
2011-07-14,288.3727722167969,293.073801173302,287.99159652867826,287.99159652867826,1255,
2011-07-15,287.5258178710937,292.9891738699809,286.29760773482354,288.03401779699084,1108,
2011-07-18,287.9492492675781,289.6433174477682,286.33986381685435,287.9915906323113,1698,
2011-07-19,285.9164428710937,287.991687429108,280.4954280423157,287.991687429108,1336,
2011-07-20,279.3095397949219,287.9492993565549,278.2930883702238,286.2975722537789,619,
2011-07-21,277.4883728027344,284.94226244821635,275.7095960454585,282.0623517147087,762,
2011-07-22,280.029541015625,282.8671110526724,276.344936689873,278.67428098381066,561,
2011-07-25,278.8436889648437,287.9493072674546,277.91194610817814,284.6035115978844,3719,
2011-07-26,277.5307922363281,294.1750116018663,276.1755321424368,294.1750116018663,1664,
2011-07-27,275.2438049316406,293.92090082590454,270.6274576768775,277.82724919566766,22176,
2011-07-28,276.2602233886719,287.10227760920054,273.59207059455616,274.9473306033016,2865,
2011-07-29,273.2109069824219,301.4595064561232,270.0768955378371,301.4595064561232,1992,
2011-08-01,271.7286376953125,279.52136487399986,268.55225854901704,274.4391582399272,1539,
2011-08-02,270.2039489746094,283.6717895373124,268.5522217053663,283.6717895373124,14219,
2011-08-03,274.3120422363281,291.7185854297194,269.35688679057705,269.35688679057705,5239,
2011-08-04,271.0932922363281,277.8272246366544,269.4415910141542,274.4390877508415,3058,
2011-08-05,264.6982421875,273.93091170511246,254.9996882539749,263.25827341022494,4241,
2011-08-08,263.6393737792969,266.2228175440287,235.1790217532361,237.1695571347892,2087,
2011-08-09,263.469970703125,266.6040075012121,249.8750824872362,249.8750824872362,3591,
2011-08-10,271.26275634765625,274.3967938489811,265.1217571797546,273.59210085961894,729,
2011-08-11,269.3568725585937,282.6553196882091,265.1217016064146,270.2039067490296,3941,
2011-08-12,266.0111083984375,270.9662641641485,263.427664154064,270.9662641641485,208,
2011-08-16,267.2816162109375,272.66028824375195,262.58058700909544,270.2038943738756,3546,
2011-08-17,269.8651123046875,275.66730198139584,266.8157838903398,266.8157838903398,3088,
2011-08-18,268.467529296875,271.0509735487373,265.1640748772016,269.3569049640577,50244,
2011-08-19,265.1217346191406,266.77346183593494,253.68677162438536,253.68677162438536,5085,
2011-08-22,270.6274108886719,274.43906456316023,262.58058646475206,262.58058646475206,1943,
2011-08-23,278.9283447265625,281.1306387612301,264.7405222322986,270.20390302508633,1387,
2011-08-24,275.2014465332031,280.3683610764017,269.7804320327309,278.928392386688,904,
2011-08-25,271.7709350585937,277.82722457065904,263.1735428827725,271.3050507272454,882,
2011-08-26,265.62994384765625,279.1824917393792,260.03951267243383,264.2746838885972,2926,
2011-08-29,261.52178955078125,271.8979577191928,255.8890177149582,262.5805822210273,11419,
2011-08-30,269.01812744140625,274.0156251726583,260.20897495504767,261.98772649454685,6089,
2011-09-02,267.4087219238281,272.7450273362863,266.8157876115844,272.7450273362863,284,
2011-09-05,271.05096435546875,272.74503288269045,264.7829159746354,266.4769845018571,1607,
2011-09-06,270.6274108886719,272.1097206509729,265.16403028213296,270.2038938137288,494,
2011-09-07,268.80633544921875,278.6319383227145,265.4181983100433,271.0509711340355,14545,
2011-09-08,270.3309936523437,273.54973952554724,262.6653435210505,262.6653435210505,15554,
2011-09-09,266.9852294921875,278.6319514571167,266.8158122874686,274.4391212099677,588,
2011-09-12,265.7569885253906,266.8581226799058,263.4276444028573,263.4276444028573,392,
2011-09-13,261.8183288574219,273.338001455813,260.03955151107425,273.338001455813,435,
2011-09-14,272.4061889648437,273.4649816568329,265.9687242276638,265.9687242276638,1450,
2011-09-15,272.53326416015625,273.59205695021126,268.08633444192526,271.89798848612327,280,
2011-09-16,271.4744873046875,275.20143297455286,267.66283303675897,267.74754163482214,681,
2011-09-19,269.8651123046875,272.7450235323473,263.3429383587058,263.3429383587058,29197,
2011-09-20,272.5755310058594,275.24370878682595,269.3991535041623,271.0508801448153,2133,
2011-09-21,275.7943725585937,276.8955068060596,271.47449246953465,275.2861468099805,806,
2011-09-22,274.3120422363281,275.79435214791147,273.16854084893424,273.5920579665295,811,
2011-09-23,271.81329345703125,275.2861391515999,266.94284637973374,273.5497292290329,1093,
2011-09-26,273.5920715332031,275.15909011589633,270.2039344244328,274.3543972127895,2354,
2011-09-27,278.2084350585937,283.7564995609817,249.53631791814163,249.53631791814163,4039,
2011-09-28,279.8601989746094,286.975283740598,271.6439796773689,279.39434033048946,1494,
2011-09-29,283.4176940917969,289.09280863526345,273.80384920504264,278.0390208864818,2442,
2011-09-30,286.8481140136719,291.2103347814656,279.5212736765811,282.06237616455,2467,
2011-10-03,274.7355651855469,284.60350906508955,271.05096101437096,284.60350906508955,6318,
2011-10-04,269.69580078125,276.8532532073563,265.5876779641784,272.025145838931,1295,
2011-10-05,270.37335205078125,275.2861405265582,264.2746949054959,275.2861405265582,1014,
2011-10-07,274.6084899902344,278.6742436921712,273.5920386400344,278.6742436921712,459,
2011-10-10,275.45556640625,278.67428642641613,267.83225765902284,278.67428642641613,1427,
2011-10-11,272.3215026855469,276.1331566889216,271.05095135108866,275.62493098525164,211,
2011-10-12,274.3544006347656,275.28614352118586,267.70517630598226,267.70517630598226,6697,
2011-10-13,273.4649963378906,281.9353383285366,271.34741084022914,281.9353383285366,1393,
2011-10-14,271.7709350585937,275.1590719436018,268.72160669219994,275.1590719436018,4398,
2011-10-17,269.6109313964844,276.0483954328342,269.3568315178426,273.5920018247269,1599,
2011-10-18,273.4649963378906,274.35437190713554,269.3568753025409,269.3568753025409,28000,
2011-10-19,271.1356506347656,275.1590630557534,270.3309578107952,275.1590630557534,563,
2011-10-20,272.9568176269531,273.67680198996044,269.3992630388209,269.3992630388209,387,
2011-10-21,270.5851135253906,275.2861434820016,269.7804206123615,275.2861434820016,954,
2011-10-24,272.7450256347656,272.7450256347656,269.73806441862786,270.5850986597296,221098,
2011-10-25,267.4510192871094,272.7026410903177,267.06984359918494,270.20388013487855,688,
2011-10-28,268.12872314453125,275.2438326292251,267.66286457444585,273.5073966373547,3076,
2011-10-31,271.7709350585937,279.39424304986187,268.50984813688694,270.5850923187276,10488,
2011-11-01,276.51434326171875,276.9802017628306,267.6628249451207,267.87458350915955,3992,
2011-11-02,272.9568176269531,276.00614643828976,269.61102162503266,276.00614643828976,1490,
2011-11-03,271.4744873046875,274.4391072908541,268.8486758613386,274.39676591653995,1312,
2011-11-04,274.65087890625,278.63195055939184,270.2462900921117,273.5920860037587,2139,
2011-11-08,274.9472961425781,279.5212754805555,271.3897422966894,279.5212754805555,32767,
2011-11-09,266.4345703125,283.1634940698752,263.0464338553101,282.86705280941493,3432,
2011-11-11,267.9715576171875,272.66757016532307,266.3919845487808,268.22769333356365,2748,
2011-11-14,267.203125,271.3868400680646,262.97670327475686,269.8072669961791,932,
2011-11-15,260.7994384765625,268.01420485952445,257.9391350692156,263.10473780661823,1631,
2011-11-16,263.2327880859375,268.95339451895165,254.95074680927053,261.5678541347368,1148,
2011-11-17,268.9533996582031,270.6610402909536,264.6842980763269,267.9288048559416,860,
2011-11-18,259.049072265625,266.9896166422424,256.14608847422267,259.1771400985566,1772,
2011-11-21,251.7916412353516,272.3687189436551,247.6079263124137,256.99995110357423,1816,
2011-11-22,247.7359771728516,251.8770112125676,245.90026857362528,250.21205105482164,1566,
2011-11-23,240.0089263916016,250.89513679732468,239.0697187139192,250.16938422563683,1518,
2011-11-24,240.136962890625,245.90025,229.464208984375,242.52764934301376,37941,
2011-11-25,244.74758911132807,245.9002517527247,241.63115015979545,241.63115015979545,1006,
2011-11-28,245.34527587890625,252.73081648724468,244.6622039842128,252.73081648724468,581,
2011-11-29,248.5470733642578,250.98046622323008,243.68028764631327,247.6078659029759,1461,
2011-11-30,222.0787048339844,247.6079311440853,217.8949768011419,245.0464697874224,136742,
2011-12-01,222.1640625,238.9843075345091,218.62068725000688,234.8005930871708,9756,
2011-12-02,228.0980987548828,230.3180368515043,222.5909731925362,229.54960375635463,2295,
2011-12-05,227.1588592529297,234.8005606494021,223.017852028515,223.017852028515,3987,
2011-12-07,227.84201049804688,234.71525524709605,223.78636303650663,234.71525524709605,3043,
2011-12-08,225.10968017578125,228.99457754120013,222.8470619610447,228.99457754120013,1814,
2011-12-09,222.93247985839844,226.0062380713489,217.72417094986108,223.7009128975043,2727,
2011-12-12,225.10968017578125,227.75652788547384,216.4434107552676,220.2856014787338,10596,
2011-12-13,218.9195098876953,224.29859317029965,214.8211830541624,214.8211830541624,1733,
2011-12-14,219.34640502929688,222.1213206901842,216.87033165088687,218.5779720575869,10930,
2011-12-15,220.0721893310547,229.6776680118476,214.94926736796515,229.6776680118476,613,
2011-12-16,218.0657196044922,223.6582587213526,217.68150303956136,220.28565780139365,3466,
2011-12-19,218.4925842285156,221.95057167654247,217.21185392699263,217.33993477410235,1760,
2011-12-20,214.8211975097656,219.85873218145247,213.58314762438496,213.58314762438496,3308,
2011-12-21,216.3580474853516,234.20288561011623,212.60124357327368,221.9932663817316,836,
2011-12-22,222.46286010742188,223.70090991697768,216.82765416311253,220.62715174498103,2488,
2011-12-23,231.94029235839844,233.00756779356183,226.09161776239733,233.00756779356183,5690,
2011-12-26,230.7449188232422,234.7151777100983,228.3115259388705,228.82382329187385,1314,
2011-12-27,231.0010986328125,234.6298353302272,228.9092542882213,229.03732213682383,1090,
2011-12-28,231.9829864501953,234.24560503893795,226.39044783880087,230.53148151434573,1264,
2011-12-29,230.78761291503903,234.5017363709571,227.2869705871778,234.4590557792621,593,
2011-12-30,229.3788299560547,230.53149263051307,228.2688739326676,229.6776722874371,1142,
2012-01-02,230.531494140625,233.391797519972,226.26239239728008,229.37883145861605,1870,
2012-01-03,230.9583740234375,232.1110365542681,229.3788013742641,229.7203242576332,643,
2012-01-04,229.7630615234375,234.5871412923009,227.5004428059914,230.4888140326449,1060,
2012-01-05,230.531494140625,233.092955186632,229.677673791956,230.531494140625,2805,
2012-01-06,230.531494140625,230.531494140625,229.72035438677776,229.72035438677776,402,
2012-01-09,231.21450805664065,233.0502423979113,225.4939281447252,228.823821833232,540,
2012-01-10,231.4706878662109,234.3736716664387,229.4642049557574,229.4642049557574,758,
2012-01-11,231.3426208496093,233.09294204307264,205.94145388075427,205.94145388075427,2127,
2012-01-12,232.2391052246093,233.733290644253,227.41502608106512,227.4577066704446,1647,
2012-01-13,232.4525451660156,234.3736405806108,223.3166587717756,223.3166587717756,2175,
2012-01-16,233.1356201171875,235.0994224210968,232.4525743067575,232.4525743067575,1044,
2012-01-17,234.8432464599609,238.21584682871256,231.3426043231109,233.8613583958073,2453,
2012-01-18,236.12399291992188,237.36204277426924,234.8005818810217,237.31936218199283,462,
2012-01-19,235.0140075683593,238.8561984277876,232.1110241303185,232.1110241303185,2435,
2012-01-20,231.68414306640625,238.1304758934949,228.8238398568896,236.50822253865084,2008,
2012-01-23,231.8549041748047,243.2961176387184,230.9157226408817,241.5457702982102,911,
2012-01-24,234.71522521972656,236.0813430854149,228.82386960900976,231.5987859382235,3843,
2012-01-25,233.9467315673828,243.3387536376062,226.68925996766475,242.399546219279,3001,
2012-01-27,234.58712768554688,239.0696842655255,233.1783294002877,239.0696842655255,3097,
2012-01-30,231.94029235839844,237.3193761855393,229.67767364715792,232.40990918378785,1250,
2012-01-31,230.531494140625,236.4655559864861,214.7785113133352,219.43182960792825,31838,
2012-02-01,216.571533203125,233.0502820970411,210.46672272484625,225.49396655666865,16909,
2012-02-02,224.64016723632807,230.53152317277025,217.72421632983853,218.62071738623075,20462,
2012-02-03,239.240478515625,244.1926262476864,226.73198922799327,228.82385956076908,32475,
2012-02-06,237.1059112548828,248.71784666215908,232.5806479637422,239.2404620365921,21419,
2012-02-07,246.71139526367188,260.4152011646424,238.3866470297202,238.98430562798413,50944,
2012-02-08,241.1188507080078,256.01802556331035,238.47200253158223,251.876991842059,11910,
2012-02-09,245.51600646972656,249.1020620008325,240.77731442753984,243.1253201533404,5821,
2012-02-10,244.576889038086,249.1448078004444,241.67387853570227,248.4617618331385,8990,
2012-02-13,238.642822265625,245.6868411697088,238.21591202901388,243.3388348683475,872602,
2012-02-14,245.089096069336,255.719168766201,240.0515617289865,251.7062031075264,9146,
2012-02-15,249.1021270751953,252.51740902309857,245.04647976206016,250.42553840739444,14018,
2012-02-16,248.2055511474609,250.51085013328105,242.6984002443716,245.90022610511525,5181,
2012-02-17,245.2172393798828,252.56007427641404,243.8938020715773,250.3401619904108,4698,
2012-02-21,245.81483459472656,248.5897502924328,244.74755932637805,247.60786225685712,2358,
2012-02-22,237.8315887451172,245.47328939408115,235.6543578183179,245.47328939408115,3069,
2012-02-23,232.7514038085937,240.7773088937468,226.2623647405776,240.7773088937468,3061,
2012-02-24,231.8549041748047,238.21587616527032,231.42799400246548,238.173195570648,1754,
2012-02-27,223.5301208496093,232.23909742568244,217.8095410689947,231.81218732012053,4064,
2012-02-28,226.5185089111328,233.0929354621636,223.7435930127737,229.6349737652808,3788,
2012-02-29,235.3128967285156,236.465559427297,224.55475496743887,230.53149749508933,4579,
2012-03-01,239.28317260742188,240.7773583418125,225.36591018970967,234.8006154042498,3786,
2012-03-02,239.0696716308593,249.27283411057263,236.25207520924903,245.4733235495431,3056,
2012-03-05,239.11233520507807,242.0153447135155,232.2817736445657,232.2817736445657,3242,
2012-03-06,239.0696716308593,246.0710081512308,234.11752456968784,246.0710081512308,5909,
2012-03-07,240.9053955078125,242.48496829427447,236.5082261180072,236.5082261180072,1948,
2012-03-09,240.2649841308593,242.44224113940905,239.0696411364816,241.8445566139586,2182,
2012-03-12,239.71002197265625,246.4125157769633,236.50819621166795,241.2042073277841,1491,
2012-03-13,239.36851501464844,243.33877401088924,239.0696727124526,240.13694803706176,2130,
2012-03-14,239.0696716308593,242.1434297631328,239.0696716308593,240.13694695064,3497,
2012-03-15,239.0696716308593,241.54574516144515,239.0696716308593,239.11235222104008,2100,
2012-03-16,239.0696716308593,241.0761544433522,239.0696716308593,239.0696716308593,2678,
2012-03-19,239.0696716308593,241.84458746228896,239.0696716308593,239.28312669481548,3805,
2012-03-20,240.5638427734375,241.54573079794247,239.06965741459624,239.06965741459624,1885,
2012-03-21,242.5276031494141,244.1925628642797,239.06964196502915,240.77728226477936,5375,
2012-03-22,241.673828125,247.43711521278087,239.1123671970974,239.2404610887149,5121,
2012-03-23,248.03482055664065,249.10209603235768,239.1123871570341,239.1123871570341,3414,
2012-03-26,247.9494171142578,248.8886246828573,244.66220365242384,247.4371197080646,2040,
2012-03-27,246.9248046875,251.2365861426142,240.1369238831274,240.1369238831274,1266,
2012-03-28,242.9972686767578,247.5652126074597,242.48497127262263,245.6867974778069,678,
2012-03-29,244.491439819336,245.94291864616247,239.24045036383708,239.24045036383708,1810,
2012-03-30,243.210693359375,255.2495635974934,240.0515481424948,255.2495635974934,974,
2012-04-02,243.76565551757807,247.56516564965588,243.3814260232248,243.3814260232248,611,
2012-04-03,247.1809539794922,248.46168431099213,244.61949331649228,246.7540438689922,3043,
2012-04-04,251.83433532714844,254.4384771030744,247.8213690576085,247.8213690576085,1876,
2012-04-09,245.64410400390625,254.43844243039987,245.38794228700644,251.87698160056365,358,
2012-04-10,242.95455932617188,253.2431097183837,240.86271519595405,253.2431097183837,1064,
2012-04-11,235.99591064453125,244.1499096229593,234.0748150921592,241.63112947612777,1416,
2012-04-12,231.129135131836,241.6311130133396,229.46417534394,241.6311130133396,2893,
2012-04-13,228.7811889648437,234.71522517219591,226.4331828405999,232.40992570231148,3275,
2012-04-16,227.1161956787109,232.111049554379,225.4512357013125,228.7384490079677,1799,
2012-04-17,224.98165893554688,230.3180360450238,221.9932877542398,230.3180360450238,2739,
2012-04-18,220.3710174560547,229.50687873426108,218.6633769117327,227.11619239482107,4774,
2012-04-19,221.7371368408203,223.6155258203814,219.55987949582808,219.55987949582808,3289,
2012-04-20,220.11485290527344,224.938958226067,217.7668602153378,224.55472868593293,1175,
2012-04-23,220.1575469970703,223.3166661492997,217.7241541802217,223.3166661492997,540,
2012-04-24,221.0113983154297,221.82251199752145,217.80957206802591,217.8949462843314,544,
2012-04-25,219.2610626220703,224.46937213856543,216.8703759865628,216.9557632356588,1565,
2012-04-26,218.32183837890625,221.09676725855715,217.76686041993403,219.26103285011024,203,
2012-04-27,217.98033142089844,219.43182336669844,215.24810898852235,217.7241827179304,631,
2012-04-30,219.4744873046875,221.95058690271617,217.76685981377315,219.68794236958468,1047,
2012-05-02,220.88331604003903,225.3658724934272,217.80955783212468,217.80955783212468,1835,
2012-05-03,212.3024139404297,223.2740100871859,207.8198573325608,220.71254916840363,5266,
2012-05-04,209.6555938720703,218.0657166760612,206.24031240163387,218.0657166760612,19020,
2012-05-07,217.68150329589844,219.4318376807167,203.2092504591852,210.89363387991065,16782,
2012-05-08,220.28561401367188,223.70089485109315,214.43694036828296,221.56634432770483,17640,
2012-05-09,215.33346557617188,219.431805403366,213.92466736757223,213.92466736757223,1096,
2012-05-10,217.8948974609375,219.3890957365208,210.0397547663836,214.3088554730174,2465,
2012-05-11,219.81607055664065,220.9687072417364,215.16273899310607,218.57802056442523,1663,
2012-05-14,217.85223388671875,220.2856268363324,217.72416605916573,218.5779863182213,6967,
2012-05-15,218.57798767089844,226.2196894593472,212.0889484506133,212.0889484506133,14276,
2012-05-16,217.12652587890625,221.0967984745544,213.455095628444,217.72419754101287,352,
2012-05-17,213.3270263671875,247.6079092863944,208.33217195131112,246.6687016605537,33336,
2012-05-18,221.6944274902344,223.70091033238364,210.25324110438729,213.3269992820918,1257,
2012-05-21,216.95571899414065,221.993252985192,211.79010415556348,216.4434216605621,30685,
2012-05-22,212.2597198486328,220.71253513173443,210.8936022341911,220.28562500575427,510,
2012-05-23,212.00360107421875,212.6012727292504,210.0398116120305,212.2597497915937,611,
2012-05-24,214.8638916015625,218.53532181021703,210.2105731755043,217.7241950617185,597,
2012-05-25,211.1924591064453,216.40075518582955,210.25325155317628,210.93631040752976,327,
2012-05-28,209.31402587890625,220.2856211351195,207.47831758075208,209.31402587890625,7803,
2012-05-29,205.55723571777344,211.7474328473845,204.1911180364848,210.89361255364503,3165,
2012-05-30,207.6064300537109,209.18600304309777,203.80693178776497,205.38650477715177,2955,
2012-05-31,206.06954956054688,208.33216830832728,201.5016054129723,204.14845374622828,1152,
2012-06-01,205.34376525878903,207.4783158332048,202.398088071748,202.398088071748,766,
2012-06-04,202.73963928222656,206.5391372299578,201.5016023817206,201.5442960048273,715,
2012-06-05,204.788803100586,204.9595645540445,202.3554100469437,202.7823201947221,6381,
2012-06-06,204.8741912841797,206.1976154381937,204.0630645537404,204.91688490752168,6270,
2012-06-07,204.0203399658203,209.61286503995225,202.5688481903408,209.18595492785457,2085,
2012-06-08,204.1911163330078,208.9725151493652,203.9349806696338,203.9349806696338,1909,
2012-06-11,203.25192260742188,212.1743420308323,202.3554086974135,212.1743420308323,3087,
2012-06-12,204.1057281494141,205.0876162005032,203.038452864203,203.2519079212452,3156,
2012-06-13,204.6689453125,207.0518394991274,203.62913958452293,206.2286605153892,5724,
2012-06-14,206.2720184326172,207.658421863764,203.6724971246368,206.31534643212004,2262,
2012-06-15,204.3223876953125,207.7450882780469,202.0694638267064,202.0694638267064,3775,
2012-06-18,202.5893402099609,210.3445752525548,201.89613196228743,206.22866698293737,1301,
2012-06-19,200.6397247314453,206.96522930298272,199.55659083980703,202.58936573639423,2996,
2012-06-20,202.8493194580078,204.4956776759816,194.96409947921967,200.6397236862068,1805,
2012-06-21,202.54600524902344,203.5858109738469,194.96406922365887,201.9827810044495,301161,
2012-06-22,201.72283935546875,205.92539052050785,197.60693096037545,202.02610888305105,3867,
2012-06-25,200.76968383789065,203.499189019248,199.68655000922067,199.68655000922067,1532,
2012-06-26,197.5636138916016,202.4160588197839,196.307181272187,200.769687437578,1955,
2012-06-27,197.043685913086,202.63266662359723,195.9172373939836,197.56359540024664,1345,
2012-06-28,195.7006225585937,200.29309934675703,194.96408627725148,198.430114477736,3409,
2012-06-29,195.0074157714844,199.29662305814875,194.6174902403055,199.29662305814875,8590,
2012-07-02,197.0870361328125,200.94299006157289,195.1807231679944,200.81301928604967,7546,
2012-07-03,195.52731323242188,198.43011717857715,194.9640889309164,197.56361011666195,12589,
2012-07-04,195.78729248046875,197.9102324032855,194.9641133130725,196.69712765363312,18016,
2012-07-05,196.5671539306641,198.083541456004,196.2638711368561,198.083541456004,358995,
2012-07-06,201.072982788086,204.92893688424408,174.60118723964135,179.19367768733682,134616,
2012-07-09,201.28961181640625,203.58585045494087,200.8563582452224,203.49920767381403,11572,
2012-07-10,200.5530700683593,202.71933786607727,199.4699361695004,201.15962240735053,11925,
2012-07-11,201.5928649902344,202.4160572860241,199.90317884438704,200.50973115035163,3057,
2012-07-12,197.5636138916016,203.1525819033758,195.9172557312444,200.16313512701737,3790,
2012-07-13,198.170166015625,202.7626561715731,197.56361370563533,198.170166015625,14930,
2012-07-16,195.7006225585937,200.1631285779782,194.96408627725148,199.16665075907824,2971,
2012-07-17,191.28146362304688,198.43014799401013,188.98522484111405,198.43014799401013,5734,
2012-07-18,191.8446655273437,194.14091726200067,186.90557773064907,194.14091726200067,9916,
2012-07-19,192.1912841796875,198.43013287460653,191.49807583095216,197.56362574414973,8854,
2012-07-20,191.8446655273437,192.3645750730375,190.6748888823063,192.19127629842257,6338,
2012-07-23,191.41140747070312,198.4301200629803,190.63155639238283,191.32476469636123,1687,
2012-07-24,191.6713409423828,192.36454916934449,189.8949989926208,192.36454916934449,2888,
2012-07-25,187.9886932373047,194.9640773144812,187.165514221902,194.9640773144812,4277,
2012-07-26,183.87277221679688,191.4980360241175,183.74280146298528,191.4980360241175,5220,
2012-07-27,187.7721099853516,189.63510842217173,184.5660359489189,189.63510842217173,16672,
2012-07-30,189.5484161376953,190.6315499441964,181.9664794921875,181.9664794921875,4996,
2012-07-31,186.81895446777344,193.62102794030056,183.78617931876315,189.54844681314253,136253,
2012-08-01,196.3505096435547,197.5636142669809,185.04258960364064,185.04258960364064,169830,
2012-08-02,195.7006225585937,199.29662152785707,194.0975792271304,199.29662152785707,20494,
2012-08-03,195.6573028564453,197.34698903144465,192.1046185115964,194.3142142274488,7937,
2012-08-06,194.92076110839844,196.17719370493344,194.57416357206068,195.9172521636044,6968,
2012-08-07,193.7509613037109,196.5237809278921,192.9710971075729,194.96406575746303,4809,
2012-08-08,191.80133056640625,197.4769408634198,190.7615115844412,197.4769408634198,6960,
2012-08-09,190.7182159423828,193.7509907596829,189.7650528539204,193.1877532176464,4709,
2012-08-10,190.37159729003903,192.3645661603948,189.41844746289388,189.98167175975928,2689,
2012-08-13,192.14796447753903,193.18777043462583,190.76154772018995,192.7545168506855,2023,
2012-08-14,191.88800048828125,192.79783561533023,189.7650606730666,190.6748958001156,1798,
2012-08-16,189.11512756347656,192.36452838071844,186.25565219993456,191.9312749384195,2830,
2012-08-17,189.2884979248047,191.06484035478624,187.68546751480244,189.7650795360462,873,
2012-08-21,188.29200744628903,191.4547532736421,187.29551628482105,191.4547532736421,1961,
2012-08-22,188.29200744628903,190.5882461185481,186.29903834520297,187.16554550029693,1444,
2012-08-23,186.3856658935547,190.41491826084712,185.99572715581527,190.41491826084712,5158,
2012-08-24,191.0647735595703,191.498027014354,182.0964217568112,186.38564153664584,13849,
2012-08-27,184.73928833007807,189.5484047873378,182.876303583193,189.5484047873378,3285,
2012-08-28,185.1292419433593,186.2557038500823,183.7861664772641,186.2557038500823,1367,
2012-08-29,178.7171173095703,183.1796242833476,177.63398326526988,182.48642907247623,6538,
2012-08-30,178.7171173095703,179.7569233477285,176.98410283868964,179.36699773615058,1301,
2012-08-31,178.1971893310547,180.9266947747522,175.07777153777863,178.71709890752558,1189,
2012-09-03,178.5004425048828,181.4465610244768,174.21123548712043,178.3704717432542,886,
2012-09-04,177.20069885253906,181.1433087329922,176.7674453101123,177.28735484976394,2020,
2012-09-05,176.16090393066406,176.94075506670367,175.46769557537905,176.94075506670367,3977,
2012-09-06,178.890380859375,180.1034986830399,174.16792000122396,176.20421689196772,940,
2012-09-07,177.28733825683594,181.4465612973777,176.5941300094631,181.4465612973777,4076,
2012-09-10,181.66319274902344,184.39269781458609,176.33417982678125,180.2334614445725,3096,
2012-09-11,179.23703002929688,181.316642141462,177.8939411468417,179.36700082811294,2305,
2012-09-12,182.1397857666016,184.56600823756847,179.93019006586655,181.9664869947858,1873,
2012-09-13,182.00979614257807,195.7872520136655,181.74984140085343,181.96646814864943,6717,
2012-09-14,181.74986267089844,184.00278640037385,181.09998235145545,183.6561756302281,3856,
2012-09-17,185.17254638671875,186.3423361452378,181.96647307687667,186.3423361452378,2447,
2012-09-18,185.64913940429688,186.1690489340752,183.0062902013129,186.12572093628555,1458,
2012-09-20,185.86573791503903,186.29899138337248,182.09642745179963,182.26973941661024,1749,
2012-09-21,182.18307495117188,188.8551754084627,181.3165680548524,188.8551754084627,16319,
2012-09-24,184.9559326171875,186.16905045597105,183.6995000021089,183.6995000021089,111218,
2012-09-25,185.2158966064453,187.16553762335528,182.83300203022205,186.21237450412625,25315,
2012-09-26,195.1374053955078,198.4301351737656,185.4325280663137,186.6889607756641,164715,
2012-09-27,204.49566650390625,207.00853169339285,194.9640888278768,194.9640888278768,447443,
2012-09-28,244.7449188232422,245.3947990894285,204.49565709329184,204.49565709329184,504115,
2012-10-01,239.19927978515625,251.02712312250964,232.2239080499416,246.0880219633709,222857,
2012-10-03,257.9591369628906,270.35017612445023,236.98965759627285,242.3186702022948,339027,
2012-10-04,259.25897216796875,269.48374684038026,251.6336927255568,259.8655113589446,126295,
2012-10-05,247.3877410888672,263.3748053374118,243.48845970568013,261.59845017441,63164,
2012-10-08,246.91119384765625,255.5329231070332,241.75546633577665,255.5329231070332,33021,
2012-10-09,247.8643493652344,251.28706304277924,246.0880203591356,246.0880203591356,73310,
2012-10-10,232.57049560546875,248.90415939590656,230.1442863524568,246.0880113783724,34695,
2012-10-11,235.8199157714844,241.49555347472224,232.613855180152,241.49555347472224,23350,
2012-10-12,243.53179931640625,251.0271065613197,236.8163695826308,240.71565136353263,48232,
2012-10-15,241.71212768554688,251.28701904047355,240.8889354939712,251.02707752928856,37549,
2012-10-16,239.97918701171875,250.2472764931381,238.5494289327041,250.2472764931381,37507,
2012-10-17,235.4732818603516,246.6945583075319,234.2601773253391,246.6945583075319,13430,
2012-10-18,238.2894592285156,242.36205329099164,236.556444979581,242.36205329099164,20740,
2012-10-19,233.9569549560547,242.1887737415455,233.0904477154767,242.1887737415455,13736,
2012-10-22,233.22036743164065,237.85618544211147,230.4908755103885,231.27072656736104,10599,
2012-10-23,237.5095977783203,249.46738499856548,229.7543487740563,229.7543487740563,66685,
2012-10-25,237.94288635253903,246.8679000829868,233.95694787773365,246.8679000829868,10039,
2012-10-29,231.7473297119141,238.0295060578653,231.314076170814,238.0295060578653,4546,
2012-10-30,228.9744873046875,238.0294965286524,227.37144397805352,238.0294965286524,7052,
2012-10-31,225.59510803222656,235.55993876604683,223.60212601924508,235.55993876604683,9122,
2012-11-01,234.6934509277344,237.33628697827425,225.29184369997657,232.09392965427315,21998,
2012-11-02,234.7801055908203,241.7121622806403,232.65715265208385,238.2461339357303,18068,
2012-11-05,234.2168426513672,239.71916765154992,233.09039407532185,234.78009338308613,8241,
2012-11-06,235.94989013671875,242.18875229386177,233.09042707351992,242.18875229386177,8260,
2012-11-07,240.2823944091797,244.48495889079783,237.85618524643965,240.0224528716349,18500,
2012-11-08,237.2063446044922,242.05879018468505,234.08691341410383,238.28947859812,6335,
2012-11-09,234.8234405517578,242.79531700774768,233.2203970157088,235.9065745026423,9620,
2012-11-12,242.23204040527344,246.3046342044262,236.5564296844621,241.49553055205607,28185,
2012-11-15,249.94403076171875,253.97328424869903,238.28949748887263,246.08806286123573,32914,
2012-11-16,251.2437286376953,252.5868039819044,245.35146485697675,245.39480607550712,23378,
2012-11-19,249.0341339111328,255.7062491227074,245.8280735246045,253.06338661571056,50371,
2012-11-20,242.53530883789065,250.8537814921733,241.495516283415,250.8104667187893,5408,
2012-11-21,245.04820251464844,247.38778231189008,240.8889789236618,242.5353371599399,20455,
2012-11-22,261.0030212402344,267.6909447581428,247.45236977603457,248.72002203644203,115317,
2012-11-23,266.0298156738281,268.39026187352465,258.46768496672115,262.270614208656,57507,
2012-11-26,259.2982482910156,266.64182097541214,258.11802505898504,264.4125311767818,23559,
2012-11-27,255.9761962890625,265.7676465714104,251.7798756992309,259.38573678280073,26172,
2012-11-29,255.75759887695312,261.3964288329631,253.7905688940964,255.53903998996904,17737,
2012-11-30,255.1018981933593,257.0252268895224,253.70314279202168,257.0252268895224,19513,
2012-12-03,257.02520751953125,261.9646321920754,255.27673672007865,256.1509721198049,40564,
2012-12-04,256.3695068359375,262.31429632263416,255.4078426508571,262.31429632263416,7871,
2012-12-05,255.1456298828125,257.8994663057607,253.74684778049848,257.63720633387976,23999,
2012-12-06,256.6318054199219,265.76757653513664,255.3204522462288,265.76757653513664,14383,
2012-12-07,256.0198669433594,257.8994678989161,253.09117273469903,256.6318157747117,8680,
2012-12-10,251.9546356201172,256.15095457963787,251.12410137543,255.9760968398473,8193,
2012-12-11,252.4354858398437,256.9815208454024,250.03133835565475,253.5719812514591,7049,
2012-12-12,250.8181304931641,254.40250096291524,249.1570885719273,254.3587998648092,2127,
2012-12-13,244.3488006591797,253.353414841706,243.38713635824297,253.3097137423876,10089,
2012-12-14,238.491439819336,245.57275288610523,235.21305661060487,240.85188640144264,17456,
2012-12-17,245.1793365478516,247.1900673611986,238.6225708353529,238.6225708353529,15678,
2012-12-18,247.4085998535156,253.57194829465607,245.7475580525989,247.27746988914893,35842,
2012-12-19,249.1570587158203,250.07499510242948,247.40858812834088,249.9875929166906,9487,
2012-12-20,251.8672637939453,252.6540704421108,247.27752722017,249.06969940096647,6264,
2012-12-21,251.0366973876953,252.6540382626565,248.2828611300846,248.2828611300846,5296,
2012-12-24,248.4140014648437,253.5282842590833,246.7966605224536,249.20080804560004,5886,
2012-12-26,253.8779754638672,254.40252208242123,250.07504582878715,253.4408577283304,8390,
2012-12-27,256.50067138671875,262.09577283685144,251.7798053719052,251.7798053719052,15026,
2012-12-28,259.1670837402344,261.0466844326507,251.7797842594157,256.2820910378677,38034,
2012-12-31,262.8825988769531,265.33044735702765,257.4623286545128,262.0520645643131,11536,
2013-01-01,281.897216796875,292.78143157301065,255.4515958160006,263.14485670225423,328258,
2013-01-02,293.8742370605469,298.6825319681194,281.7660709119318,284.4762061048369,162601,
2013-01-03,288.5414123535156,292.9125897967112,286.7492402736254,288.4977112509036,25080,
2013-01-04,286.3121337890625,290.202492538322,281.5038384124523,290.202492538322,12083,
2013-01-07,284.3014221191406,288.97856114217484,284.12656433080826,288.4977422435899,8837,
2013-01-08,284.2139587402344,286.5743785190064,282.1595000345916,283.2522943801942,14409,
2013-01-09,284.08282470703125,285.6564378704582,280.673285053691,284.257655792107,16779,
2013-01-10,270.6632995605469,285.8749909930761,267.9531643406049,285.8749909930761,11215,
2013-01-11,262.6640625,272.7177705912767,258.3365861715002,270.6633118628015,7143,
2013-01-14,267.2537841796875,268.7399684171773,258.8173908558365,258.8173908558365,3662,
2013-01-15,281.5037841796875,286.5306374686105,263.1448417331861,268.7836704421441,26218,
2013-01-16,281.1978759765625,285.0008061802153,273.7668733614342,277.2638157685534,14067,
2013-01-17,275.7775573730469,283.90793561966694,272.84886355576464,281.1978006442782,9683,
2013-01-18,275.3841857910156,283.95168312158256,272.23693261749395,276.12729131080624,4570,
2013-01-21,280.2799072265625,285.43789135152224,279.7553605895471,279.7553605895471,11441,
2013-01-22,275.0344543457031,283.6456781264518,272.1931893765937,280.62955541050167,8939,
2013-01-23,275.2967529296875,286.53068441266936,272.1932275842231,278.0943171945527,18207,
2013-01-24,257.5934753417969,276.2584079217897,253.5719868525952,272.761466049362,9243,
2013-01-25,258.3802490234375,264.0190777464634,243.56197573380555,260.56583741537844,9607,
2013-01-28,256.5880432128906,266.55431962358165,255.276690351496,264.84957691149395,25510,
2013-01-29,253.5282440185547,258.77365596376615,251.9109033328722,257.6808618085138,1933,
2013-01-30,253.6156768798828,257.8994247000078,250.9929708659844,255.3204197811896,1969,
2013-01-31,254.4462127685547,256.8503602155948,247.5397581656945,252.6540407980349,4260,
2013-02-01,254.0091247558593,261.2652957250417,252.3043814654178,252.3043814654178,12614,
2013-02-04,253.2660522460937,260.47849561160206,250.9930344555989,257.4623722596596,2542,
2013-02-05,247.0151824951172,257.6808642220993,246.1409471627267,251.16780032397205,22672,
2013-02-06,248.8947906494141,252.5228616637233,247.4522811183436,247.4522811183436,2921,
2013-02-07,236.3495483398437,250.46844487008383,235.73757288125668,249.06966287870443,7209,
2013-02-08,227.9569091796875,241.11414293031908,223.017483885242,237.7920586649089,27912,
2013-02-11,226.99522399902344,229.22454035261816,222.055799156838,229.22454035261816,12312,
2013-02-12,228.525131225586,234.03283032565344,222.09950895505463,225.5527361624553,19019,
2013-02-13,233.9890899658203,249.1570788753705,228.5251189378517,228.5251189378517,34704,
2013-02-14,228.74366760253903,235.0381726185452,227.3448857456994,231.67236127914668,2961,
2013-02-15,227.3012084960937,233.0711675861349,223.1485902639536,229.22453708595668,186863,
2013-02-18,227.82579040527344,229.22457262572323,226.3833070790025,229.04971484333512,26017,
2013-02-19,232.80889892578125,234.9070854328992,228.13176042583424,228.17546152825344,2599,
2013-02-20,240.19618225097656,242.2069130502302,232.546622306678,233.5082866070136,5289,
2013-02-21,228.1317596435547,239.45309312493765,225.6401831845582,233.90169247969447,10979,
2013-02-22,228.1317596435547,233.2897436501749,225.5527543004698,227.34492636630875,5943,
2013-02-25,227.56344604492188,233.37713234117533,225.72757319299447,229.09335787455805,3873,
2013-02-26,227.3448944091797,231.41011017168444,220.30731044188235,226.42695795415685,20657,
2013-02-27,229.66165161132807,232.9400343807349,226.4269699403612,230.75444586779705,247888,
2013-02-28,230.84185791015625,233.7705519783121,229.13711480508525,230.0113502475468,28434,
2013-03-01,230.1424865722656,234.29510503843187,228.26288565506863,228.5688734042749,202115,
2013-03-04,226.427001953125,227.34493858652,217.77207555414745,222.6677865114308,9530,
2013-03-05,230.9729919433593,232.9837225922244,224.15394015244485,231.3663818462004,10059,
2013-03-06,237.0052185058593,238.4040004595184,226.42696499821847,226.4706660957046,8578,
2013-03-07,239.7153778076172,243.03746193928407,236.04357814247007,239.49681893896675,3881,
2013-03-08,246.6218719482422,249.5942676987616,242.16326498268631,242.16326498268631,5426,
2013-03-11,252.8288726806641,256.50064512534743,245.70383326865945,245.70383326865945,6603,
2013-03-12,249.02589416503903,254.83955272491377,246.5780196748801,253.52819996646656,8435,
2013-03-13,244.9170837402344,253.3971792381789,243.91171819469704,253.3971792381789,3779,
2013-03-14,238.70997619628903,243.95538883576407,236.3058287365297,243.95538883576407,4237,
2013-03-15,240.9830017089844,248.19544432868463,234.2951057066267,234.2951057066267,9359,
2013-03-18,235.387924194336,239.93395977167407,234.29512974589423,236.0436008634009,1056,
2013-03-19,227.82579040527344,236.0435992660324,225.59647373780763,235.3879226014045,4847,
2013-03-20,220.30734252929688,228.78743741752223,219.43310704306955,220.30734252929688,3326,
2013-03-21,220.21990966796875,229.70536985815443,218.64629649299616,219.7827919327487,3646,
2013-03-22,219.1271209716797,223.93541618289748,218.12175549069863,223.93541618289748,2345,
2013-03-25,217.1163787841797,225.5527455190403,215.8924411534676,225.5527455190403,6136,
2013-03-26,214.4499664306641,217.24751730547567,211.6961166581382,215.0619286001893,967,
2013-03-28,213.7505798339844,216.5918452101008,210.6907555827821,213.40089096975703,1453,
2013-04-01,222.318099975586,224.72223436524789,215.6301901061941,220.70075889441765,1292,
2013-04-02,223.71685791015625,227.91320429530367,220.35105925713435,220.6570336766227,2696,
2013-04-03,221.8809509277344,228.91854868430704,220.3947533906394,227.25750673221967,803,
2013-04-04,222.6240234375,232.3717421181765,211.21526295089285,218.99595212149603,5527,
2013-04-05,220.8755645751953,225.2904692749917,219.43308152656743,219.4767959637505,1146,
2013-04-08,220.394760131836,224.63480735890087,219.4330958103034,219.60794023064364,3194,
2013-04-09,218.9959716796875,224.54737190647933,217.68461855585704,220.5695980962388,1658,
2013-04-10,217.90318298339844,220.39475931831583,214.71222896970164,219.2582505806382,743,
2013-04-11,217.07264709472656,220.30731532640564,211.56496154361176,215.67386515357023,6661,
2013-04-12,212.351791381836,216.548124326634,209.8165138421532,213.92541790360704,5687,
2013-04-15,207.5872039794922,214.9744908300504,204.9207832013048,212.43921337262427,4845,
2013-04-16,201.8609619140625,207.412362408211,201.0741553377809,207.412362408211,10430,
2013-04-17,201.7298278808593,205.09563966245184,200.19991586009445,200.19991586009445,5113,
2013-04-18,209.6853485107422,211.04040259573472,201.11783963843763,202.82259585808345,20063,
2013-04-22,206.84413146972656,214.18770457643703,205.09566041195973,213.22604015875507,6506,
2013-04-23,214.18768310546875,219.4330957529496,202.99746678955472,204.5710932517538,17273,
2013-04-25,222.88633728027344,227.12637143663164,216.41699993872948,220.3073452322164,13025,
2013-04-26,226.5144195556641,229.04969712688376,215.93616484862704,216.81040033384417,5550,
2013-04-29,224.5036163330078,229.7927559520241,222.0557681434022,222.0557681434022,3994,
2013-04-30,224.0665435791016,227.3012255374154,219.9139383754044,227.21379665322183,5641,
2013-05-02,223.7605743408203,226.2084364173496,219.6079557012748,224.066548763027,6380,
2013-05-03,221.7061004638672,225.7275885978389,220.78815063548524,221.18155389342795,15462,
2013-05-06,222.40548706054688,225.55273993036857,221.3564072171976,225.55273993036857,907,
2013-05-07,223.8917236328125,225.5527657969574,221.3564326025473,222.05582369157824,10567,
2013-05-08,226.8640899658203,227.30120767288355,222.492912895188,222.492912895188,3906,
2013-05-09,237.48605346679688,239.58421320037544,225.5527449699919,227.30121586123207,11858,
2013-05-10,229.1371307373047,241.7698177515133,223.49830106953263,232.5903449674056,10180,
2013-05-13,225.55274963378903,229.4868092204249,223.8042787063953,227.38864944346227,2698,
2013-05-14,224.1976928710937,226.4269826071828,222.93004079085563,224.06653620934244,15199,
2013-05-15,225.2467193603516,226.3832412563184,223.8042364534937,224.1976530097022,4679,
2013-05-16,224.02284240722656,228.08803206524288,223.0611780404953,225.24676674690733,13269,
2013-05-17,226.6018524169922,227.25752904241224,223.80428814337984,224.2414058936599,5476,
2013-05-20,233.59571838378903,236.0435669245204,227.34491369381604,229.923918893144,6786,
2013-05-21,231.8035430908203,241.24530272671856,230.44848870489432,234.68853631826872,10483,
2013-05-22,230.66702270507807,236.04356524417472,230.0113461349554,236.04356524417472,3309,
2013-05-23,223.45455932617188,234.25137116356663,220.3073067509633,229.9238955377117,16882,
2013-05-24,221.2689819335937,224.4599357623685,220.56959095557133,221.66238519005216,1383,
2013-05-27,222.9300537109375,228.962273357794,218.77743506338084,218.77743506338084,8822,
2013-05-28,219.0834197998047,225.20306824851684,217.68463767561764,222.05581513898343,2275,
2013-05-29,220.1762084960937,222.93004489119275,218.77742640792545,222.93004489119275,10376,
2013-05-30,224.1539459228516,225.55272786567983,219.0396769576681,221.0941220952164,1734,
2013-05-31,218.9959716796875,222.75518663595625,216.81038313997007,220.7881569502105,2626,
2013-06-03,217.7283172607422,221.18154423599788,215.45530000778328,221.18154423599788,970,
2013-06-04,216.28582763671875,219.2582359320416,215.23674784886435,217.90316842533363,574,
2013-06-05,214.7559356689453,220.26362174146192,213.9254146489108,218.5588652603858,1310,
2013-06-06,218.34030151367188,219.2582513951977,210.7781702806396,210.7781702806396,2201,
2013-06-07,217.59718322753903,220.2636038349012,216.06727129509216,218.34028864492265,1747,
2013-06-10,215.2804718017578,218.60256905995288,214.88706853139465,218.55885462107392,1474,
2013-06-11,212.08950805664065,216.81037376233047,210.69072611581308,214.6247853171457,515,
2013-06-12,211.7835388183593,215.9361572265625,209.81650904605263,212.4392154091283,150542,
2013-06-13,210.29733276367188,215.93614854974905,207.2375087963677,215.93614854974905,471,
2013-06-14,212.0020904541016,236.0435646293089,208.94226646816608,236.0435646293089,2777,
2013-06-17,210.2099151611328,213.66314258436063,207.2375199122271,207.2375199122271,1056,
2013-06-18,211.6087188720703,213.0512022027032,210.20993664739075,210.20993664739075,5200,
2013-06-19,204.65850830078125,215.0619040126377,201.9483732801598,213.3134332483073,4068,
2013-06-20,201.8609619140625,207.150089102859,201.16158421948973,207.150089102859,1949,
2013-06-21,201.94839477539065,204.48367231761333,199.3256883497362,202.91005913404047,955,
2013-06-24,199.15084838867188,205.44534128344367,197.5772218300352,205.44534128344367,1409,
2013-06-25,193.30918884277344,202.4506845089253,190.8565924445376,200.66697803748107,5810,
2013-06-26,193.79969787597656,196.1631033490521,191.7484328493566,191.7484328493566,1045,
2013-06-27,194.42401123046875,202.4060952083481,192.64030470541857,202.4060952083481,773,
2013-06-28,194.6023864746093,200.66699160941417,193.62135601412416,200.66699160941417,2230,
2013-07-01,201.1575164794922,203.3425543638749,192.8186826005155,192.90787337481743,3205,
2013-07-02,203.87765502929688,205.7951340417167,199.77512470355165,200.6669779388353,2389,
2013-07-03,204.8586883544922,207.7126160265199,200.88994412240672,201.55883405844136,2447,
2013-07-04,207.578842163086,208.11395955195192,205.12624574655104,206.9099522313037,1131,
2013-07-05,205.21543884277344,207.66803528713749,205.1262480740836,205.1262480740836,1658,
2013-07-08,208.1585388183593,218.5040417486756,205.1708386575683,218.5040417486756,2951,
2013-07-09,214.9365997314453,217.5229683096706,209.80844434366188,210.0314076213916,1830,
2013-07-10,214.0447540283203,215.82846031188967,210.83407727445592,215.82846031188967,4440,
2013-07-11,215.24880981445312,220.287775759851,214.04480235775,216.72036238722183,3520,
2013-07-12,218.19189453125,220.1093872046696,214.0447823172928,214.1339730866986,3107,
2013-07-15,214.08937072753903,218.1918874231444,214.0447753442889,218.1918874231444,5329,
2013-07-16,214.08937072753903,217.12166626814303,213.1529221136877,214.0447753442889,1458,
2013-07-17,214.0447540283203,225.638844871521,214.0447540283203,216.22979150397296,12463,
2013-07-18,213.95558166503903,214.9366256487848,209.71927887735555,214.0893678129681,15384,
2013-07-19,212.2164764404297,214.04477831021623,210.43276995451123,210.56655610611543,5384,
2013-07-22,209.496322631836,210.70032996076628,208.2477335273605,210.70032996076628,423,
2013-07-23,205.1262359619141,210.34358262438528,203.6100882439156,209.5855019610861,1712,
2013-07-24,205.3938140869141,209.9868530574152,198.8832823900921,204.5465561885868,12540,
2013-07-25,207.93557739257807,209.58551132946303,205.1708405146689,208.6936580897632,6240,
2013-07-26,192.28358459472656,208.6936805259781,190.856613814356,208.6936805259781,22389,
2013-07-29,192.28358459472656,194.42402715668044,187.2892004720316,192.4619525401224,2795,
2013-07-30,207.89100646972656,219.3959084189892,191.79305193108456,191.8376473171176,101430,
2013-07-31,195.13751220703125,207.80182682850744,193.1308422054684,205.1262668264237,3447,
2013-08-01,195.71717834472656,201.5142240359177,194.4239939507192,198.8832598670201,2939,
2013-08-02,195.98475646972656,199.28461085352623,191.7484534288565,192.6849020859269,1413,
2013-08-05,199.8197326660156,202.3615063814228,191.8376484294612,191.8376484294612,1988,
2013-08-06,187.7797241210937,196.25233088098,187.28920206064308,196.25233088098,4684,
2013-08-07,197.5009155273437,198.7049229560463,190.0093530624885,194.2010609561242,3845,
2013-08-08,197.3671112060547,201.5588184250324,193.3983672817949,198.39273691831747,803,
2013-08-12,202.49526977539065,208.69364673225687,192.6402892913141,198.1251809735297,3355,
2013-08-13,196.3860778808593,200.2210494790149,194.7807393503989,197.99141641131988,3307,
2013-08-14,202.18313598632807,206.9099610951355,196.2969124996444,196.34149427679267,36561,
2013-08-16,196.47528076171875,205.12625487607653,194.42401549123767,205.12625487607653,1310,
2013-08-19,185.7284393310547,192.55111125079603,181.938063018176,191.74844876915608,2496,
2013-08-20,190.54444885253903,192.1943828728461,187.28918980648584,189.9647496608642,4208,
2013-08-21,185.50547790527344,197.1441656590312,184.56902926143533,197.1441656590312,2609,
2013-08-22,189.7417755126953,192.77407106452267,187.28917911946425,189.07288558726864,96845,
2013-08-23,188.4932098388672,194.37943374850988,187.2892023801256,191.74846910346187,94161,
2013-08-26,187.4675445556641,191.5254794377652,187.28917663297173,187.3337720157949,1366,
2013-08-27,185.01492309570312,189.96471052837336,182.82988571979595,189.96471052837336,1915,
2013-08-28,181.0908203125,182.8299315740449,169.5413224786892,181.9380782492935,3329,
2013-08-29,183.900146484375,191.79305357899847,181.9826673458897,191.79305357899847,1550,
2013-08-30,177.52337646484375,187.73509255427064,175.6950747420015,182.8744954925189,4026,
2013-09-02,182.6961364746093,182.91909977828425,174.89242084598973,174.89242084598973,617,
2013-09-03,182.0718536376953,186.4419431621392,177.47881438719608,186.4419431621392,32019,
2013-09-04,177.88011169433594,182.82989950008243,176.72069985383504,182.82989950008243,3922,
2013-09-05,180.10975646972656,188.8499208159882,178.549013322487,181.9380583067844,1865,
2013-09-06,178.3706817626953,182.6515808467206,176.72074751294917,182.6069854545593,6511,
2013-09-10,182.6515350341797,186.39731568996137,178.3706370238865,178.3706370238865,7116,
2013-09-11,185.90679931640625,187.7351011226941,179.0395323058472,184.61361488074903,10853,
2013-09-12,183.9447326660156,186.3527337173779,182.38398947975853,186.3527337173779,3612,
2013-09-13,188.58238220214844,190.9903834496617,180.421929749853,180.421929749853,4456,
2013-09-16,187.95806884765625,192.59570293736115,186.4419210733336,189.9647386218305,3220,
2013-09-17,184.9703521728516,186.843249376148,183.4987998049759,185.55006493034816,749,
2013-09-18,183.7217712402344,196.20771685850272,182.82991798178665,187.82430167253423,31342,
2013-09-19,188.8053436279297,190.8566089694148,184.6582311661938,187.28919571765,5986,
2013-09-20,188.4932098388672,193.5321757927964,184.7028331240313,193.5321757927964,4327,
2013-09-23,184.9703521728516,190.8565888615545,180.3773135385486,180.3773135385486,3280,
2013-09-24,184.70281982421875,188.13644678878288,183.72177577228555,185.5054823331815,2474,
2013-09-25,185.41629028320312,187.2445922172351,183.2758478683273,187.2445922172351,4145,
2013-09-26,185.37168884277344,188.1364255346641,182.8299018372066,182.8299018372066,2347,
2013-09-27,183.766357421875,187.1108069735643,183.7217620394658,186.39732168081724,618,
2013-09-30,181.93809509277344,184.47988274706955,181.93809509277344,183.36506598792263,20796,
2013-10-01,182.1610412597656,185.95141788328584,181.5813420431385,181.6705192102956,1672,
2013-10-03,184.1676788330078,185.72842187396552,180.1543395848309,180.1543395848309,4854,
2013-10-04,185.2825164794922,188.9837020993004,183.81096403031563,188.9837020993004,1087,
2013-10-07,187.7797241210937,191.70387338749487,183.7663840769371,184.61364203120533,3228,
2013-10-08,189.7417755126953,192.46193059781712,187.7797011198305,188.6269589703176,3890,
2013-10-09,189.920150756836,190.67823147830765,181.49214009338425,189.7417828249017,1874,
2013-10-10,190.5890350341797,193.5321534535809,189.9647404866947,191.74844697013785,4604,
2013-10-11,191.3917236328125,192.64031280943308,182.9191172823976,191.74845950938945,4461,
2013-10-14,189.29586791992188,191.7038691717412,185.50549129490577,185.50549129490577,2872,
2013-10-15,187.7351226806641,193.88890510656583,184.7028268551533,193.88890510656583,52667,
2013-10-17,184.9703521728516,190.63362555680973,184.70280709403792,187.8242933604652,1650,
2013-10-18,188.8499298095703,191.0349675980435,184.83659009697024,184.8811854821637,4606,
2013-10-21,190.90118408203125,191.74844191762165,185.0595427809604,185.0595427809604,5144,
2013-10-22,193.3537750244141,193.79970162105312,189.83095763268548,189.83095763268548,3287,
2013-10-23,191.2133331298828,196.11852605037384,189.42962661334064,193.75512035939573,10339,
2013-10-24,191.16873168945312,195.8509608137432,190.2768785229217,195.8509608137432,1096,
2013-10-25,190.1876983642578,194.2902286024251,189.5634038346063,194.2902286024251,2176,
2013-10-28,185.817626953125,196.20771169729144,185.0595462599453,191.0349602126428,5152,
2013-10-29,192.0606231689453,196.2077357771581,185.639268202084,185.639268202084,934964,
2013-10-30,190.90118408203125,198.8832676633936,189.65258141136107,197.0995612269506,7592,
2013-10-31,189.8755645751953,193.53216859579143,185.50548879227927,189.8309827965015,13561,
2013-11-01,195.85096740722656,198.88326283207843,191.7484372596272,191.7484372596272,20355,
2013-11-05,217.79055786132807,221.17960288532333,196.2077122369804,207.80180432371105,26625,
2013-11-06,217.701400756836,230.00896568038004,214.2677600329505,218.0581366412337,10068,
2013-11-07,216.00685119628903,225.63886887389063,214.0893721809195,214.0893721809195,10741,
2013-11-08,214.49073791503903,221.1796382658199,213.1529578448829,214.044811224987,6581,
2013-11-11,210.0314483642578,213.0637440861612,205.26002785182044,209.58552172229548,4490,
2013-11-12,203.3871612548828,206.86538391176785,198.2144090506264,198.2144090506264,13911,
2013-11-13,205.1262359619141,206.95453774329457,200.666969962742,200.666969962742,1929,
2013-11-14,208.5153045654297,213.15293901046428,205.26003185052744,205.26003185052744,1415,
2013-11-18,209.8976593017578,214.04477130229984,208.51528409871045,213.0637273237243,2081,
2013-11-19,215.4271545410156,217.43382434682567,200.71157596507533,209.89766713117032,9550,
2013-11-20,222.9633178710937,225.63887768554687,214.04478515625,218.3702789663896,9577,
2013-11-21,215.3379821777344,222.9633308132685,214.04479758073776,217.65680626163305,5541,
2013-11-22,213.95558166503903,218.0581119133937,210.56655032177235,217.433817382192,1704,
2013-11-25,214.4461212158203,218.1473205406433,212.7516054054396,214.98123863415177,1303,
2013-11-26,214.1339569091797,221.6255182808677,213.1529129542349,213.1529129542349,3452,
2013-11-27,213.6434326171875,219.8864048954938,209.4963071528672,214.04476382764443,3469,
2013-11-28,213.59884643554688,215.65011156562497,211.36921338298376,213.28669236474795,1399,
2013-11-29,212.03811645507807,214.49071296507373,210.03144658326352,211.3692264978066,3686,
2013-12-02,214.8474273681641,218.05810428574995,211.1016467033803,213.7326108840856,4891,
2013-12-03,218.59323120117188,219.3512982783376,214.8474367639756,214.8474367639756,6361,
2013-12-04,222.24981689453125,226.4415242538561,215.828476513374,215.828476513374,5195,
2013-12-05,226.5753326416016,227.868517199487,214.04479110715025,217.61220429226933,3567,
2013-12-06,228.1806488037109,230.98998096662177,220.2877424662377,222.96330209133376,5681,
2013-12-09,239.50718688964844,242.58409158523912,232.7737055284831,232.7737055284831,19853,
2013-12-10,229.42926025390625,240.8003897708637,214.0447909074344,240.8003897708637,14419,
2013-12-11,230.7224273681641,238.0802160653832,230.187310019472,232.77367878475164,5538,
2013-12-12,224.92539978027344,231.88185824947809,222.96332523988275,230.99000494851853,3038,
2013-12-13,220.9120635986328,228.00229473741635,219.03917980064185,220.28776899930247,2423,
2013-12-16,221.7147216796875,222.96331077659624,218.3256766341632,222.96331077659624,991,
2013-12-17,222.9633178710937,227.1104301400557,215.07041097501664,215.07041097501664,23818,
2013-12-18,224.61325073242188,233.84393748910804,215.87308599429505,218.50405041016663,6913,
2013-12-19,221.8039093017578,224.65783709260344,218.9945768968913,221.4025780451485,760,
2013-12-20,220.86746215820312,222.87413206372983,217.7013938608086,217.7013938608086,2011,
2013-12-23,228.8941345214844,237.41134951404976,223.855169028623,223.855169028623,11496,
2013-12-24,231.1683959960937,233.66557445452776,228.53741776325472,232.684530339713,3571,
2013-12-26,233.66555786132807,237.545125047886,226.5307316670891,229.74140889793708,3751,
2013-12-27,230.4994659423828,237.1883648122465,229.5184219980296,237.1883648122465,2395,
2013-12-30,227.51177978515625,233.6209802667808,225.72807320466453,233.6209802667808,1188,
2013-12-31,224.3903045654297,233.6209920276009,220.7337004479025,230.72246868838604,6915,
2014-01-01,227.2441864013672,230.4548495911792,223.85514169384413,228.31440746463784,5701,
2014-01-02,228.8941345214844,232.9074742052645,226.5307288178097,230.3656869620968,6790,
2014-01-03,236.7870330810547,238.12481292897024,225.05916852443505,228.6711632269268,11645,
2014-01-06,243.25299072265625,248.6933013664936,236.3411275582178,239.9085408043796,72345,
2014-01-07,242.0489654541016,248.82705556526955,238.21400738424128,243.47593609074764,6390,
2014-01-08,236.25198364257807,239.9085883885969,229.3847281119657,239.9085883885969,2651,
2014-01-09,233.9330902099609,247.93519674007564,231.88183867776857,239.9085177089221,5298,
2014-01-10,226.97666931152344,238.12483578065525,225.6388893352276,238.12483578065525,3862,
2014-01-13,228.8495635986328,232.32778604609345,223.8997750321685,225.05918705085583,4478,
2014-01-14,226.7091217041016,231.70349236185365,226.30779041326647,228.84957793622587,1863,
2014-01-15,229.51844787597656,231.70347208950488,222.9633208009871,228.35902227749008,5763,
2014-01-16,225.8172302246093,233.66554120038825,224.7916044757576,233.66554120038825,2789,
2014-01-17,223.36463928222656,228.22523667598463,223.05249881611752,224.1673153563648,2145,
2014-01-20,223.0970764160156,226.8874525819268,220.8674433772443,226.8874525819268,2051,
2014-01-21,226.21856689453125,227.3333834347341,222.0714548084166,222.1606455750729,1910,
2014-01-22,222.51739501953125,223.8551749495084,221.6255417328798,221.6255417328798,1070,
2014-01-23,220.6444702148437,225.5496626809737,219.3958812123596,225.5496626809737,6211,
2014-01-24,219.52967834472656,227.2442173438,218.81620661112987,218.81620661112987,968,
2014-01-27,219.61886596679688,230.76703175191344,209.89767084561552,215.20419503761087,5629,
2014-01-28,216.40817260742188,219.75262209306263,214.133957844066,219.3958862580342,26368,
2014-01-29,209.98683166503903,224.7024093561901,206.19645559307588,222.07144515737096,5575,
2014-01-30,208.60450744628903,215.4717895997424,207.08835936889665,212.2611118758265,1178,
2014-01-31,211.280029296875,213.01915401973528,208.8720282457,212.97455863555413,1759,
2014-02-03,207.846435546875,214.0448138941732,205.126279981916,214.0448138941732,1052,
2014-02-04,208.69366455078125,210.0314444517478,207.31128926472897,207.31128926472897,450,
2014-02-05,208.20314025878903,210.03144215853467,206.2410658138477,206.2856611984465,991,
2014-02-06,207.75721740722656,209.58551934021244,205.2600255188996,208.6936660664243,1886,
2014-02-07,208.8274383544922,211.10166692154544,207.3558858980112,211.10166692154544,499,
2014-02-10,207.75721740722656,208.6936660664243,206.90995951884804,208.6936660664243,3041,
2014-02-11,210.38815307617188,211.3691969866381,207.89097513789253,210.43274845548385,3851,
2014-02-12,206.41944885253903,211.68139162253107,205.12626425612297,205.12626425612297,3426,
2014-02-13,205.92892456054688,210.38819112624603,205.5721886787316,210.38819112624603,2681,
2014-02-14,206.01812744140625,209.54094551359725,205.12627407585904,209.54094551359725,2504,
2014-02-17,206.28564453125,209.4963078339428,205.12623266836107,209.0949766221812,1486,
2014-02-18,205.795150756836,209.58552731465417,205.1262607760445,208.73826939403864,4799,
2014-02-19,206.6869964599609,208.15854892011896,205.1708486143373,206.77618723089216,28314,
2014-02-20,207.04373168945312,208.8274382337813,204.23439932557665,204.23439932557665,303,
2014-02-21,213.95558166503903,215.65011094527256,207.80179990110727,207.8909906663933,24370,
2014-02-24,211.9043426513672,219.03916881998427,208.6936654320492,208.6936654320492,25843,
2014-02-25,212.35025024414065,222.7403344770055,208.20312474036987,218.3256639027848,4594,
2014-02-26,209.76388549804688,214.0447838977215,208.8720322318064,214.0447838977215,799,
2014-02-28,209.6746826171875,214.0447576422777,207.1328956767458,214.0447576422777,1905,
2014-03-03,209.63009643554688,217.61217981779947,205.17083045567392,217.61217981779947,15179,
2014-03-04,208.1585388183593,211.3692158956576,207.13291304542813,211.3692158956576,5097,
2014-03-05,206.41944885253903,210.96790624252856,205.26003681111013,208.20315549824448,2827,
2014-03-06,214.1785430908203,216.2744035792552,205.6613558161256,205.6613558161256,27373,
2014-03-07,212.1718597412109,221.1795820335996,209.8084543282432,215.33794115736336,13472,
2014-03-10,210.2989959716797,214.8920346980329,206.90995094991783,214.0893722283053,13079,
2014-03-11,221.75930786132807,230.9899945543335,210.7003328705069,210.7003328705069,34991,
2014-03-12,216.40817260742188,223.85515223888856,214.93662027717983,223.85515223888856,27634,
2014-03-13,215.96229553222656,218.86081908445004,212.70703606317056,215.33800087346825,3487,
2014-03-14,214.4461212158203,215.9622690896244,211.3246346956232,211.41382546821225,4565,
2014-03-18,213.2421112060547,216.05144341695268,212.5732212883552,215.2487809591533,3909,
2014-03-19,213.5096893310547,216.8987348269735,211.81517338739644,213.0637626502391,4872,
2014-03-20,215.11502075195312,218.0581394664725,211.3692394828384,211.3692394828384,3145,
2014-03-21,238.3923492431641,244.7691213907727,225.6388593823461,231.88183177632408,133030,
2014-03-24,237.3221435546875,240.80036561456907,234.55739317270988,240.80036561456907,9653,
2014-03-25,237.2329559326172,239.9530973600021,234.73577780968023,236.34110271482533,12596,
2014-03-26,236.5641021728516,238.12484554251225,232.32779874091548,237.2329921884204,8034,
2014-03-27,240.7557830810547,242.0043721220446,233.7101210022977,234.0668840573232,13678,
2014-03-28,257.1213073730469,263.0075448682238,240.80040211647827,240.80040211647827,55708,
2014-03-31,259.0387878417969,272.0152417670838,254.4011400461005,260.2427679578246,41507,
2014-04-01,260.4657592773437,263.5426642134176,253.33093249660823,256.40783743268213,17961,
2014-04-02,260.4657592773437,262.9183559832216,245.2596705877829,245.2596705877829,12108,
2014-04-03,262.2940368652344,264.88040575407314,260.2873671246732,260.2873671246732,7689,
2014-04-04,260.4657592773437,262.29407497022976,260.4211774968458,262.29407497022976,10084,
2014-04-07,259.2171630859375,266.5749530063482,246.50825322340992,246.50825322340992,3003,
2014-04-09,258.0577392578125,263.0967045973383,256.54157786986275,263.0967045973383,11546,
2014-04-10,256.719970703125,259.529303076492,249.7634988264236,249.7634988264236,4070,
2014-04-11,258.3699645996094,262.20492368498947,252.7066895459647,256.1849126820178,5923,
2014-04-15,253.42010498046875,263.54264518833423,252.66202424630043,256.85374556426484,7138,
2014-04-16,254.7132873535156,260.37656079460623,250.1648304473956,254.22275174780825,2171,
2014-04-17,267.734375,269.5626634016993,254.1781937782773,256.8537537127855,43430,
2014-04-21,276.7867126464844,278.2582653370371,267.7344059323265,271.1234380207028,17559,
2014-04-22,272.2382202148437,283.38638648080786,270.0977777352192,276.4745233959101,8325,
2014-04-23,266.3966064453125,277.2326192008503,263.9885915142133,269.9194108463452,3804,
2014-04-24,266.3966064453125,266.3966064453125,266.3966064453125,266.3966064453125,0,
2014-04-25,267.3329772949219,269.25045609229664,255.11457845494712,255.11457845494712,8553,
2014-04-28,268.0465393066406,272.0152979837785,258.7712690155532,263.27514519773985,14689,
2014-04-29,267.7789611816406,271.970682701507,260.42117124076293,260.42117124076293,6733,
2014-04-30,258.3699645996094,267.55604457651987,253.86608818557963,263.3643223246044,4049,
2014-05-02,262.7845458984375,264.8804064094269,255.07002098685552,261.84811090407214,3557,
2014-05-05,268.3140563964844,276.4745082115462,263.09670942711654,263.09670942711654,13208,
2014-05-06,269.5626220703125,270.2315119513803,265.7722460775951,268.4478056018662,11332,
2014-05-07,268.44781494140625,270.18693957956776,265.90602786147787,270.18693957956776,376374,
2014-05-08,272.461181640625,280.9337879436886,255.07004238696808,268.0464969432003,20546,
2014-05-09,268.091064453125,269.87477076722803,263.0966813301968,267.5559471154544,17166,
2014-05-12,270.1423645019531,274.6908218659006,267.7343768743598,270.23155527716847,11358,
2014-05-13,266.7087097167969,274.69080737646783,263.2304874044963,274.69080737646783,13626,
2014-05-14,267.7789611816406,269.3397045024329,263.8548119899466,263.8548119899466,192379,
2014-05-15,269.3842468261719,271.79226134101145,265.7722522711121,265.7722522711121,10727,
2014-05-16,279.3730163574219,281.82561267021646,271.1233742143855,277.32176487360084,22429,
2014-05-19,299.1721496582031,303.0516890818071,280.48781530356644,281.8255950267949,37469,
2014-05-20,312.2823486328125,313.9322822642884,296.6749198270595,303.23004536891494,32121,
2014-05-21,307.4664306640625,312.5053964555804,301.44642078158995,307.689393993043,6061,
2014-05-22,328.4695129394531,336.8529545447831,300.2869744283572,312.1040289781778,19698,
2014-05-23,337.5218811035156,351.39018857274186,324.7683630051991,329.093856810512,15134,
2014-05-26,322.98468017578125,348.7146543617722,312.14866758726413,334.8909276543362,14697,
2014-05-27,313.7985534667969,329.27221191067804,306.084028739988,312.63912797794256,4814,
2014-05-28,326.5520935058594,329.9857342926152,309.9636160141952,313.9323742459474,6160,
2014-05-29,331.055908203125,341.579764741708,312.2378008378836,312.2378008378836,8546,
2014-05-30,322.4495849609375,333.4639798628784,321.24560464814545,333.1964347305259,1397,
2014-06-02,327.5331115722656,337.1205341710454,321.11175717736506,321.11175717736506,3039,
2014-06-03,341.13385009765625,354.7791932146825,322.4495146106563,341.668967462818,533188,
2014-06-04,342.3824768066406,346.0390807841404,329.98572136631947,334.4449878712697,37362,
2014-06-05,344.1661682128906,357.4547763674792,342.0257258284605,343.4526964904811,27241,
2014-06-06,343.72021484375,352.3265927053734,342.0256992219443,344.7904495613112,9258,
2014-06-09,341.4905700683594,355.3589030589252,335.02463464798706,342.0702691798496,83306,
2014-06-10,328.9601135253906,345.9945179504371,326.0169811406545,345.9945179504371,60593,
2014-06-11,318.2132873535156,342.42712932690733,315.8944902499683,325.7048778078281,24937,
2014-06-12,349.115966796875,354.06574146447264,323.69814908469,323.7427308604624,34677,
2014-06-13,334.5787353515625,364.7679727713077,331.9477846411119,354.0657339613916,23740,
2014-06-16,338.3691101074219,347.8227597913447,315.3593076542593,347.8227597913447,3571,
2014-06-17,349.740234375,358.5249940252784,322.22655712638624,329.138419573391,16492,
2014-06-18,345.10260009765625,352.2820073349444,344.2553286868064,349.74022031959424,5978,
2014-06-19,348.6253967285156,355.67103128803944,340.68790900405975,343.36346849885604,11763,
2014-06-20,334.2666320800781,356.5629663228049,322.4049931498294,347.91200496694984,16051,
2014-06-23,343.095947265625,345.10261702609336,329.9856939436849,334.26657854580384,5457,
2014-06-24,344.4783020019531,346.84170756253945,330.0302691281951,342.4270505079801,6502,
2014-06-25,339.7514953613281,347.8227561229419,336.40704578322294,346.84171213659096,11983,
2014-06-26,346.4403991699219,349.78484879294007,338.9042284658407,342.91756801346247,8808,
2014-06-27,347.8227844238281,349.4281094650571,340.7325398544614,347.8227844238281,69739,
2014-06-30,365.4814453125,370.11909302767896,347.77818034746684,347.8227621223971,32952,
2014-07-01,367.0422058105469,374.3999953567837,358.1236730272295,358.1236730272295,16717,
2014-07-02,381.0888977050781,382.3375140775499,369.8069590958898,370.5204580540454,11406,
2014-07-03,374.7120971679688,385.05759919665735,365.79356562896106,385.05759919665735,2725,
2014-07-04,371.5906677246094,383.4969145860109,370.11911523998725,375.9161616232642,4455,
2014-07-07,363.4747619628906,380.77673587328536,358.970914175028,380.77673587328536,2949,
2014-07-08,349.65106201171875,371.01095861705744,348.7146269693977,361.24515446850177,5051,
2014-07-09,338.99346923828125,349.6065188307745,334.4450116365828,338.94886023974016,29238,
2014-07-10,345.5931701660156,352.1036886783906,327.9344848740918,338.9042700982863,30330,
2014-07-11,337.1205444335937,352.4158229505663,325.526451635613,345.2364148356208,25682,
2014-07-14,330.5654296875,347.7782152017616,326.5520897223328,337.1205570740472,8441,
2014-07-15,354.1549377441406,360.1303383022978,325.8831782953556,325.9277872890235,11501,
2014-07-16,352.0590515136719,354.06572121830965,338.1461361180767,350.0969635822573,4328,
2014-07-17,356.9196472167969,361.2005315182823,349.6956311429915,360.3086783540396,8100,
2014-07-18,356.8750305175781,360.1302890532906,338.9041950898082,356.74125798927173,2977,
2014-07-21,355.4481506347656,365.615300852506,350.4983753055012,356.8751214738524,4473,
2014-07-22,351.2118530273437,367.4435955628773,349.74030038175874,354.95764814083776,4597,
2014-07-23,356.8305053710937,362.0924343179886,346.93092844753096,348.8484075700601,3009,
2014-07-24,352.01446533203125,357.63312954777234,348.7145976388504,350.6320765558287,1366,
2014-07-25,348.0903015136719,355.9832079685003,331.32347183398684,349.65104465151705,4127,
2014-07-28,346.930908203125,355.938631314564,339.57311901886845,344.2999302746014,3204,
2014-07-30,338.6812438964844,348.179474786152,334.44494130660075,347.7781571869035,1306,
2014-07-31,338.5029296875,352.1483023365897,336.22871452125395,352.1483023365897,3351,
2014-08-01,361.6911010742188,371.5460965370032,332.8842498815943,346.9309395952852,24016,
2014-08-04,363.7869567871094,373.77572466585656,347.8227881096212,370.0745389024896,15168,
2014-08-05,368.1570129394531,371.0109542435921,349.3389310244167,356.7858839331892,6324,
2014-08-06,382.82806396484375,387.95622090787896,363.8761796101485,373.5527942417516,32149,
2014-08-07,378.1457824707031,392.41543463940894,374.5783694285267,387.95616833668834,10928,
2014-08-08,398.86236572265625,427.49468964059054,357.88150714148526,357.88150714148526,895924,
2014-08-11,433.0130920410156,455.4937733683584,404.4259897201546,407.9993878632167,1022970,
2014-08-12,435.2294616699219,443.1904134496888,424.5545176835576,433.32968092924153,135297,
2014-08-13,463.3642578125,486.4781798129979,431.520393809019,434.5962149938392,977143,
2014-08-14,481.4573059082031,509.5016053084599,468.43025442307487,468.6111964300972,738949,
2014-08-18,534.2440185546875,540.8479892507008,474.943892200264,483.0405657866398,498622,
2014-08-19,527.5042114257812,555.5937881837864,521.3525695999855,539.4908879718884,392064,
2014-08-20,511.7632446289063,533.4749603900132,505.7924896651528,528.9064645750966,146973,
2014-08-21,522.3023681640625,533.746272187948,504.7973218319914,507.2399005614234,214948,
2014-08-22,521.307373046875,527.504236870112,512.0346605545011,524.6998288367679,82160,
2014-08-25,517.4174194335938,532.7513321678335,502.3096704411104,524.6094374646008,145146,
2014-08-26,517.2364501953125,527.7757020932022,505.70209997233,523.5238129286382,297575,
2014-08-27,502.4001159667969,520.1766082300035,498.5101106353588,512.0347134924904,82461,
2014-08-28,493.8511657714844,505.0688541692261,489.6444981124831,505.0688541692261,39616,
2014-09-01,478.1553649902344,496.47462781243865,474.0391959918534,488.1065694862466,84002,
2014-09-02,494.0773315429688,499.36954100536406,477.7030435363458,477.7030435363458,113903,
2014-09-03,493.3988037109375,509.04932241128927,490.549118694461,503.9832218504147,149266,
2014-09-04,481.3669128417969,493.3988687500634,476.7984160454697,493.3988687500634,44739,
2014-09-05,481.2312622070313,491.1824677015376,475.8485536463958,482.1811389610817,36547,
2014-09-08,490.27777099609375,498.05778163531033,477.6578231481752,481.2764430205098,203347,
2014-09-09,480.7789001464844,494.39394655183247,479.467139382381,491.2276541219488,54862,
2014-09-10,485.7545166015625,497.46980997450567,473.58689572553857,479.4671532655882,166550,
2014-09-11,479.1504821777344,489.8706204843032,469.51588556113273,482.2262756588954,145676,
2014-09-12,476.572265625,480.9145987883911,466.89244562142767,474.94389759069855,72284,
2014-09-15,477.9292297363281,480.91458021990775,473.1345692365476,476.30086176489925,51403,
2014-09-16,457.5292663574219,478.9696009056076,454.1368101066253,477.65784011214777,35393,
2014-09-17,446.9447326660156,465.89726345556215,438.75761704067503,461.32876735220657,34570,
2014-09-18,465.8068237304688,471.8679673050331,448.70882426783305,451.377567229512,172514,
2014-09-19,473.08929443359375,481.0050248660756,467.5708663740685,469.9682239627788,207025,
2014-09-22,465.3998107910156,473.0893788692678,460.69559339410864,473.0893788692678,70183,
2014-09-23,443.2809143066406,470.8728895849112,441.4716044523278,462.27866777692526,55681,
2014-09-24,434.9580993652344,446.85433432980335,421.7501588642612,439.70753796682345,43923,
2014-09-25,417.1364135742188,445.6782669293776,415.1461615904561,431.5204221234238,49989,
2014-09-26,431.2037963867188,436.94836110711486,409.4468548737088,412.5226763247296,43776,
2014-09-29,434.2344055175781,444.95457292536935,426.725779965322,426.725779965322,44013,
2014-09-30,428.3089599609375,440.0242267175416,425.8663801944178,429.8468570368466,30369,
2014-10-01,434.37005615234375,438.5766960265482,423.5594463773776,426.4543255688869,29208,
2014-10-07,431.6560974121094,438.7576441849255,425.18782013796897,430.2991150074137,30108,
2014-10-08,437.71728515625,442.8738015953838,425.82107857242914,427.3137536572343,19293,
2014-10-09,449.0706787109375,456.895937932737,434.2343441410276,434.2343441410276,35572,
2014-10-10,449.5230407714844,456.3532022336003,441.4716172087206,445.5877862030687,20058,
2014-10-13,449.2516784667969,452.2822782380032,430.6157799474933,430.6157799474933,17570,
2014-10-14,446.8543090820313,461.3740095147869,441.5168229640878,456.5793494786665,79651,
2014-10-15,446.8543090820313,446.8543090820313,446.8543090820313,446.8543090820313,0,
2014-10-16,428.1731567382813,452.3274538151616,417.9505673252093,452.3274538151616,17026,
2014-10-17,427.4494018554688,432.4250033585483,416.2316876246461,426.1376413251436,16034,
2014-10-20,447.3518676757813,450.337217933601,430.6157512915508,438.757645748744,92569,
2014-10-21,437.0840148925781,454.8604783788432,434.3248284561405,454.8604783788432,25426,
2014-10-22,439.48138427734375,442.8738404989408,434.4153384060624,439.6623263189807,179761,
2014-10-27,445.2259216308594,452.3274684064156,436.5412287158807,452.28224670272607,30537,
2014-10-28,436.72216796875,445.4520825318942,432.922606215151,436.0888984738576,11519,
2014-10-29,437.7625122070313,443.2809127650698,434.32483453894287,434.32483453894287,6658,
2014-10-30,462.5048522949219,479.4671329414349,436.0889161916008,436.0889161916008,159685,
2014-10-31,473.3607482910156,477.1150887823039,465.083132613,467.6614325988915,36918,
2014-11-03,482.27154541015625,493.94161668179856,475.17002593793904,475.17002593793904,85414,
2014-11-05,474.6724548339844,493.0369389479782,468.7016991411245,479.5123366437771,100410,
2014-11-07,443.6427917480469,465.3545386350262,412.5226663029117,452.3274849812629,71180,
2014-11-10,434.053466796875,452.14656716536297,430.84195252462047,443.28095902795593,17725,
2014-11-11,421.4334716796875,436.9935186931946,417.13636109848966,431.9726952677872,42127,
2014-11-12,434.8224182128906,439.88849171098377,420.1217745310325,422.1572482715975,62211,
2014-11-13,426.2281799316406,437.85300171783234,425.1878322466554,432.78692840778587,18679,
2014-11-14,434.7319030761719,441.6072858681808,423.7403515140936,427.9017695940892,68641,
2014-11-17,445.6330261230469,456.1270288816851,430.61574869326097,430.61574869326097,48158,
2014-11-18,446.130615234375,457.7554377015334,439.662337397125,443.2809574580067,21864,
2014-11-19,434.9128723144531,452.2822586013642,431.06808873185,447.804205503181,29514,
2014-11-20,420.1217956542969,442.1501514313263,414.7843364322519,435.1390748613155,43275,
2014-11-21,427.1781005859375,436.9483635094568,419.759918568091,422.47388355883294,31337,
2014-11-24,424.5093383789063,434.23437916222696,420.7550258306418,426.9971395095232,11069,
2014-11-25,422.2024841308594,425.2783054970021,411.61800997408847,424.1022374752061,18367,
2014-11-26,417.1364135742188,423.3785273663781,414.3319776363273,423.3785273663781,15668,
2014-11-27,412.7940673828125,425.09738096179177,410.7133719162565,419.57897991446873,8224,
2014-11-28,419.3075866699219,424.23796739452143,410.2610367957057,410.2610367957057,99044,
2014-12-01,415.5984497070313,424.73546959040215,414.7842658300307,419.3075402665632,8408,
2014-12-02,418.80999755859375,423.33327206464674,410.7133251496083,414.87474321675234,8421,
2014-12-03,424.283203125,432.1084635032774,414.6033833964801,414.6033833964801,15593,
2014-12-04,430.02777099609375,433.14881426283097,420.0313164204401,420.0313164204401,24568,
2014-12-05,417.31732177734375,429.6206347482122,416.0508103556099,428.218430604128,29479,
2014-12-08,421.8406677246094,428.80652313085886,416.5032080848525,416.5032080848525,14689,
2014-12-09,406.5971984863281,427.9018125723048,402.0286741975198,425.1878475877024,64158,
2014-12-10,426.6804504394531,429.2587222591071,403.4760592783177,403.5212809772393,27170,
2014-12-11,416.18646240234375,426.6804644285765,413.24633407129744,426.6804644285765,29865,
2014-12-12,408.1351013183594,424.7355262359518,398.1386745235832,411.9798851021779,26879,
2014-12-15,404.5617065429688,408.9040392797797,399.40516226111225,404.01890804889786,18318,
2014-12-16,389.5896301269531,408.0445847057609,375.79364279700985,403.4760884691599,24709,
2014-12-17,389.2730407714844,392.4393333147129,366.70191477805486,389.9515320307476,19908,
2014-12-18,394.7010192871094,406.1901503971762,383.5737723127009,391.715668423112,23274,
2014-12-19,389.6349182128906,440.79314724507833,388.1874646962565,440.79314724507833,14251,
2014-12-22,389.8158264160156,397.1435372954343,387.3732745281288,387.3732745281288,8275,
2014-12-23,401.0335083007813,405.0140119686601,387.32799201306136,390.4490624781308,13436,
2014-12-24,398.2744140625,405.1497984526172,391.80613551696274,398.9529053982112,10281,
2014-12-26,400.8978576660156,404.3807849370494,396.05794789519314,396.05794789519314,9348,
2014-12-29,405.3305969238281,408.9039946458524,400.03838810597296,402.5714106579741,6929,
2014-12-30,403.5665588378906,406.9590147332867,402.70712563457295,402.7523749445709,3598,
2014-12-31,403.7023010253906,406.190102320225,401.7120489463711,406.0996312970186,7443,
2015-01-01,415.6889953613281,420.5289053990809,400.7621870404099,400.7621870404099,15691,
2015-01-02,415.1461791992188,421.4335425714392,413.56303292930943,415.8246704577513,8297,
2015-01-05,416.8650512695313,429.7111644933268,412.5227179135937,412.5227179135937,7221,
2015-01-06,394.9270935058594,414.3771742475928,386.3781210934052,414.3771742475928,21889,
2015-01-07,391.8060607910156,398.9528293092197,389.00162495003286,395.33420954224266,7391,
2015-01-08,398.5457153320313,403.4760957061202,392.43929460105295,401.71200756290887,10526,
2015-01-09,396.3293151855469,404.38073823281286,394.5652270964142,399.8574637559357,5618,
2015-01-12,397.324462890625,404.3355387144363,393.93200684684535,404.2902894024591,10947,
2015-01-13,417.4530029296875,438.757614183488,394.4747470284165,402.39047718121145,59783,
2015-01-14,434.053466796875,437.6268651628034,417.04596349364834,417.04596349364834,29992,
2015-01-15,447.3971252441406,450.51819607940905,431.0228916094862,440.7931546981768,60289,
2015-01-16,440.9288635253906,453.6392834756545,437.80782018406256,445.1355039641517,22442,
2015-01-19,430.0729370117188,449.6134885129305,426.544788398082,440.9287958892946,16785,
2015-01-20,449.8396606445313,455.9460813772624,430.6157435229701,430.6157435229701,43544,
2015-01-21,470.4205627441406,483.8999432629189,448.0303532673762,449.8396631240845,112916,
2015-01-22,489.4635009765625,495.208092467209,467.79700603567255,473.9487032564832,145370,
2015-01-23,482.2262878417969,490.3229603144951,475.712761458675,481.8644590079173,68158,
2015-01-27,482.4525451660156,489.4184003546975,478.6077610597172,489.32795693261977,11680,
2015-01-28,488.8755798339844,497.4698022592305,475.8033041545373,480.41702252810273,40229,
2015-01-29,481.8192443847656,494.7558554190647,475.5771578397002,494.7558554190647,6070,
2015-01-30,480.6431884765625,484.8950780021962,474.943873043196,477.7030597386761,7748,
2015-02-02,482.9953002929688,493.036948160017,472.95359721016416,493.036948160017,222967,
2015-02-03,466.8019714355469,486.70438107039575,458.2529707992442,484.4427436118902,64184,
2015-02-04,465.490234375,473.5869079319846,457.303117401372,467.7066502403745,11789,
2015-02-05,438.7124328613281,466.9376785899669,431.9727423820588,457.8006303860441,27000,
2015-02-06,417.4078063964844,438.75766965812574,399.1337921836983,438.75766965812574,51979,
2015-02-09,402.7524108886719,427.9018084612108,398.0481939174054,427.9018084612108,15210,
2015-02-10,400.1741333007813,417.9505980196517,381.76439905691126,398.09341029569634,20813,
2015-02-11,413.9248962402344,417.9506221504199,402.57148670332646,402.57148670332646,12514,
2015-02-12,410.4419860839844,417.0459565656244,403.4761315146821,403.4761315146821,14700,
2015-02-13,412.5678405761719,421.5691675355862,408.45167197922143,408.45167197922143,22581,
2015-02-16,422.1572570800781,425.187856900841,408.45173912921217,408.45173912921217,7366,
2015-02-18,441.6978454589844,450.5182325418827,415.2366842102895,415.2366842102895,33614,
2015-02-19,425.2330322265625,449.6134932561377,423.7403571367242,449.5682715534881,9534,
2015-02-20,410.1706237792969,434.0987626235267,407.90898599091537,421.6145054669308,16670,
2015-02-23,395.1080017089844,424.2378986251264,392.2130951753508,415.6888993366418,30285,
2015-02-24,379.5932312011719,404.06413711377127,371.3608654467927,391.71560228614186,69982,
2015-02-25,393.8867492675781,397.2339835370035,377.19588244723366,381.7643787804842,34391,
2015-02-26,391.4894104003906,396.7816471197529,389.6801005891815,393.524883938001,13018,
2015-02-27,391.4894104003906,398.048158466024,381.9905338915423,386.87566486023184,15638,
2015-03-02,415.2818603515625,421.5240018423393,389.2730294995899,389.3182788136252,47657,
2015-03-03,405.5115661621094,417.498243801034,403.6570346271624,416.1412614268161,8319,
2015-03-04,401.8024597167969,409.8086609320782,398.0933691845781,406.1900414094992,15716,
2015-03-05,397.2792663574219,416.1413299882482,396.2389185540276,398.0482286844113,8843,
2015-03-09,393.0725708007813,401.57632170159314,389.001623577298,393.5248982700572,7479,
2015-03-10,389.046875,393.4797066238262,386.1519955402236,393.4797066238262,17267,
2015-03-11,383.6189270019531,389.0016350887748,379.9550854355475,387.23754686324406,10017,
2015-03-12,391.4442443847656,402.5262685549407,383.6642055682094,391.67040814334064,8757,
2015-03-13,388.1875,398.862418891234,381.6739723867128,393.5701811564235,12551,
2015-03-16,383.2570495605469,394.7913997371008,381.7643744710389,388.1874298948521,7945,
2015-03-17,382.3524475097656,390.7657559547532,376.9697665812101,384.4783923774288,8587,
2015-03-18,382.397705078125,386.1972397671148,377.33163121825714,380.95025145989393,5945,
2015-03-19,385.8805236816406,388.9111230171368,383.57366480673153,383.57366480673153,3991,
2015-03-20,376.9697265625,385.3377848023703,376.3364570579532,384.4783515616109,7800,
2015-03-23,381.4477233886719,385.3829776254364,373.1701367851937,378.1457386089962,109472,
2015-03-24,379.2765808105469,382.6690368106412,375.6579610771129,379.95507201056574,3684,
2015-03-25,369.3254089355469,380.859760347496,362.7666600934581,379.9551053347941,12778,
2015-03-26,361.9976806640625,370.9085376386647,350.10147333210546,368.1945727291135,26854,
2015-03-27,353.40350341796875,364.5307775277036,351.00617296440174,360.9573788989595,11089,
2015-03-30,364.39501953125,370.6371610588727,353.0416104311328,354.62475666625,7961,
2015-03-31,366.5661926269531,372.9892206128251,355.6198623344891,355.6198623344891,7295,
2015-04-01,375.1604309082031,379.9550912546941,364.3950145696836,375.4318163588049,11345,
2015-04-06,387.5089416503906,393.5248913646191,378.3719214097746,379.14088361562574,4603,
2015-04-07,395.5151672363281,401.621588334919,382.7142772174233,397.7315553666448,7681,
2015-04-08,403.1142272949219,407.99935821314926,393.5248798729932,402.5262071339283,28999,
2015-04-09,406.280517578125,408.723069222156,398.9528074302793,398.9528074302793,5381,
2015-04-10,408.9945068359375,412.7488193423526,398.04817646166606,398.0933981658401,24136,
2015-04-13,411.3013610839844,414.3319606408148,408.0898471047012,413.8344114692225,4112,
2015-04-15,409.3111267089844,415.3270763629594,405.4210940157068,415.23660535002233,8893,
2015-04-16,395.1533203125,413.2464215650482,392.62029718029584,407.0947781823344,3168,
2015-04-17,388.0065307617188,401.3954415605172,381.85488769732495,381.85488769732495,3985,
2015-04-20,389.1373291015625,392.52978523276505,382.1715024102205,388.0969814095695,20588,
2015-04-21,386.9208984375,392.62021306791627,376.3364254291548,376.3364254291548,1583,
2015-04-22,390.6299743652344,394.4295359843813,379.0504027005866,379.0504027005866,5742,
2015-04-23,392.1679382324219,399.4956491742575,388.5493182717997,390.8109557471886,6352,
2015-04-24,386.6495056152344,391.7155786669131,381.3120471318796,381.3120471318796,3860,
2015-04-27,372.7630310058594,389.001597090339,369.5967389365194,389.001597090339,4111,
2015-04-28,377.10546875,381.6739657776248,371.36090357507,378.8243078491122,1413,
2015-04-29,395.831787109375,415.0557060003388,370.23006146479634,373.66773944685207,9360,
2015-04-30,390.1324462890625,402.3000663816929,385.5187005331119,402.3000663816929,3630,
2015-05-04,391.3085632324219,401.6668754556824,389.0017037070798,389.90635883198,5665,
2015-05-05,389.2730407714844,397.1435504220901,387.1923452862291,397.1435504220901,7291,
2015-05-06,381.4930114746094,383.5737068601806,376.4269381265784,382.8952156334232,3046,
2015-05-07,369.5967712402344,388.9564093854391,366.4757282066804,378.733791817647,3261,
2015-05-08,378.4172058105469,384.4331841294058,375.431855114237,375.431855114237,7452,
2015-05-11,377.150634765625,389.5444183487968,373.803428089616,389.5444183487968,7614,
2015-05-12,375.8388671875,379.95503569774223,370.9084872287484,379.5931792805575,9817,
2015-05-13,367.7422180175781,376.3364395948647,366.2947646514072,376.29121789287177,9123,
2015-05-14,368.51116943359375,372.71780908739817,366.3852249524181,371.1798847543241,7868,
2015-05-15,366.5661926269531,373.2153843477608,364.5307190125317,369.099215415082,9458,
2015-05-18,365.4806213378906,370.4562238561045,364.1236388329232,366.3852763412022,3957,
2015-05-19,365.2544555664063,384.47837428042766,363.7165310261327,384.47837428042766,13856,
2015-05-20,365.6163024902344,370.0038846389468,364.2140983226515,364.2140983226515,8220,
2015-05-21,366.1590881347656,367.3351285173716,360.0526672702575,366.4304735744815,11307,
2015-05-22,367.4255981445313,371.8131801225407,361.8619757883608,370.9085251830698,3332,
2015-05-25,368.9183044433594,384.4783817600965,361.86200636244376,384.4783817600965,143516,
2015-05-26,362.3143005371094,372.7178322628941,360.957318138094,372.7178322628941,2642,
2015-05-27,364.53070068359375,367.19941605692304,352.8154087598284,352.8154087598284,3974,
2015-05-28,362.54046630859375,370.2752549833178,350.5537883832316,350.5537883832316,5873,
2015-05-29,368.14935302734375,375.4318145311212,357.33871503564546,361.4096624221275,3869,
2015-06-01,374.5723571777344,381.3572690522825,369.1444276780959,369.1444276780959,7791,
2015-06-02,372.8083190917969,377.0601808910105,370.04910486536335,370.09435417864313,3549,
2015-06-03,366.8828430175781,370.8180979909215,360.4598142745618,365.4806387388365,3582,
2015-06-04,363.39990234375,376.3364570103289,355.8007787216622,366.3852526182288,4195,
2015-06-05,368.3755187988281,373.1701791483708,362.0429339405528,368.1945767597258,1303,
2015-06-08,366.068603515625,368.6016538263147,359.1479989812642,362.35951286603154,2590,
2015-06-09,359.9621887207031,365.9329167403913,359.1480048107178,365.9329167403913,1299,
2015-06-10,371.8584289550781,375.4318272698345,359.2385081935068,361.9072238949138,3072,
2015-06-11,364.9830322265625,370.049077604946,361.8619617632042,367.335112891722,4861,
2015-06-12,363.218994140625,370.5919271053405,358.2433914811644,370.5919271053405,1566,
2015-06-15,371.5418395996094,375.4318452664466,357.3839659990397,368.87309616239423,4828,
2015-06-16,366.4757385253906,370.4562149223949,362.76664757968337,370.4562149223949,5932,
2015-06-17,367.8327026367188,370.0038689623551,364.9377957972852,365.6615363110824,562,
2015-06-18,371.0894775390625,374.52715536154847,369.0992255737,370.4109863155815,4775,
2015-06-19,373.1092834472656,379.1686426623584,371.8239716180512,371.86986460499946,1548,
2015-06-22,376.5520324707031,380.08666039921,365.6268417970661,369.5745905893049,1519,
2015-06-23,383.6213073730469,390.1856006989135,370.125464800619,374.5322836897167,4833,
2015-06-24,382.9327697753906,384.3098955156394,375.4962851745081,375.4962851745081,3830,
2015-06-25,383.3918151855469,385.4115828123829,376.41437243444256,379.16862394006046,1451,
2015-06-26,384.1721496582031,387.9821915503564,377.3783076131776,377.79145650051015,2793,
2015-06-29,371.0895080566406,380.4998676378084,367.5089585823322,367.5089585823322,4797,
2015-06-30,378.8932189941406,383.667238239963,370.9058782310957,375.4504045303619,1524,
2015-07-01,389.12982177734375,391.5627382284483,376.68976955524914,379.44402093786425,6192,
2015-07-02,390.6446533203125,398.9074074445964,385.8247134144802,390.1856114245189,103541,
2015-07-03,387.4772338867188,395.6940946224996,380.0866709366933,387.5231548846454,7737,
2015-07-06,390.36920166015625,392.6644109172887,375.4962344668618,381.0047366839796,3233,
2015-07-07,396.61224365234375,400.23868625392896,389.2216794858083,398.44841144703054,4471,
2015-07-08,385.73291015625,393.39891563267776,381.92286791877234,382.79505875210697,4139,
2015-07-09,386.7886962890625,392.34312012638605,382.84094713005095,385.4574915808816,3646,
2015-07-10,391.3331909179688,393.8579211819557,385.6869815675001,386.78866523571554,2701,
2015-07-13,403.5896301269531,406.9406302775329,390.2314944882761,391.1036852751924,7872,
2015-07-14,406.5274963378906,409.9244176125301,402.9928961141776,402.9928961141776,4712,
2015-07-15,412.5409240722656,414.6066124366912,406.8487938165496,412.9999659310269,6347,
2015-07-16,415.2493286132813,416.8100824197289,407.21609464594064,412.9541189083268,5757,
2015-07-17,413.5508728027344,418.095370954707,411.57697015230207,418.0494779702437,2841,
2015-07-20,411.255615234375,412.5868198231116,406.7569825741367,408.6849639974257,5199,
2015-07-21,413.0917663574219,417.7280777717685,408.86857579179554,413.5508082011271,7834,
2015-07-22,413.22955322265625,416.3510327599857,413.0918462464512,413.0918462464512,2326,
2015-07-23,423.1448364257813,435.17174033824654,413.1836211541621,415.8460867054088,12885,
2015-07-24,432.1421203613281,437.92603795746055,425.0269698494407,426.266360750256,10483,
2015-07-27,417.2690734863281,440.1293537569579,414.5607151576125,433.3355394621493,4855,
2015-07-28,410.1539306640625,422.31854080686907,407.0324514007679,416.8100381006925,1959,
2015-07-29,410.7507629394531,413.1377868671141,408.3637390117921,411.8065539023514,621,
2015-07-30,406.1143798828125,417.6363205175,405.7930449450411,412.6786735357375,2290,
2015-07-31,408.9145202636719,437.9259740427919,406.11437587152415,414.193502131064,3310,
2015-08-03,410.7048034667969,413.091827008068,404.2322957096371,404.2322957096371,1224,
2015-08-04,413.0917663574219,413.1835523120104,409.006282741369,413.13765933471615,830,
2015-08-05,413.8721923828125,425.57776158372445,408.5473172082996,411.3015687849848,5310,
2015-08-06,413.0917663574219,426.9089146458733,409.5112175623685,419.5183521692952,10006,
2015-08-07,412.1278381347656,421.2627837263308,408.6850236682505,421.2627837263308,2181,
2015-08-10,403.543701171875,424.1546925698461,401.38622677317375,418.5084831099548,11518,
2015-08-11,433.1978759765625,462.39293158703657,402.166624624018,402.166624624018,65968,
2015-08-12,418.0036010742188,445.27070493395456,414.1476653885023,441.5983692231591,11482,
2015-08-13,395.1891479492188,425.531803647306,390.6446223342583,418.64617575657286,6477,
2015-08-14,416.3509826660156,440.6802021602812,388.3494281537478,403.0846612064051,147518,
2015-08-17,495.0766906738281,499.6212167048936,426.9089683140104,426.9089683140104,480672,
2015-08-18,482.6826171875,494.98496403401657,472.8132151242273,486.44673881607855,167172,
2015-08-19,477.082275390625,482.866192200004,470.2425397831341,473.8230330292311,77863,
2015-08-20,440.17529296875,481.0759154095657,437.0078926239566,481.0759154095657,26612,
2015-08-21,430.627197265625,439.7621423268832,417.86583798744425,437.0078909135625,33082,
2015-08-24,408.3636474609375,429.158267152139,402.1206890660756,413.1376942459681,45492,
2015-08-25,418.0036010742188,430.5354691014668,394.7760889105164,416.4887681970552,14920,
2015-08-26,418.0036010742188,431.4994460184714,404.9209051045098,417.7281871029883,4092,
2015-08-27,422.2726745605469,426.863093772999,415.9837946359484,421.4463766881492,17318,
2015-08-28,412.1278381347656,425.0269331465932,409.55721454017936,423.5579933706742,3945,
2015-08-31,415.4788208007813,448.9429871878093,404.0027730710315,412.1278204672332,2662,
2015-09-01,395.6023254394531,413.9181094576423,389.2675524767433,407.76693645435137,5205,
2015-09-02,394.0415954589844,403.2683268468076,390.6905670277744,403.2683268468076,3658,
2015-09-03,411.5769653320313,416.8100543135301,395.4187125128872,399.8713966260896,4769,
2015-09-04,403.0846862792969,410.3375708051535,393.0316853528089,409.51127296055097,27468,
2015-09-07,401.7076110839844,406.8488866791363,395.00560962342615,397.0254054700673,13891,
2015-09-08,411.5769653320313,415.4329285834193,395.09737757232233,400.100917581108,4437,
2015-09-09,431.7288818359375,439.7162216383843,411.4392254326665,411.4392254326665,5256,
2015-09-10,422.915283203125,429.9386184426797,417.774008485688,426.1285763993115,5857,
2015-09-11,432.4633483886719,438.8440417933724,415.01975676927,415.01975676927,6362,
2015-09-14,433.3814697265625,437.60466103563016,427.8270736470217,427.8270736470217,2109,
2015-09-15,424.1547546386719,437.5128639510579,424.1547546386719,437.5128639510579,1023,
2015-09-16,416.2132873535156,433.1978372870649,414.0557848665261,423.9710784855207,2684,
2015-09-18,415.6624145507813,424.154689171642,413.22949823591097,421.4004379432548,2347,
2015-09-21,416.71820068359375,418.6920751054295,409.465344798548,418.6920751054295,3192,
2015-09-22,420.2987976074219,426.8631198971228,407.8587719874224,420.5283185820912,2297,
2015-09-23,417.4985961914063,424.1547035523468,411.7146796227697,424.1547035523468,1290,
2015-09-24,425.2105407714844,435.1717564110141,411.347468666244,420.5283074090924,2503,
2015-09-28,416.71820068359375,428.7451031859236,414.05576346220886,419.7019728149733,1821,
2015-09-29,415.0657043457031,422.2267469988085,408.68501053243614,414.10169951544606,1013,
2015-09-30,416.1673889160156,425.48596220431546,411.3015558242796,418.14129156459614,1786,
2015-10-01,413.0917663574219,422.3643891861152,408.7308688422221,418.6002684818848,2080,
2015-10-05,413.0917663574219,417.7280777717685,409.4653245850742,417.7280777717685,9633,
2015-10-06,413.5508728027344,422.2267481934248,411.7605981255453,414.8820775468153,5546,
2015-10-07,410.5670776367188,418.5543897123681,410.0162217651618,414.05578479375725,11217,
2015-10-08,414.1935119628906,416.993684439201,410.4293626775998,415.0197818016874,5402,
2015-10-09,407.399658203125,417.7739932218404,405.7930116637324,417.7739932218404,7412,
2015-10-12,406.9407043457031,414.9280457903631,404.8750154911564,407.8128952913688,10315,
2015-10-13,411.4392700195313,417.72814996875377,404.1405202537714,417.72814996875377,252722,
2015-10-14,409.4653930664063,416.3510218735768,406.7111415435381,412.26553757424415,56513,
2015-10-15,407.9505615234375,417.2691069328093,404.874975043716,410.4293710906389,448409,
2015-10-16,411.0719909667969,412.9081584306352,402.6715304232752,411.2096979230464,19025,
2015-10-19,410.5211791992188,413.0918307352025,404.4159273300118,411.0720351010506,41608,
2015-10-20,406.2979431152344,412.9999711484298,405.0585524950752,411.9441804634795,34591,
2015-10-21,404.6454162597656,409.4653559883278,403.9568534413996,409.4653559883278,15618,
2015-10-23,401.9370727539063,412.9540782530652,399.3664493445133,411.8982874962679,8681,
2015-10-26,391.8841247558594,403.0388387205539,385.5952443340151,402.9929457318789,17548,
2015-10-27,395.8777465820313,397.39257925161087,392.0217834070157,396.33678848297626,1548,
2015-10-28,392.5726318359375,399.3205532552109,390.3233153569485,399.3205532552109,21200,
2015-10-29,392.1595153808594,402.57977280032486,390.1856406844654,390.4151616495739,5693,
2015-10-30,395.4645690917969,398.4483412323618,390.27740158943016,390.27740158943016,3404,
2015-11-02,392.5726318359375,398.4483624529024,381.922854332736,388.0740268956532,15147,
2015-11-03,392.9857482910156,403.0387768243495,388.76258534436846,394.63831589498886,6772,
2015-11-04,383.0245666503906,399.3664468308754,376.3684592032094,398.44836304505736,95705,
2015-11-05,385.59521484375,392.0218017578125,381.0506886045848,392.0218017578125,655892,
2015-11-06,378.06689453125,392.8939701937635,376.41435491188514,386.51327662903327,3263,
2015-11-09,379.9949035644531,384.2180949185909,368.24344137856144,368.24344137856144,773,
2015-11-10,385.73291015625,388.3035616547816,377.7914907417664,387.3854778376692,6366,
2015-11-13,389.4970703125,392.7562567474003,383.7590462949322,392.2972148259949,1465,
2015-11-16,381.18841552734375,390.8282956944025,378.480057035235,379.260433890393,1916,
2015-11-17,385.68701171875,390.04790978836974,378.3423412857062,378.3423412857062,2464,
2015-11-18,382.7950439453125,385.64108125411855,378.25051801931374,381.0506623461172,1602,
2015-11-19,383.9426574707031,401.2026217532385,379.9489873256847,381.2801920288947,12125,
2015-11-20,395.510498046875,402.12071275123344,384.95253412760746,393.30710248465374,3083,
2015-11-23,415.0657043457031,421.4004771569417,396.6122137947687,396.6122137947687,83134,
2015-11-24,423.0071411132813,427.1385185088532,408.5473202287795,417.728158885606,110562,
2015-11-26,426.2203979492188,430.5812959357751,417.2231880471905,430.5812959357751,57320,
2015-11-27,428.3320007324219,431.4994011607865,416.4428319153109,416.4887248998457,5688,
2015-11-30,441.5982971191406,443.4803576565419,431.49937556340143,435.17171067457934,10391,
2015-12-01,435.9521179199219,442.5164117858198,431.49940568326826,440.726137087077,16156,
2015-12-02,434.8962707519531,440.6801869992415,426.9089311555152,428.7909915804144,3592,
2015-12-03,418.8757019042969,444.35252541738015,414.7443251183915,444.35252541738015,5729,
2015-12-04,422.2726745605469,423.23665138808366,417.7740413181875,417.8199623209293,13505,
2015-12-07,420.0692443847656,431.2239853115233,414.97389034534655,415.06570433170526,2667,
2015-12-08,407.8128356933594,423.1907393632045,403.9568725213056,419.6101901244286,2387,
2015-12-09,401.2485046386719,417.7281196884016,399.6418580244857,414.9279753678974,9139,
2015-12-10,413.32135009765625,422.318560394638,406.4357213955698,407.6292191635201,11338,
2015-12-11,413.32135009765625,417.4986203031774,409.46538681740986,409.46538681740986,5884,
2015-12-14,411.0261535644531,417.7281545066016,405.9766923561316,411.39338150333737,2125,
2015-12-15,409.6490173339844,415.89197618890313,401.9830117278464,403.1765095032089,6885,
2015-12-16,419.4265747070313,424.9809702922844,409.97029509294384,413.1835882785895,2241,
2015-12-17,414.698486328125,446.1428581963912,413.1377325757605,428.65334404006666,4530,
2015-12-18,411.3015441894531,422.3185498373849,408.6849997445305,422.3185498373849,26265,
2015-12-21,412.8623046875,419.5643053603578,408.54729953032654,417.3149887963153,4007,
2015-12-22,421.21685791015625,423.2366535811793,413.1377312614549,417.5445225211656,3254,
2015-12-23,424.5219421386719,431.453491616792,419.5642952383008,431.3616776335511,2851,
2015-12-24,419.3806457519531,426.9089437082947,413.3213154166991,426.9089437082947,9392,
2015-12-28,412.8623046875,425.0269152914929,410.5670951395769,418.14128664772335,4364,
2015-12-29,403.1306457519531,420.89557480543976,385.595237673272,417.0855042095104,7859,
2015-12-30,404.1405334472656,412.1737673627623,402.2125517040072,411.7606184114582,2667,
2015-12-31,411.0719909667969,414.00987011601495,401.2484838281853,411.2556189202575,1421,
2016-01-01,423.0530395507813,425.9450261791035,400.3763845868351,425.9450261791035,3970,
2016-01-04,415.2952270507813,431.31577311018606,410.8425148615915,426.908981923218,3455,
2016-01-05,411.8983154296875,422.3185727745108,404.9208725368304,404.9208725368304,2652,
2016-01-06,408.3636474609375,414.0557780109592,407.6291916560219,407.6291916560219,7592,
2016-01-07,405.9307556152344,413.550868135714,397.0712523512823,403.9568810047728,8772,
2016-01-08,409.2358703613281,410.0162472263526,404.41593021685935,409.4653913205885,2962,
2016-01-11,404.7372741699219,438.84408387145504,403.95689728753183,417.774048135402,10988,
2016-01-12,404.1864318847656,415.8920014623483,400.7436173031237,415.8920014623483,2107,
2016-01-13,395.6482238769531,416.12148136122767,390.0019861062143,412.2196252204992,3009,
2016-01-14,395.556396484375,408.45546219937216,386.9723076622317,408.45546219937216,808,
2016-01-15,393.9497985839844,400.28457175361,387.4313974312464,387.4313974312464,588,
2016-01-18,374.30279541015625,394.73016099396415,367.2335385853108,394.73016099396415,3035,
2016-01-19,370.5845336914063,383.850856289075,368.1516171368093,376.460264620724,12428,
2016-01-20,360.8987731933594,374.57821718811147,354.3803721436545,370.1255048361351,2675,
2016-01-21,371.4107666015625,380.9588599320674,360.9905385445062,364.4792455568653,12179,
2016-01-22,371.5485229492188,375.4962720596386,360.2560754629702,360.2560754629702,3359,
2016-01-25,364.387451171875,376.4143544417224,362.9185115022222,376.4143544417224,1924,
2016-01-27,366.8204345703125,374.3028412494842,364.4793316822041,374.3028412494842,1252,
2016-01-28,355.6197814941406,366.3613456256172,353.5999858364124,366.3613456256172,3614,
2016-01-29,359.3839111328125,363.1939532612748,348.8718405205755,356.21651084732446,6112,
2016-02-01,366.6827087402344,375.4963198963533,360.3479353528574,360.3479353528574,3401,
2016-02-02,355.6197814941406,367.1417224941802,351.71792516902104,362.64311727581673,1033,
2016-02-03,353.4623107910156,357.1346464875457,344.28147154969054,345.19955547382307,8227,
2016-02-04,361.9545593261719,364.2956619460606,353.4622836793308,353.4622836793308,5346,
2016-02-05,361.72503662109375,373.6601266618913,353.9672168874972,371.2731030501927,58948,
2016-02-08,358.236328125,360.6233237118344,353.9672158244563,358.0527001486148,3321,
2016-02-09,346.62255859375,358.74127704853345,343.04203705592204,351.67201994696035,5530,
2016-02-10,343.22564697265625,346.0257914595084,328.30678466892977,343.3633539442285,2644,
2016-02-11,319.49322509765625,354.38041634395205,317.6570571373249,327.75598091914736,6147,
2016-02-12,337.0285949707031,348.7800573236892,305.0333664321444,321.3293551580151,8476,
2016-02-15,347.6783752441406,365.9482387832936,330.7856095020671,339.69103431136244,12463,
2016-02-16,334.4120483398437,351.5343068448511,327.8018332946133,351.5343068448511,1892,
2016-02-17,339.5533447265625,341.02228460777366,324.6344809689604,330.5102124761072,1761,
2016-02-18,337.3040466308594,347.4947843514429,334.32027371370697,339.69107056812123,839,
2016-02-19,327.388671875,341.52715606557393,325.00164851401394,335.4219047125639,2717,
2016-02-22,328.3526611328125,343.73056457985257,324.129470105012,343.73056457985257,2227,
2016-02-23,319.2177734375,330.9692357896662,316.18807984988945,328.67402611012625,5728,
2016-02-24,320.8702697753906,322.9818511877225,312.42388809067813,317.6569766588989,4062,
2016-02-25,308.0171203613281,321.32933569736167,307.55807845318907,321.32933569736167,2376,
2016-02-26,299.3412170410156,316.6471025785418,298.37724024116045,311.13859968178195,3268,
2016-02-29,295.2098388671875,311.13859862649844,291.9965455216427,302.04957448121064,1795,
2016-03-01,302.0954895019531,307.23676483340785,295.6230093551381,301.0396986435098,11672,
2016-03-02,309.3483581542969,311.2304188013272,304.8038319824207,307.6039764607234,10041,
2016-03-03,311.2763061523437,313.1124737816576,304.344784558762,309.44013852303,10551,
2016-03-04,315.8667297363281,322.52283748764245,304.8038308188078,304.8038308188078,3037,
2016-03-08,322.4310302734375,336.01865882200417,317.88650441835773,336.01865882200417,4173,
2016-03-09,313.5715637207031,330.05118192515846,312.14854479709004,320.77852837323456,3696,
2016-03-10,322.0637512207031,346.11755540271633,313.1583561283832,313.20424910637337,19743,
2016-03-11,317.5193176269531,325.00169569549945,316.73894072019016,321.3293601509175,3299,
2016-03-14,315.91259765625,323.6703878867443,314.53547214599405,314.5813651225932,1497,
2016-03-15,314.030517578125,320.3193965106462,311.23037350733307,319.4931267862888,1003,
2016-03-16,320.3653564453125,325.827938299741,310.4500344947821,318.5750818101948,5481,
2016-03-17,338.5433959960937,356.21650887182204,321.32932501324154,325.00166015625,22957,
2016-03-18,347.7242126464844,350.7079847682034,338.5433753488874,338.5433753488874,5125,
2016-03-21,356.2165222167969,364.4792765981143,346.1634931791161,346.1634931791161,9716,
2016-03-22,345.5208435058594,361.7250169616429,339.4155918434212,346.57663427162487,6276,
2016-03-23,346.62255859375,354.33448562008306,345.2454327701472,354.33448562008306,2921,
2016-03-28,333.9529113769531,353.0031461840233,332.3462650679231,346.1175191453233,8582,
2016-03-29,326.6083068847656,339.59918685373407,326.01155802737645,339.59918685373407,3781,
2016-03-30,335.69732666015625,343.0419968587329,328.8576193483477,343.0419968587329,66206,
2016-03-31,339.8287353515625,344.2814476784091,332.3463574922243,332.3463574922243,2645,
2016-04-01,343.3174743652344,348.8718705711973,339.36969691394256,339.69103187195526,1858,
2016-04-04,346.2553100585937,351.6261060548769,343.5010585751352,347.95377074359885,1842,
2016-04-05,340.930419921875,347.90786230693885,336.2022940221434,336.2022940221434,1794,
2016-04-06,350.2948913574219,359.84298607316674,340.0123687663298,340.0123687663298,8083,
2016-04-07,348.6882019042969,357.1345837291325,345.42901575343467,357.1345837291325,7029,
2016-04-08,361.6331787109375,377.3324162306413,345.4290063425275,348.8259273794179,57879,
2016-04-11,367.2793884277344,380.9129375497754,356.6755324537537,364.4333512521671,40780,
2016-04-12,366.9122314453125,372.74206991576114,362.87266781823786,368.33527832580654,11136,
2016-04-13,366.7285461425781,376.2306900485716,365.71864846636737,367.78433679683394,18739,
2016-04-18,359.0625915527344,375.496286507852,351.9474418695171,375.496286507852,12104,
2016-04-20,357.8231506347656,364.4333650094383,354.4721504658427,364.3874440101585,12810,
2016-04-21,352.77374267578125,362.6431447155071,349.8817839607034,358.0986181506008,6424,
2016-04-22,352.91143798828125,366.31546824437146,348.87187451844903,362.6431327231247,9628,
2016-04-25,357.2264099121094,360.5315171746326,353.0491118380544,353.46226075250496,4667,
2016-04-26,359.0625915527344,362.4135919290332,355.6656701743139,359.8888613962786,4639,
2016-04-27,363.2398071289063,365.39730940860073,358.05263987274947,362.5512443599202,4924,
2016-04-28,357.5477294921875,362.5512691449275,355.29841308598725,355.34430606664733,2777,
2016-04-29,355.8033752441406,362.9644458912161,353.4622726969917,354.56398449429406,1274,
2016-05-02,356.491943359375,362.184074366381,348.5505237581759,354.3803617374476,2006,
2016-05-03,353.3704528808594,379.8112834206282,351.6260992453222,363.5611887758423,130789,
2016-05-04,349.4227294921875,354.9771257457666,348.5964596057116,349.78995743976606,9901,
2016-05-05,346.3930358886719,356.6755865271642,342.81251436877244,355.20664671913727,17957,
2016-05-06,368.472900390625,381.7391931095317,330.9691754596855,344.2354961962833,760926,
2016-05-09,358.1903991699219,368.059800301063,354.3803568949273,364.4333859983769,325652,
2016-05-10,360.0265808105469,364.4792931439301,358.51174804207733,361.5873345827253,73556,
2016-05-11,353.1868896484375,359.79707695733504,351.6720287902239,354.8394294712376,25324,
2016-05-12,354.4262084960937,359.1543620628732,352.6818550336147,356.58371083918,124230,
2016-05-13,349.7899475097656,357.9608881866384,347.9537798063023,356.5378694235325,14593,
2016-05-16,347.7701416015625,352.544188697249,342.4452666251924,349.83583020721045,27353,
2016-05-17,345.6126708984375,351.4884018389938,343.59287525432666,350.7080249756921,19486,
2016-05-18,349.0095520019531,353.46226404870293,339.8287139747141,345.6126587424912,19941,
2016-05-19,346.43896484375,352.5442171677245,344.281462077856,348.96369556565423,31610,
2016-05-20,346.1175842285156,349.7899193396935,343.3633328951322,348.8259425800867,266936,
2016-05-23,340.2418518066406,347.9537498946995,339.69099593941644,347.9537498946995,798588,
2016-05-24,348.7341613769531,352.5442038093746,341.52719744033163,348.87186835302697,18307,
2016-05-25,360.3019714355469,362.09221790036935,346.20938056125544,348.8718177775987,323732,
2016-05-26,373.47650146484375,377.7915067957127,355.89520122357635,358.05270388901084,113725,
2016-05-27,381.4178771972656,384.677063063881,370.03361711726086,376.4143099193108,64962,
2016-05-30,382.74908447265625,391.10365164897775,376.7815404920967,381.9228147558092,314108,
2016-05-31,382.5655212402344,391.1036891627667,380.0866838342381,391.1036891627667,24186,
2016-06-01,380.1325988769531,385.09027397666347,378.6177661599061,384.6771250457893,106445,
2016-06-02,381.1424865722656,382.74913323325,377.7914862828943,380.77525865329375,19599,
2016-06-03,378.9849853515625,383.759032368003,376.4143618920604,383.759032368003,25175,
2016-06-06,375.955322265625,383.25409980240175,369.5746285439047,383.25409980240175,28618,
2016-06-07,381.50970458984375,382.74912329968936,375.49626702187646,375.8176019492725,223461,
2016-06-08,385.8706359863281,387.4313897587855,378.34236512864703,383.2541193938201,47369,
2016-06-09,383.3918151855469,389.6347740578693,381.5097265127576,386.4214806346485,10286,
2016-06-10,384.6311950683594,390.3692184581028,381.0047530789646,385.1361299195799,36843,
2016-06-13,382.1982116699219,383.758965079474,375.08306339392686,383.758965079474,19171,
2016-06-14,385.73291015625,386.5132870043345,377.33244883321015,377.33244883321015,34778,
2016-06-15,405.9766845703125,407.629224272447,385.1820632152308,387.43137982651496,136759,
2016-06-16,406.6192932128906,412.2196097732597,401.6616464939892,402.12068837569655,41645,
2016-06-17,418.508544921875,431.6830542859016,403.956909729226,407.032496350022,81412,
2016-06-20,445.2247619628906,458.1238284919075,409.4653857863542,413.1377210848865,196873,
2016-06-21,452.3399353027344,459.0419363666084,439.945803020836,446.1887621483433,53354,
2016-06-22,452.9366149902344,458.1237824748379,448.43801030494166,452.33986616770335,39241,
2016-06-23,465.8357238769531,472.2623386237835,437.4669394904503,453.3038853586775,107592,
2016-06-24,452.1562194824219,458.8582192443236,428.3319364061702,445.2705917745677,99867,
2016-06-27,499.6212463378906,513.2088762185301,451.10050887719706,460.7403893786185,356557,
2016-06-28,504.9920349121094,514.126980868549,498.5195546636109,504.0280580300597,159861,
2016-06-29,517.6156005859375,520.5534797563661,504.99194918091104,504.99194918091104,146610,
2016-06-30,519.2859497070312,530.6998932663888,517.2444847616476,517.8012376307277,97743,
2016-07-01,505.45941162109375,530.5143112133896,497.2005516928227,523.3690137057371,94112,
2016-07-04,510.33111572265625,519.657093301604,501.0979113979753,501.0979113979753,27974,
2016-07-05,512.5582885742188,515.1101766087639,510.3776069090452,514.7390268775323,15211,
2016-07-07,513.3006591796875,520.5851163160212,510.4703382813649,520.5851163160212,15313,
2016-07-08,502.8146362304688,514.9709349201904,502.0258936184832,514.6925585064386,23503,
2016-07-11,508.1504211425781,519.3323745023248,504.0674347589305,512.187077533275,62131,
2016-07-12,510.1919555664063,526.1528650944285,506.6657219427831,510.3775587335727,141022,
2016-07-13,508.3359680175781,515.0172846597078,505.7376939451185,510.3774893024132,18986,
2016-07-14,509.6352233886719,516.8732940968714,503.8818648017974,503.8818648017974,21567,
2016-07-15,506.3873291015625,513.9037757040863,504.1138178132504,508.3824073290804,82910,
2016-07-18,494.3238525390625,515.01733034043,492.0503412847081,505.73773880276457,37218,
2016-07-19,488.19927978515625,501.0979344569866,482.6779682252553,494.60222049180345,26677,
2016-07-20,505.1345520019531,509.4495848017016,484.3946871885032,484.3946871885032,128362,
2016-07-21,503.3714904785156,515.5277336115857,497.2469256404476,503.88185672215394,40412,
2016-07-22,497.8964538574219,510.37751533273007,495.5301694321416,503.1858321621325,16070,
2016-07-25,508.4752502441406,516.8732695985002,496.5045540200886,498.3604724028481,36367,
2016-07-26,499.38134765625,515.017440073494,496.1334899260568,506.2482128743436,100777,
2016-07-27,493.58154296875,512.0942845171502,487.8281843466242,505.6913997368005,34068,
2016-07-28,495.0662231445313,505.73775372777794,489.9624476481959,494.6022435539553,19968,
2016-07-29,521.234619140625,540.7681461688188,498.3140188634161,498.36040548913,579099,
2016-08-01,518.4043579101562,533.2980896789978,515.9452437156135,524.2968753584921,60304,
2016-08-02,510.7487487792969,528.936725818868,502.0259099438729,516.3628904186951,73564,
2016-08-03,509.6352233886719,519.6571718029587,502.95390556643497,512.1407246517778,28784,
2016-08-04,512.00146484375,519.6571278885365,507.9648651662973,512.9758106309146,22900,
2016-08-05,537.7059936523438,553.0637077669012,511.4447584534556,517.1980604385075,186573,
2016-08-08,556.3579711914062,565.127197655061,539.5155443574764,545.3616764538665,240354,
2016-08-09,558.6777954101562,573.4787551930067,545.6399806690742,564.1991636850291,210188,
2016-08-10,557.5642700195312,606.6997216353,549.8158332525761,558.6778324018471,1047583,
2016-08-11,580.48486328125,582.4799982063608,558.1674559623362,563.2712315363892,251097,
2016-08-12,590.0892944335938,593.8939046047132,573.7571780740824,582.4800174532186,165494,
2016-08-16,588.6044921875,596.5849750592812,582.7583607244198,593.8938708019565,118335,
2016-08-17,606.4213256835938,618.5775683174835,572.5508155268208,572.5508155268208,202295,
2016-08-18,627.903564453125,631.0122048659626,606.0036951248989,606.0036951248989,153814,
2016-08-19,624.609375,634.7241539090702,620.75837793212,631.0123167517072,94011,
2016-08-22,632.3114624023438,646.6020010230784,627.3468463785935,630.084337523148,92718,
2016-08-23,613.1954345703125,639.1319058144762,607.2100863388694,633.7961403575858,93723,
2016-08-24,608.2308349609375,619.87671094218,604.1014054241904,612.9170173313022,37466,
2016-08-25,609.622802734375,616.1649037127343,603.266248283976,613.0098198035297,381689,
2016-08-26,604.8901977539062,614.958589321262,599.693648752658,609.6692104146945,125437,
2016-08-29,613.6129760742188,619.876700215619,603.6374154045811,607.3492519328184,132528,
2016-08-30,608.3700561523438,621.7326918869602,605.4934051585694,616.072163168319,82962,
2016-08-31,608.3700561523438,616.7216893269447,606.1429879553325,614.2162446850742,37331,
2016-09-01,605.0758666992188,617.9745239753992,604.1015207353386,607.8133580363238,40949,
2016-09-02,607.5347900390625,617.0927567482908,603.2661445057485,611.1074096597238,27266,
2016-09-06,611.200439453125,616.3969890806706,607.9061384990481,607.9061384990481,45973,
2016-09-07,602.4775390625,613.9842563413591,601.3175900077011,611.4323684208017,85217,
2016-09-08,597.9305419921875,606.4213920960724,590.4140944470178,594.8219010460328,66060,
2016-09-09,592.1307983398438,605.957414370475,590.1821064925301,605.957414370475,47388,
2016-09-12,583.17578125,589.2539007092199,570.7874959687553,589.2539007092199,33819,
2016-09-14,602.4310913085938,604.1014064504155,568.1429893997955,571.6228362111459,42669,
2016-09-15,594.6362915039062,604.6582403363604,580.9952788472779,580.9952788472779,24292,
2016-09-16,593.337158203125,605.0294219224451,588.3261556730524,594.821870325594,35636,
2016-09-19,607.998779296875,613.6593068318147,593.0122180233351,602.1526486247958,166372,
2016-09-20,603.6837768554688,616.1184513616976,596.6776970282525,607.9988092948279,64342,
2016-09-21,613.009765625,618.0207674760031,603.1734217108138,603.1734217108138,72595,
2016-09-22,616.5824584960938,620.7582746030365,600.57516341948,620.7582746030365,140533,
2016-09-23,630.73388671875,635.4200694042539,616.2576890517412,619.2735564859344,189131,
2016-09-26,640.152587890625,642.1477226900735,625.6764480112457,631.9401721848844,119154,
2016-09-27,652.1233520507812,656.9951380319503,637.5079941072738,637.5079941072738,133973,
2016-09-28,669.1049194335938,672.5847661714823,642.1477180317095,642.1477180317095,108657,
2016-09-29,665.20751953125,684.8338789616232,618.4847971923061,676.4822462913595,173631,
2016-09-30,652.4945678710938,670.914536288205,640.3846543744687,650.8706391871319,82393,
2016-10-03,668.3626098632812,679.1733571348589,655.2319646053681,661.3565292721747,345491,
2016-10-04,668.9193725585938,682.4676109808481,664.5115663197566,669.0585890950744,36976,
2016-10-05,668.316162109375,676.9461705016467,656.9950496438189,673.6983136178144,32514,
2016-10-06,674.8118896484375,676.4822047522986,664.8363290159448,672.7703682378827,53145,
2016-10-07,686.0866088867188,696.7117530082262,664.0940212526875,670.2185292908496,134043,
2016-10-10,692.8607177734375,698.2428694829578,687.6177259526887,695.8765849925283,53118,
2016-10-13,694.113525390625,700.6092402004302,679.7301568831989,697.8253624247994,284818,
2016-10-14,690.5409545898438,701.3516467469004,685.66916813193,695.0415346623739,27801,
2016-10-17,687.1073608398438,697.8252776462793,682.1427454269016,692.303909401106,250763,
2016-10-18,693.13916015625,696.7581671807067,686.6898321616986,686.6898321616986,145719,
2016-10-19,693.5103149414062,700.1452461586684,688.8241321098537,700.1452461586684,26014,
2016-10-20,688.035400390625,699.2172980766991,682.0500518730906,696.6190234924292,35166,
2016-10-21,676.157470703125,693.6494783720362,673.2343766674412,686.6897846091061,51209,
2016-10-24,692.5360107421875,694.0207795975249,672.2137361583708,685.7619192142486,131346,
2016-10-25,690.9584350585938,697.8253561654773,679.1733978913094,695.9694376650372,74942,
2016-10-26,690.3552856445312,695.5054480818865,683.3492047333084,683.9059576202138,71344,
2016-10-27,696.9437255859375,698.753257300997,686.0402053026882,688.592093028555,42731,
2016-10-28,720.560302734375,724.3185260829547,691.3295885861036,695.0414253033443,149194,
2016-11-01,730.7214965820312,746.0328236589221,723.8081890893837,737.8203506075264,47994,
2016-11-02,732.2525634765625,738.1915248610562,722.5089921239024,733.0877493906153,273737,
2016-11-03,722.0914916992188,744.5480595749386,714.5286013800071,738.6091545333632,109446,
2016-11-04,712.7654418945312,726.5920566885586,682.0500148992217,724.7361382806695,67047,
2016-11-07,720.1890869140625,732.6237624081622,712.6726403159829,712.6726403159829,43649,
2016-11-08,723.01953125,732.1599079525794,706.8266296894533,732.1599079525794,23251,
2016-11-09,711.18798828125,720.977946991924,648.225919502277,649.5714717356426,132787,
2016-11-10,703.6249389648438,725.6639660672704,693.6029927048389,716.5699788431572,35070,
2016-11-11,704.9241943359375,716.6164570268003,668.2233644667917,695.9693658402074,88492,
2016-11-15,662.516357421875,705.2488592081099,629.156219135656,705.2488592081099,97351,
2016-11-16,635.791259765625,667.6666351907061,626.3724513602871,667.6666351907061,25277,
2016-11-17,625.5836791992188,637.4151582779632,603.2662164891997,631.0122175330372,45608,
2016-11-18,625.722900390625,630.4555264686622,602.1063265489394,630.4555264686622,66740,
2016-11-21,605.5397338867188,648.4578447075961,584.5678796867969,626.3724281965872,66102,
2016-11-22,611.2467041015625,635.559245185796,600.4823439669032,635.559245185796,141618,
2016-11-23,618.9951171875,628.2283217221202,616.1184665822813,623.0317733261994,69822,
2016-11-24,613.3809814453125,618.6239731552787,606.8852675722154,611.5250631958562,34506,
2016-11-25,626.51171875,627.7644410991553,614.7266247882861,617.0929095801009,30775,
2016-11-28,615.0513916015625,644.9316913635897,605.1222161047399,614.5410253317083,49433,
2016-11-29,617.696044921875,630.5482567868543,610.597134607432,625.1197182909623,38314,
2016-11-30,619.4591674804688,628.9707495084562,613.0562828298761,628.9707495084562,41328,
2016-12-01,617.3712768554688,630.0843298907596,608.4628907228722,620.5263609564213,29946,
2016-12-02,616.2576293945312,635.6519976721902,602.6630622593105,617.0464286299951,26329,
2016-12-05,609.4835815429688,625.2588876921773,603.1734704109122,625.2588876921773,24141,
2016-12-06,604.2870483398438,614.3089964712645,589.3468710893079,609.669200425409,35657,
2016-12-07,609.1588134765625,614.3553622159835,605.0293838085248,611.107505094312,7406,
2016-12-08,605.0758666992188,614.773052975671,596.770619410636,610.3652461807511,20301,
2016-12-09,594.3114624023438,606.0037253018434,590.1820327637132,596.120994113444,19416,
2016-12-12,591.249267578125,597.6057658798211,589.3005191412858,593.8939288246669,9955,
2016-12-13,571.2515869140625,600.3895246773,564.9414764985572,600.3895246773,43589,
2016-12-14,583.361572265625,584.6606811594713,566.1478838384826,566.1478838384826,15985,
2016-12-15,576.1234130859375,585.1710147586066,566.0550790080147,583.361539734578,23924,
2016-12-16,576.5410766601562,583.2223946568843,566.7975044343849,583.2223946568843,20933,
2016-12-19,580.4383544921875,582.7582519921563,564.1990719924061,582.7118653697814,21883,
2016-12-20,569.95263671875,579.7889830461464,566.10158281085,570.9269826960069,13435,
2016-12-21,579.0000610351562,581.8303248122799,567.0757532503067,570.1380634282403,25068,
2016-12-22,582.20166015625,587.3982093371528,568.9317974784072,578.1186167725848,23782,
2016-12-23,594.9146728515625,598.3945201579899,568.096683592913,583.2687951936803,47815,
2016-12-26,584.0575561523438,592.965942015634,572.5508391606356,584.5679223960915,27352,
2016-12-27,583.0831909179688,591.0636747086503,574.4067943054445,584.6143463851859,14650,
2016-12-28,575.6130981445312,592.7803438727836,570.4165491198825,582.7583955320257,20775,
2016-12-29,577.422607421875,593.7546665514747,568.8389848929038,577.1906176237948,21467,
2016-12-30,585.1709594726562,602.1062122855873,575.334616110533,575.334616110533,53034,
2017-01-02,622.057373046875,628.8315199291332,584.7070184902842,586.3309469492665,38634,
2017-01-03,619.2735595703125,628.5995949930065,612.545855260527,613.4274278425398,23173,
2017-01-04,626.6971435546875,629.527464066108,614.4016857146316,618.0207487907293,35489,
2017-01-05,632.2186279296875,635.0953355977276,617.1856766989798,619.876781188737,21054,
2017-01-06,650.0355224609375,653.0977769778785,627.3005184633744,631.0123558507316,58463,
2017-01-09,646.5092163085938,656.2064017313139,642.2405698053834,652.2625749462284,27906,
2017-01-10,649.8963012695312,653.329762155983,644.096555393141,644.096555393141,40467,
2017-01-11,654.5359497070312,663.4907779670131,646.9267301513405,649.5713910166561,27379,
2017-01-12,650.1282348632812,657.9231153020875,647.7155634426756,656.0208101468247,26307,
2017-01-13,632.4505615234375,654.21121540606,627.5323892458838,647.8082744723645,16936,
2017-01-16,644.0964965820312,649.5714788446918,624.7485687602697,629.2955917674377,17906,
2017-01-17,645.0708618164062,649.5714412900908,642.9365103416595,644.8852586484107,19391,
2017-01-18,645.2564086914062,653.2832784468956,644.6532691927666,644.9316456258415,22809,
2017-01-19,649.803466796875,651.4273954893341,644.9316807194974,645.2564438027341,31849,
2017-01-20,651.5202026367188,655.1392665662077,640.3383043862693,645.0244875291218,50200,
2017-01-23,655.1856079101562,663.4908544083497,628.3211766732677,654.1648754047828,94363,
2017-01-24,667.2954711914062,670.4505552832885,648.1795333776845,663.4908609377873,62483,
2017-01-25,668.130615234375,673.6983703613281,657.0414916122331,667.1098827830205,119481,
2017-01-27,673.6056518554688,679.2661807060974,659.9182527223882,661.6349547041632,78585,
2017-01-30,689.3809204101562,691.2368388318952,662.5628765607755,679.6373486960272,89523,
2017-01-31,683.906005859375,689.0097820225047,677.4102907426645,686.6898837665367,48889,
2017-02-01,685.1122436523438,699.402837520778,675.6934920628997,690.4016222471868,102184,
2017-02-02,692.5360107421875,693.6495732241553,682.7924381417145,686.6898785095318,87826,
2017-02-03,694.113525390625,700.6092402004302,676.4822994782962,688.5457698393633,47050,
2017-02-06,700.0987548828125,700.6091210605952,690.9583237576215,698.9388060068843,28774,
2017-02-07,695.0414428710938,702.465116493215,688.777718252429,702.465116493215,25501,
2017-02-08,690.8656616210938,699.6812744960439,669.0586192462171,698.7533152460492,94490,
2017-02-09,673.3271484375,698.150056136964,658.8510080979254,672.7240089622618,109388,
2017-02-10,684.5090942382812,688.5456939125697,670.0792840486105,674.6263065693237,39581,
2017-02-13,669.5689697265625,690.1232892848042,660.3357640790832,690.1232892848042,39519,
2017-02-14,664.5580444335938,669.9401967955763,660.3357845045097,667.8522884677103,33948,
2017-02-15,658.8510131835938,668.5945845053229,642.240521322726,665.8107069848289,27687,
2017-02-16,655.6495971679688,658.851067910089,645.9524116718053,646.8339842874816,45878,
2017-02-17,652.3088989257812,660.706917945638,650.0353876698307,656.6238750109459,21932,
2017-02-20,659.1759033203125,659.7790995546285,649.5715466782559,652.3554247354484,36794,
2017-02-21,659.8718872070312,664.4189107880737,656.1136630755938,662.5629920428556,33448,
2017-02-22,642.8900756835938,666.7386367170344,636.811954693201,666.7386367170344,24271,
2017-02-23,647.5762939453125,656.0671431347713,644.9316329259775,649.5714288463082,39352,
2017-02-27,651.1490478515625,661.5885899078462,632.9146250713308,645.9988850980907,47426,
2017-02-28,652.9120483398438,657.8766638744912,642.2869611703985,656.9950913367376,32534,
2017-03-01,646.555419921875,657.4589379471093,641.2196557818667,657.4589379471093,29109,
2017-03-02,646.1378784179688,660.6604602783298,641.3124800062174,651.3344831068264,47677,
2017-03-03,649.0147094726562,649.5714623565643,639.9206636891549,643.1221343669682,28368,
2017-03-06,643.5396728515625,649.5714073483688,640.2918158148207,649.5714073483688,35214,
2017-03-07,640.8021850585938,649.5714104269845,639.3638596917033,639.9206125311022,33382,
2017-03-08,644.9779663085938,648.4578129615479,635.6519886063023,635.6519886063023,22978,
2017-03-09,628.0427856445312,649.5714507690764,618.113610712291,648.6434915536919,128749,
2017-03-10,643.725341796875,645.7204201976004,624.7949504785486,624.7949504785486,31724,
2017-03-14,652.9120483398438,655.1391729996282,635.6520304599792,648.5042422892088,440626,
2017-03-15,654.1184692382812,661.9596792457281,650.545792299882,655.0928150803409,149071,
2017-03-16,653.9793090820312,691.9792533034645,645.9524385749702,650.7778382065735,62061,
2017-03-17,649.2931518554688,656.0208569702705,641.7766473305288,649.5715283256941,177227,
2017-03-20,653.5616455078125,654.44321806502,640.2918404322776,653.2832690787296,54261,
2017-03-21,652.7265625,660.7069894362501,646.5092241650369,656.9951524169453,71624,
2017-03-22,649.06103515625,658.3870132338387,641.4981454708976,658.3870132338387,52312,
2017-03-23,648.87548828125,666.7387033680059,645.25642464738,649.4786844329404,43612,
2017-03-24,643.725341796875,653.0513209135547,640.2918812509453,652.3553514774125,52421,
2017-03-27,647.5298461914062,650.4993266277463,638.5750748933165,642.6580609349217,50863,
2017-03-28,650.0818481445312,663.2124943263459,642.1478078006338,645.7668715692164,94820,
2017-03-29,653.793701171875,654.257680813135,642.6118031451363,649.5714977640367,32456,
2017-03-30,655.3248291015625,662.5628998733923,647.2515723553097,647.2515723553097,51558,
2017-03-31,686.4578247070312,692.2575697620078,652.1233339815697,662.5164884477149,157226,
2017-04-03,694.4382934570312,705.3418148231292,686.6898562478683,686.6898562478683,84330,
2017-04-05,695.8766479492188,703.1147186022461,682.00364615867,703.1147186022461,44503,
2017-04-06,696.294189453125,700.6092225519113,684.6019257452617,694.8558639662418,48707,
2017-04-07,694.4382934570312,697.3613877976662,682.0500599218691,695.876675628602,64635,
2017-04-10,689.1024780273438,696.5725948844376,682.3747738394245,694.5774599527664,44570,
2017-04-11,695.5517578125,696.015737379667,683.2099126534827,686.6897594072356,62162,
2017-04-12,695.8766479492188,700.330840917379,683.9059512490353,695.5518282364357,42640,
2017-04-13,694.113525390625,702.1867822675821,686.689851322276,687.2002175868473,49408,
2017-04-17,696.015869140625,699.402943277395,682.0500928526981,688.1282150055938,64381,
2017-04-18,695.0877075195312,699.6811160947277,689.751943040029,699.6811160947277,37081,
2017-04-19,695.5517578125,696.8045366267295,689.4736368102378,694.438195523673,27554,
2017-04-20,694.4382934570312,696.8974081650663,688.1745684169325,695.5518559028989,155533,
2017-04-21,695.0877075195312,700.3306987502921,692.2574437754203,696.7116358393797,55695,
2017-04-24,695.50537109375,697.8252689292862,692.2575141239993,695.9693506608572,294918,
2017-04-25,715.2710571289062,720.0964570864961,700.6093106962687,700.6093106962687,153203,
2017-04-26,716.4309692382812,725.8961654655562,706.6873965474684,717.3125419046021,97199,
2017-04-27,719.16845703125,721.6739584672451,708.5433117255473,721.6739584672451,52879,
2017-04-28,719.2147216796875,722.7409550916623,709.8887436302109,719.6323146212138,73046,
2017-05-02,718.8900146484375,719.2147777181895,705.3882194079507,718.240431870798,78934,
2017-05-03,715.5029296875,719.1683798543847,709.981561120991,712.7654387204274,42946,
2017-05-04,714.0182495117188,719.214798607495,708.5432673330561,713.3222800807771,68012,
2017-05-05,717.4052734375,719.168418667553,705.2954165540159,719.0756453978188,66986,
2017-05-08,710.7703247070312,723.900912741671,705.2489564179747,717.4051986694002,126488,
2017-05-09,718.9364013671875,719.9571338477886,706.2697354351832,707.3369111870135,35978,
2017-05-10,718.8900146484375,720.0035770332287,712.8582797554657,715.0853478869124,55616,
2017-05-11,718.6580810546875,727.5200809167985,715.5493834607431,723.8082437692639,52316,
2017-05-12,718.4723510742188,720.2818826919251,712.7189931832603,719.1219337880275,42271,
2017-05-15,718.9828491210938,722.8802894805812,715.5493884082563,722.8802894805812,40032,
2017-05-16,718.6580810546875,720.0964066217291,714.7606407221481,720.0964066217291,92779,
2017-05-17,718.611572265625,721.3954496530619,715.8276948781881,720.3746606281235,53144,
2017-05-18,716.1989135742188,719.0756211347056,706.6873315837498,714.5749849416997,51006,
2017-05-19,718.286865234375,719.122051236838,708.8681125793097,713.0903159514521,55122,
2017-05-22,717.9620971679688,721.6739342409445,709.8888402066186,714.5286365478383,54643,
2017-05-23,703.11474609375,721.7667046563895,698.9853160387773,721.7667046563895,41785,
2017-05-24,696.526123046875,713.600594251181,676.4822278401962,705.2489618087094,91975,
2017-05-25,718.9828491210938,719.6324319540317,687.200243325574,692.3040194387231,50448,
2017-05-26,715.41015625,723.9009489433494,707.5688896858544,723.8081756786445,60836,
2017-05-29,732.716552734375,746.960760263647,696.0621647811197,696.8973507061944,207137,
2017-05-30,788.487060546875,793.4052337089039,729.8400190784245,734.9437954356163,240134,
2017-05-31,788.8580322265625,792.5698687393578,775.309851610112,789.4148416863601,281221,
2017-06-01,825.6981201171875,830.5235194910198,789.2293333263824,789.2293333263824,404538,
2017-06-02,827.229248046875,844.5820965797855,821.4758896244481,828.6675734929479,91173,
2017-06-05,847.5980224609375,858.4087140065587,831.4515084583873,839.8031419138845,112257,
2017-06-06,848.1082763671875,858.4086002756846,832.3329708191022,848.1546629970555,100479,
2017-06-07,848.7579345703125,858.3622899704022,843.5149422519953,849.9642702448057,53393,
2017-06-08,846.62353515625,853.6760589066178,825.8836701400098,853.6760589066178,66390,
2017-06-09,851.7273559570312,853.7224909552791,838.0399573248678,842.0302273213637,76805,
2017-06-12,847.8299560546875,858.3622704476286,837.9471677991444,851.8201693356277,91059,
2017-06-13,855.485595703125,858.3622465227043,841.70536781661,843.4685129241803,74230,
2017-06-14,852.8872680664062,858.3622499374774,836.2304459321809,855.4855991064541,51080,
2017-06-15,855.1608276367188,862.9557079202093,845.8348485877073,862.9557079202093,61363,
2017-06-16,858.1766357421875,859.197424819982,852.7480972108509,856.9239135082278,117670,
2017-06-19,847.505126953125,858.3622609325474,841.7517685792475,858.3622609325474,27176,
2017-06-20,848.43310546875,852.4233187962955,843.5149329190713,847.0411666355502,217886,
2017-06-21,837.9471435546875,849.5930199918573,830.5234700791199,844.5356311090002,54416,
2017-06-22,832.5185546875,839.8030111900845,825.9763975218685,827.0435731747656,35608,
2017-06-23,823.239013671875,833.3537348060338,808.6700431389719,829.5491248025845,44215,
2017-06-27,806.16455078125,821.5222641332545,785.0534790917267,820.6871348405056,29979,
2017-06-28,805.4685668945312,816.4648605039094,800.0400283558527,816.4648605039094,6756,
2017-06-29,793.219482421875,818.4135963912354,786.0277988975902,817.6247971185956,16163,
2017-06-30,804.123046875,814.7481912202488,784.1719237414745,796.1890069099926,13483,
2017-07-03,813.031494140625,830.384286262949,804.2158815410576,804.2158815410576,343899,
2017-07-04,815.4905395507812,837.3904108126001,812.2890689599197,837.3904108126001,113103,
2017-07-05,802.7310791015625,817.949632342376,796.9313342137729,807.3244883803187,58353,
2017-07-06,813.402587890625,817.5320174676624,802.7310575831583,802.7310575831583,40465,
2017-07-07,815.9081420898438,821.2439075911421,800.3184385615035,809.1804377621197,35470,
2017-07-10,817.5320434570312,822.2646126537991,808.4380547552836,808.4844413869903,4343,
2017-07-11,812.3355712890625,825.5125476721769,807.3245685531322,825.5125476721769,25766,
2017-07-12,808.2060546875,819.3415647860344,802.6846862693501,808.2524413186172,45677,
2017-07-13,854.1400146484375,858.4086041016923,808.345196414505,808.345196414505,134620,
2017-07-14,866.5747680664062,874.0912723655572,855.48569976218,863.1413639731923,167590,
2017-07-17,867.7810668945312,875.99348314375,858.3622583770856,872.281646350768,123864,
2017-07-18,870.4721069335938,876.9678212642035,853.7224548801481,871.8176590868469,113614,
2017-07-19,867.2706298828125,874.9727364131631,858.5478475444239,870.4257137606526,264219,
2017-07-20,875.7151489257812,881.6076674634354,860.821414403615,863.6980654015913,324545,
2017-07-21,891.8802490234375,894.2162371036455,876.3693109832395,878.3315181582307,264262,
2017-07-24,880.573974609375,905.4288617267484,873.7996100608518,897.8602841469858,175355,
2017-07-25,896.739013671875,898.7946943549067,878.3781266367987,878.3781266367987,125794,
2017-07-26,883.1903076171875,901.5979034873612,874.1266632515736,897.0193444377453,47081,
2017-07-27,887.3016357421875,889.4507902703591,868.9875131168385,876.6028566086854,72985,
2017-07-28,883.7509155273438,886.6475746914582,871.9308511778156,880.6674229592475,32281,
2017-07-31,887.7687377929688,889.2638041312822,871.089808519457,884.6852454521871,76476,
2017-08-01,886.9745483398438,893.1882985648762,878.7985912179332,892.3473201628136,48508,
2017-08-02,887.7687377929688,892.2071143984581,880.2001604991457,890.3850896272799,63413,
2017-08-03,887.5352172851562,897.0193509434506,874.3602683805561,883.377204460234,38080,
2017-08-04,894.6365356445312,897.9536266050932,882.209093113314,894.2160464735424,90775,
2017-08-07,897.2996215820312,902.6256851677832,888.7031750790048,897.0193144524553,80375,
2017-08-08,906.2697143554688,908.1852126592124,885.47942604035,903.4665294141043,67014,
2017-08-09,885.5728759765625,909.1196417743204,877.3969195906011,909.1196417743204,35661,
2017-08-10,886.9745483398438,899.822480959989,854.9715161769366,883.9377642659913,115384,
2017-08-11,867.5858764648438,897.0660313510234,846.748876513828,878.3314204382908,111689,
2017-08-14,884.6386108398438,889.5441853916359,869.9218871844674,869.9218871844674,39787,
2017-08-16,889.1236572265625,892.3473317684609,877.4904266784691,877.4904266784691,41400,
2017-08-17,892.487548828125,897.953737634015,883.4706128334665,885.9467827891676,33844,
2017-08-18,882.4427490234375,895.1504994813563,874.874114548292,890.6654144392055,24355,
2017-08-21,887.4885864257812,895.1506387903036,879.5462268958047,885.8066864020958,48221,
2017-08-22,886.8343505859375,891.739924772368,878.5182685646538,885.8065388068749,23656,
2017-08-23,891.3661499023438,894.2160433364639,879.4059049295292,879.4059049295292,21593,
2017-08-24,893.5152587890625,898.6077231734484,880.6206186174334,896.7389330897066,45597,
2017-08-28,900.05615234375,904.4011127200029,888.7032281548024,888.7032281548024,41312,
2017-08-29,894.6832275390625,900.1027072239716,887.8154469859974,900.1027072239716,29029,
2017-08-30,896.0848388671875,901.691209079078,888.7030952758194,901.6445007335018,39071,
2017-08-31,906.3632202148438,907.2976152872302,894.21608427382,899.0749500564193,100853,
2017-09-01,903.326416015625,907.437777054504,895.664365187322,907.3910116771718,49127,
2017-09-04,905.6624755859376,907.3910837561036,898.8881109246034,907.3910837561036,49646,
2017-09-05,906.1763916015624,908.232072307214,880.4338170076876,899.0750113794429,45206,
2017-09-06,904.4945068359376,908.9795921578587,895.3374457555661,908.9795921578587,31690,
2017-09-07,906.1763916015624,906.4099903855922,899.0283030288276,900.7569112182656,22769,
2017-09-08,910.3811645507812,915.800644903341,907.297672025269,907.3443803756194,52166,
2017-09-11,911.736083984375,915.7072634431848,903.9339071541544,915.7072634431848,41031,
2017-09-12,904.7747802734376,914.3056218718536,897.8135252464548,913.8384243134112,46007,
2017-09-13,891.0391845703125,906.3632877110036,882.863227078074,904.7748045634638,183790,
2017-09-14,879.0789184570312,896.8324257565649,872.7250430402307,896.8324257565649,48351,
2017-09-15,887.4885864257812,902.6258007008696,874.5472351804973,878.3315244915295,64022,
2017-09-18,888.2359619140625,896.8324082660588,882.209159125731,893.28171828159,43067,
2017-09-19,897.533203125,902.6256678331474,871.6504474134493,894.1694035727849,171430,
2017-09-20,895.8046264648438,903.560094671657,885.9467692063125,903.560094671657,46998,
2017-09-21,886.740966796875,895.1505228571193,878.518301166382,895.1505228571193,98464,
2017-09-22,866.3245239257812,882.9567469151231,860.5779706902229,882.9567469151231,48532,
2017-09-25,839.1334838867188,866.3244147291107,828.6682476631128,866.3244147291107,49703,
2017-09-26,829.275634765625,840.0211782020247,816.2875203214229,840.0211782020247,42397,
2017-09-27,817.2219848632812,831.611693152687,803.5798383273157,829.6494861272929,41281,
2017-09-28,809.9337768554688,821.3334101084444,788.7697590388266,811.989457775015,61366,
2017-09-29,840.768798828125,848.4308509588346,812.0361461111821,815.3065293472569,99706,
2017-10-03,848.7578125,856.8403533675939,836.2836600479787,848.4307970095696,42269,
2017-10-04,844.3193969726562,851.2339435858439,836.4705122822029,850.2995484776267,33995,
2017-10-05,859.2697143554688,865.2498658301744,837.3581948034288,842.824383346455,39464,
2017-10-06,870.716064453125,877.3503039832646,854.9715295894594,854.9715295894594,36722,
2017-10-09,876.9298706054688,881.1346488875408,867.1187212806341,872.4447851774497,162695,
2017-10-10,890.0112915039062,895.1504643157398,873.0519984124761,873.0519984124761,96157,
2017-10-11,903.8870239257812,917.5759341467652,897.0192431577339,914.7727490118974,178255,
2017-10-12,943.2252197265624,957.7550532749326,903.0462272477116,906.3633187089606,562453,
2017-10-13,942.7112426757812,952.1486104081728,934.488520140724,951.86830328333,82612,
2017-10-16,934.3483276367188,956.8205168459044,927.9476874216716,956.8205168459044,69923,
2017-10-17,932.8067016601562,943.5522462862835,922.3882295673108,940.0015559899284,121139,
2017-10-18,933.4140625,939.0671418482186,930.6575853540556,935.329561184146,55574,
2017-10-19,949.952880859375,957.75505778603,939.0204458667482,939.0204458667482,48194,
2017-10-23,943.6455688476562,952.1485408554784,939.674389948112,943.7389855387962,151102,
2017-10-24,943.5521850585938,951.1208197835672,936.4975132767182,948.4110511108696,110803,
2017-10-25,951.0274047851562,960.558247047264,936.6844615545664,947.7103132954156,148844,
2017-10-26,972.7520751953124,982.936890647984,940.935876065074,943.739061395953,243756,
2017-10-27,980.0404663085938,1001.671739846202,974.6210421234458,979.9938149817626,99666,
2017-10-30,988.7302856445312,994.850505655667,971.770990261716,989.5244987376512,73314,
2017-10-31,1063.7154541015625,1099.3158862541477,981.1149006093116,995.130827760873,330672,
2017-11-01,1068.7144775390625,1077.2642161717572,1046.5225922131146,1056.800939100922,86007,
2017-11-02,1058.576171875,1067.9667736630188,1045.58805790544,1061.566190401535,50579,
2017-11-03,1079.7869873046875,1083.898348681031,1038.1129874005392,1060.5384704766984,71945,
2017-11-06,1093.849609375,1102.586180450085,1061.8932296061723,1074.554328404744,58765,
2017-11-07,1129.87060546875,1144.540678224594,1094.1767552352842,1095.718530093899,125928,
2017-11-08,1122.6756591796875,1139.7751343200418,1105.4827673461627,1137.065365846721,73206,
2017-11-09,1130.804931640625,1138.0932592209892,1101.6986148238648,1121.274147015753,46388,
2017-11-10,1135.1031494140625,1144.633933274529,1117.5832422721055,1130.6180075609634,34214,
2017-11-13,1029.32958984375,1104.8287573844636,1009.0999136962168,1104.8287573844636,162742,
2017-11-14,1019.3783569335938,1041.1030444623364,1003.493639170642,1027.834678779223,112540,
2017-11-15,1031.6190185546875,1045.307816353141,995.130842054589,1019.4251161329172,83377,
2017-11-16,1042.5513916015625,1061.659726849084,1021.3406672605132,1046.522571000448,142800,
2017-11-17,1051.70849609375,1065.1170435485535,1044.513585074214,1065.1170435485535,88207,
2017-11-20,1055.913330078125,1064.2761214038112,1005.5026411407704,1044.6538224139254,148338,
2017-11-21,1044.5135498046875,1058.7630752172297,1021.3872708564634,1049.3257074285168,213871,
2017-11-22,1017.696533203125,1043.7194161561397,996.2520953830028,1034.32869897151,98454,
2017-11-23,1024.751220703125,1034.3755373620656,1011.015656211161,1011.015656211161,38128,
2017-11-24,1014.3328247070312,1039.98192908531,1009.2403020798378,1039.98192908531,59726,
2017-11-27,1028.3018798828125,1037.178633957221,1013.8187548140404,1020.3595209741312,49535,
2017-11-28,1023.5831298828124,1035.3098347367695,1013.8187461095624,1023.2561143899976,60797,
2017-11-29,1019.7521362304688,1033.4410481526484,1014.4261294370858,1033.4410481526484,102557,
2017-11-30,1048.9051513671875,1070.816668460939,1010.1744102357204,1019.6117769097784,78968,
2017-12-01,1063.2481689453125,1077.6378757812856,1051.194449775507,1055.8664251078428,48660,
2017-12-04,1071.470947265625,1076.4232875291975,1039.0942443199435,1074.5544970994592,35729,
2017-12-05,1053.0633544921875,1074.554443359375,1041.8506124745245,1074.554443359375,103272,
2017-12-06,1056.006591796875,1065.1169435622148,1044.653669092303,1053.0632245680015,72684,
2017-12-07,1074.88134765625,1079.2263075509777,1042.0841034599378,1042.0841034599378,46061,
2017-12-08,1069.7420654296875,1081.9359654908828,1051.1943479690117,1081.9359654908828,78675,
2017-12-11,1042.317626953125,1074.4140725278737,1029.750059774188,1069.7420975079135,40920,
2017-12-12,1038.860595703125,1051.19456632322,1033.0206258902183,1046.4291737682702,23323,
2017-12-13,1044.04638671875,1053.997717770722,1037.178605253104,1039.8883739711016,22797,
2017-12-14,1039.04736328125,1045.9619099140275,1020.0324455875394,1040.028523772419,20408,
2017-12-15,1045.588134765625,1050.119928265678,1027.8813929428363,1045.5413693850653,21640,
2017-12-18,1051.10107421875,1081.2819676097051,1019.4250574134138,1045.6348856783636,69646,
2017-12-19,1044.4200439453125,1060.444941509346,1039.1874545938856,1046.5224327611272,22359,
2017-12-20,1087.0753173828125,1104.1280285104644,1038.1129897436388,1042.7849653950502,48809,
2017-12-21,1092.1678466796875,1103.5207715875742,1084.8328669036189,1094.1768192455963,36942,
2017-12-22,1064.743408203125,1104.3617903905094,1060.5386294958726,1102.5864165683963,40697,
2017-12-26,1074.227294921875,1079.132868947513,1065.2103598528468,1071.7511252203642,24385,
2017-12-27,1063.8555908203125,1090.2989038148469,1060.5384425777972,1090.2989038148469,24763,
2017-12-28,1054.55810546875,1073.619785038999,1051.1943065003254,1066.518406314129,35176,
2017-12-29,1076.8436279296875,1083.8983568251656,1051.2879437945098,1055.8665027693423,37156,
2018-01-01,1115.8079833984375,1121.2741721754112,1072.6856247144767,1082.9639712927512,63372,
2018-01-02,1149.2125244140625,1162.387472146104,1115.8079005159732,1116.555348138092,129514,
2018-01-03,1145.708740234375,1158.6500914270434,1120.3866521776677,1158.6500914270434,60598,
2018-01-04,1130.9451904296875,1158.509848413445,1124.077408625778,1153.9780545742608,82241,
2018-01-05,1162.620849609375,1173.5999896398432,1119.638684383712,1124.0770601407098,78913,
2018-01-08,1157.5753173828125,1182.8974011364332,1146.5027585417936,1178.2721911338238,43019,
2018-01-09,1141.5037841796875,1172.4790042165805,1132.4868487514236,1165.2840935885276,36258,
2018-01-10,1137.252197265625,1158.6031014344162,1127.814830033811,1158.6031014344162,37435,
2018-01-11,1132.3001708984375,1153.0436991151262,1126.4134353997445,1147.4373278066248,38315,
2018-01-12,1128.09521484375,1144.5871965973913,1101.184591174174,1139.961986620698,29871,
2018-01-15,1128.98291015625,1153.9779797583024,1112.117032519636,1125.9461259989914,48468,
2018-01-16,1106.1370849609375,1144.6341216310277,1098.007778272205,1127.8150080070616,51372,
2018-01-17,1120.947021484375,1135.2431970181317,1088.6636275462618,1112.8644816557726,26173,
2018-01-18,1098.8017578125,1142.1110574376376,1094.1765481738396,1127.814768271413,29905,
2018-01-19,1082.0294189453125,1110.9956641847812,1074.7410922603028,1097.914134076634,52735,
2018-01-22,1092.822021484375,1107.258382620353,1074.5545485345197,1082.0297106112816,50152,
2018-01-23,1081.09521484375,1095.578340021,1074.6946307229605,1080.2542363759146,23486,
2018-01-24,1076.93701171875,1085.7202335413676,1058.6695436939783,1076.5164655281626,29552,
2018-01-25,1081.889404296875,1102.5862797330594,1063.341683335781,1082.96398153442,17630,
2018-01-29,1082.356689453125,1091.373626214973,1060.304984886507,1088.5704405312017,27312,
2018-01-30,1067.032470703125,1082.3099222941362,1053.063309165488,1074.2273816252498,36789,
2018-01-31,1053.8109130859375,1097.9143192648332,1002.9330278964766,1064.8834729827372,84086,
2018-02-01,1109.220458984375,1129.8705689726912,1046.522567275181,1060.5384945154735,41322,
2018-02-02,1035.1229248046875,1102.5862045787271,1027.7411807921617,1075.5821637050549,51480,
2018-02-05,973.359375,1028.7690526138656,949.812663017252,1028.7690526138656,48039,
2018-02-06,935.4697875976562,953.0831144993044,909.6804455749829,943.73916239637,58557,
2018-02-07,959.8572998046876,978.9656326476894,943.7389854492426,943.7389854492426,29962,
2018-02-08,943.6923828125,979.5731219609286,936.31063839597,966.1645745176728,48374,
2018-02-09,933.3672485351562,948.551168264854,926.919899806782,935.329455349384,22753,
2018-02-12,936.9646606445312,944.673420006603,927.4338194815982,933.3672624212776,23532,
2018-02-14,930.33056640625,959.5770665569496,925.985606088006,959.5770665569496,20761,
2018-02-15,923.6028442382812,943.7390471550528,911.9696138844868,943.7390471550528,20929,
2018-02-16,904.073974609375,932.5263170311964,900.7568833848431,923.6028551631904,19059,
2018-02-19,888.2359619140625,917.5759909545204,882.3492841725812,906.3632497208602,18699,
2018-02-20,866.0440673828125,901.551080844988,857.4476781693619,901.551080844988,19541,
2018-02-21,844.3662109375,866.0441330707207,824.1365328682058,866.0441330707207,120364,
2018-02-22,823.0152587890625,847.4964237818972,817.4555960912481,845.5809250792097,21895,
2018-02-23,814.325439453125,844.693284297906,808.3452871943847,825.584890520152,64455,
2018-02-26,843.1514282226562,849.3651786899197,817.5957440634542,819.4645343355992,85191,
2018-02-27,858.3353271484375,871.5103324473998,850.5798591243265,857.7747128935674,56010,
2018-02-28,841.2359619140625,858.3353821548342,839.0868644247336,858.3353821548342,40258,
2018-03-01,840.5350952148438,857.7746961015052,837.2180040380705,846.5619549759954,29988,
2018-03-05,821.56689453125,850.2528356071695,817.5957153424439,842.2170035006616,13081,
2018-03-06,799.608642578125,841.8900227436642,792.5072623129794,826.9397004751862,37596,
2018-03-07,773.2586669921875,817.5957266613264,764.2884966891983,794.235848756717,62531,
2018-03-08,757.4674072265625,781.621497640737,751.7208545749826,773.3053584756938,96967,
2018-03-09,751.90771484375,766.2039478299981,747.5627550101395,766.2039478299981,23286,
2018-03-12,749.3848876953125,779.2855315933799,740.6950244686271,779.1453495127267,46772,
2018-03-13,730.2298583984375,755.9257267361944,726.1184966520133,742.8441937642455,38037,
2018-03-14,703.2257080078125,735.1820308597246,698.9742218386211,735.1820308597246,144029,
2018-03-15,745.7407836914062,769.708043299707,703.2258022405574,703.2258022405574,224000,
2018-03-16,717.24169921875,765.2696330686515,712.2427079445416,742.9375660189795,99455,
2018-03-19,694.4424438476562,731.5846487582432,693.3211583309579,721.3063027452506,56938,
2018-03-20,700.2356567382812,712.3360267251339,687.3409597281791,697.0586908309626,91810,
2018-03-21,704.5806274414062,718.3162470845301,700.7963386190537,712.0090800369586,96578,
2018-03-22,686.173095703125,710.140355514109,682.1084993753942,710.0936471600694,37388,
2018-03-23,656.5994873046875,677.4364878702291,654.0766089781523,677.4364878702291,88987,
2018-03-26,640.3877563476562,663.4206218773305,637.2575550990696,658.7953540228389,115717,
2018-03-27,685.7526245117188,691.6393025600937,644.6392378449102,644.6392378449102,202096,
2018-03-28,667.8121948242188,684.0239271290941,661.5984445461464,682.1084285646576,74028,
2018-04-02,706.7764282226562,719.4841779031116,660.2435097932558,674.6332161636968,91264,
2018-04-03,706.8699340820312,716.6343748486414,695.9842077243017,706.4494448564923,64142,
2018-04-04,716.7276611328125,739.106432407731,707.3370029489915,715.7465578057166,101412,
2018-04-05,738.4991455078125,745.6472908452128,719.4842280085386,719.4842280085386,56728,
2018-04-06,745.226806640625,752.0946448998756,735.4156580110825,746.2546754775288,59304,
2018-04-09,737.6581420898438,755.9255528824837,731.2575021392065,739.1064429295978,41968,
2018-04-10,724.4365844726562,745.7407835476176,723.2218821233432,745.6473668403462,47810,
2018-04-11,716.0736694335938,734.0140669442046,711.3549855362776,725.090605053665,33524,
2018-04-12,714.4384155273438,726.0249366858021,707.337036127609,724.9971249674801,25691,
2018-04-13,709.112548828125,732.5191374702855,700.7964086332935,720.2785259809159,56234,
2018-04-16,724.0628051757812,728.5478903695964,702.3381185195043,708.4116868320118,32703,
2018-04-17,702.6651611328125,728.8282256430768,697.5726960987308,724.8570462084831,49008,
2018-04-18,700.7963256835938,712.5229727938424,696.6382560783476,708.2714864908854,57247,
2018-04-19,697.7595825195312,714.1582060958885,686.7804394400475,704.62736410155,57499,
2018-04-20,694.5826416015625,708.2715539460152,687.9951669189419,706.3560552129065,42621,
2018-04-23,694.3023071289062,696.1710974351713,689.2566075205633,696.1243890837054,26704,
2018-04-24,690.79833984375,694.6293942707971,687.2943579457556,694.2089050368468,30382,
2018-04-25,688.4157104492188,695.0031856513292,673.9792922205761,691.4524950558831,51383,
2018-04-26,689.5836181640625,695.28340574572,677.4364812587335,690.6581953949924,367813,
2018-04-27,706.0288696289062,718.3161872210667,691.5925118812212,695.1899099739494,178960,
2018-04-30,714.01806640625,715.7466745964842,706.4027232309949,709.7665229101898,33245,
2018-05-02,700.3291625976562,714.8122873745257,686.9673234032513,702.6651504648933,70130,
2018-05-03,695.0966186523438,701.5439113746157,689.2566485972292,701.5439113746157,26431,
2018-05-04,696.7317504882812,700.7963464855161,687.1074350384513,694.0686901530646,26511,
2018-05-07,685.1452026367188,704.9076816860804,680.2396283934964,704.9076816860804,40855,
2018-05-08,695.7505493164062,699.8619104545537,685.0984796909413,685.0984796909413,115679,
2018-05-09,694.7227783203125,707.3371125601568,691.4523953692418,695.7505901496966,57141,
2018-05-10,681.1272583007812,702.1511461602068,675.3807061401599,702.1511461602068,23816,
2018-05-11,678.3241577148438,690.4712944350207,675.5676806683052,681.1740514622331,39152,
2018-05-14,652.7683715820312,689.9105755287501,649.9651863785052,684.4443871942541,39557,
2018-05-15,652.6282348632812,672.7644368087995,640.6212242377777,652.2077456840861,49866,
2018-05-16,648.236572265625,663.4204919763513,644.7792991406852,653.7495259268219,46147,
2018-05-17,681.8748168945312,702.1979101010487,664.401617306186,681.8281085462236,1389756,
2018-05-18,695.7973022460938,712.9434287355457,684.0238903052864,686.7803671305716,235649,
2018-05-21,682.435546875,704.8143244809769,677.4365551083089,700.7964363189402,53248,
2018-05-22,671.5029907226562,687.7147211882902,663.4204511463126,683.0427461802176,52506,
2018-05-23,701.590576171875,707.7109100344312,672.8112169331765,677.5766664208702,131861,
2018-05-24,688.9295654296875,708.9256454023683,682.1084919167117,703.5995813880602,102409,
2018-05-25,709.2058715820312,715.6999288478986,684.0706209098928,690.517969827564,281846,
2018-05-28,692.620361328125,717.475247940808,686.3599028111107,713.7844329554556,67700,
2018-05-29,694.7694702148438,705.4683055932765,688.3688865460138,692.6670812246651,43549,
2018-05-30,696.871826171875,700.5159897278244,663.0467135048567,690.1441703160177,72360,
2018-05-31,693.5548095703125,699.7685602151532,688.9762504603293,697.5259890121096,38066,
2018-06-01,670.5218505859375,696.0308805247612,663.9343770319009,684.911556857533,53413,
2018-06-04,656.8330078125,674.633222000649,645.3866685195527,672.6242498429771,138036,
2018-06-05,630.6699829101562,660.804224825858,624.1759255717451,660.804224825858,93925,
2018-06-06,628.707763671875,649.4046393795921,618.149109718369,626.0447602652183,47272,
2018-06-07,643.1441650390625,655.2445935380413,635.3886967641613,638.0517001073355,65890,
2018-06-08,653.6094360351562,670.8023303601148,642.8638913397963,642.8638913397963,43754,
2018-06-11,680.5198974609375,687.7147506881854,654.1699458789235,657.3469118330686,85647,
2018-06-12,682.2486572265625,686.453435497964,664.495148969534,664.495148969534,51207,
2018-06-13,681.3610229492188,696.1244563899547,675.8947765563057,682.108527737808,28544,
2018-06-14,674.4931030273438,689.7704976497106,669.026914319101,687.6214002529208,28441,
2018-06-15,681.1741333007812,686.3133071459861,673.9325701552654,679.8659571459816,35720,
2018-06-18,673.8390502929688,688.6491898401076,672.2972755630358,681.1740290277319,24671,
2018-06-19,675.6143798828125,679.2585436619689,668.3261093554516,670.8956959345883,49307,
2018-06-20,660.1968994140625,677.8102826793584,655.945412774493,677.3897934444656,32791,
2018-06-21,656.5060424804688,664.074677793367,655.5249389299885,660.617404158904,22099,
2018-06-22,658.74853515625,665.9900970675421,656.879744985594,657.346942528258,391620,
2018-06-25,655.9920654296875,670.8956786100138,649.5914818375015,659.3559219922636,42513,
2018-06-26,700.4692993164062,706.402685302533,648.4701899470342,656.4592565293847,159934,
2018-06-27,676.9224243164062,718.2694003275557,668.4193961610855,704.3936012781307,292290,
2018-06-28,673.1382446289062,681.9682325912729,662.4861178066589,676.8290596040563,51393,
2018-06-29,677.2962646484375,680.2396320224535,668.0457873875819,678.3708418245897,125400,
2018-07-02,671.9234619140625,680.0527103069301,660.2435237148128,677.4364155564878,25569,
2018-07-03,666.3638916015625,680.2396360913194,661.5984423499344,664.3549193144618,18958,
2018-07-04,661.271484375,673.2317313466535,658.7486059672322,663.4205818960778,77572,
2018-07-05,662.766357421875,672.6709785706228,652.2544137459752,660.6172603432133,89208,
2018-07-06,655.4314575195312,669.9612899896864,653.2355948051784,657.8608619790799,49929,
2018-07-09,670.568603515625,677.4363840449438,652.3946091167818,661.3647784241712,71166,
2018-07-10,673.2783813476562,676.9692534177528,667.1581048174955,668.5129891256261,41453,
2018-07-11,664.91552734375,676.875830194478,661.5517278113268,668.5129826810684,20201,
2018-07-12,671.7522583007812,684.152846353853,667.178688897796,668.6874798712154,80134,
2018-07-13,665.1513061523438,678.0705396239832,661.9922493526128,669.1590939867435,42064,
2018-07-16,653.5994873046875,667.6503438346213,632.7590123065407,667.6503438346213,57439,
2018-07-17,672.5538940429688,678.0233336234471,650.0159604867735,661.0020361335289,86378,
2018-07-18,655.579833984375,679.815175526723,653.7409550193206,668.5933459916312,92389,
2018-07-19,653.080810546875,659.1632295411043,643.7450568513407,653.5994539371776,79785,
2018-07-20,651.0061645507812,662.6052199495863,645.9610900091542,653.788052289167,47328,
2018-07-23,654.8253784179688,668.5932848146049,649.1673252319496,654.9196562817251,45978,
2018-07-24,697.7793579101562,716.6866724280048,653.5050842007992,660.0118678020971,309434,
2018-07-25,707.492431640625,730.8319020612921,690.6125492025956,690.6125492025956,92681,
2018-07-26,739.64892578125,743.0909309077496,703.2016703665521,703.2016703665521,196573,
2018-07-27,728.9929809570312,744.7412402844512,726.1168154720197,739.6489694649575,91799,
2018-07-30,737.4329833984375,748.6548126902231,731.3977032226255,735.4526876677447,60185,
2018-07-31,732.2935180664062,740.2619544376148,712.9618364537042,737.9044322897242,71786,
2018-08-01,750.9651489257812,754.3128767196387,730.8319310103057,738.3760025562185,111796,
2018-08-02,745.024169921875,764.8744957552218,740.2619864882894,754.4071199880657,106952,
2018-08-03,742.7610473632812,753.4641762815212,734.1796310968931,746.9102523482079,59582,
2018-08-06,739.2247314453125,750.6351166021382,734.0853212084934,745.9200718998634,35858,
2018-08-07,747.99462890625,772.3713845770407,736.4899094622111,743.7510890950081,109905,
2018-08-08,755.1143798828125,768.1750301806175,739.2247028729896,754.407123204808,150377,
2018-08-09,732.0577392578125,767.9392135338841,723.9007474564502,751.5780334445616,113574,
2018-08-10,725.2681274414062,743.4210489034185,716.8753827020779,737.9044698194595,88298,
2018-08-13,716.5452880859375,728.8987391831223,709.0012169023237,728.8987391831223,44250,
2018-08-14,709.2369384765625,723.3349324030236,695.5633100471795,715.93233589669,63717,
2018-08-16,696.8836059570312,707.1624264153419,690.2825433836899,702.3059073565615,64767,
2018-08-17,715.5079345703125,718.5727132027389,693.6772575966609,700.5612679548476,55897,
2018-08-20,725.645263671875,742.2893918327034,707.2565922727827,716.6395412416059,78243,
2018-08-21,725.7868041992188,740.0733541319399,721.8261554099726,727.0598431587257,60469,
2018-08-23,733.9909057617188,741.1578074618691,725.1266572218296,725.7867749195226,40705,
2018-08-24,744.364013671875,748.2775234270312,723.2877888702368,738.3759304894334,48069,
2018-08-27,743.0438842773438,750.0693121883362,733.6609340845885,744.2697843525211,41981,
2018-08-28,733.1893920898438,745.3542294635938,728.0028433355105,741.1106895736847,28002,
2018-08-29,717.9126586914062,737.6215675767368,714.2349585429188,732.7179098220583,18206,
2018-08-30,726.2583618164062,735.5469768994443,714.9893934153893,722.2033773086533,49951,
2018-08-31,716.9697265625,737.4330332418033,706.3137364425968,727.0599343087345,36023,
2018-09-03,717.6768798828125,732.7178826795289,711.9716878031458,716.6395931616705,32853,
2018-09-04,701.9758911132812,723.2407315974318,697.9209065499349,721.8733570974684,25571,
2018-09-05,731.1619262695312,740.261985160746,688.8208612701504,701.4571459732721,59784,
2018-09-06,712.6788940429688,732.7178308585997,705.6534670362686,732.7178308585997,32397,
2018-09-07,709.4727172851562,721.3075249319788,707.2566694103485,716.5452839792597,16025,
2018-09-10,675.94873046875,713.2447188811176,672.4124472901432,708.1996445689822,78660,
2018-09-11,660.5305786132812,686.2747094131468,654.448159852592,677.5990162438196,41907,
2018-09-12,654.259521484375,663.9725010221226,641.2460110076177,660.1061878019593,48921,
2018-09-14,681.46533203125,686.0860406151247,655.6740068290228,659.870407498443,79013,
2018-09-17,662.4637451171875,685.1430974066575,655.5326527994935,685.1430974066575,37556,
2018-09-18,669.5834350585938,678.4948803704899,653.5051453742176,663.6896296349446,48778,
2018-09-19,695.1861572265625,701.5986060934976,667.0845041389952,674.2513485979177,67384,
2018-09-21,650.487548828125,694.0545729339605,640.4445382510746,694.0545729339605,65586,
2018-09-24,632.2874145507812,663.123814512247,594.0955572960361,654.4481218467446,191697,
2018-09-25,636.908203125,656.3341624981,604.4686755190835,633.7019499981654,96351,
2018-09-26,629.8357543945312,653.5052580336757,619.5569329410172,640.7746361239288,29368,
2018-09-27,614.1817016601562,646.9041228859911,609.1837658663998,633.7019979291342,42832,
2018-09-28,600.22509765625,629.64698355388,589.3804965202769,617.9536514802421,42111,
2018-10-01,624.0361938476562,629.9299999852427,595.1329455262519,595.2744198962342,78127,
2018-10-03,599.8479614257812,631.815987392656,595.9816478091918,630.8258395207682,42043,
2018-10-04,592.02099609375,599.7065419134686,572.0291952207859,595.7930318223584,101736,
2018-10-05,568.822998046875,593.9070125604117,561.2789266074117,588.4375722781402,73749,
2018-10-08,579.5260620117188,583.7224627951708,552.1788060810887,564.9094252212096,54619,
2018-10-09,538.5523681640625,580.7520170970106,529.2166144425231,576.9799814381996,60410,
2018-10-10,519.4092407226562,542.79584768518,508.6589748291693,535.2517772097408,243067,
2018-10-11,508.8948364257813,517.7119476666396,490.0346561829164,507.3388485330639,141573,
2018-10-12,528.2265014648438,539.4011348190977,512.1481523623758,517.711928349099,108237,
2018-10-15,521.9082641601562,542.8902112582432,516.8159933024377,542.8902112582432,36907,
2018-10-16,552.2732543945312,557.3183296179687,524.9731318130719,525.0202707526297,138139,
2018-10-17,539.4482421875,561.4203385534142,534.0730798220685,558.2612816881617,24770,
2018-10-19,541.334228515625,544.0689772522267,514.9299802432532,536.1948186798425,19100,
2018-10-22,546.2379150390625,550.7172073937203,529.0280023080087,541.3342571605189,25237,
2018-10-23,544.4933471679688,551.6130526592225,528.0849697287202,537.562197406263,42351,
2018-10-24,545.3419799804688,551.1886460780927,537.8450484754254,547.699501991068,19005,
2018-10-25,557.7897338867188,563.9192914019574,529.0751029386083,537.5150436440063,28744,
2018-10-26,545.1533813476562,561.0902535899464,537.9865372656544,553.8290740909736,19518,
2018-10-29,542.6544799804688,551.5659255469529,537.515069992882,543.2202622946253,13210,
2018-10-30,538.1281127929688,555.1494138556294,534.6861068952129,541.6643965687307,21121,
2018-10-31,534.591796875,560.053038529635,530.4425344715652,545.0120342630572,52095,
2018-11-01,536.807861328125,543.1260329991461,530.2539374123396,542.1358850824765,45732,
2018-11-02,562.1275634765625,576.1784186395497,537.3264417469517,537.5150550319859,67751,
2018-11-05,574.5281982421875,589.3805890871846,553.5462492706837,562.1276076251139,44436,
2018-11-06,571.2747192382812,581.270647047214,567.6912973114406,575.1410898503296,15928,
2018-11-07,574.9053955078125,579.0074611758755,562.9763099706803,574.9525344411946,6645,
2018-11-09,592.4453735351562,595.9816571018206,567.219884092951,574.2924512262796,37339,
2018-11-12,595.1329345703125,603.4785984415181,586.7873282558065,595.9816656611807,37648,
2018-11-13,586.080078125,595.0386633899839,579.9505197858005,588.8148271759383,16954,
2018-11-14,579.14892578125,590.7950624086062,571.6048547528878,586.08001801588,11245,
2018-11-15,617.9536743164062,627.1008714717688,572.9250027182454,579.0074211784452,56007,
2018-11-16,611.3055419921875,627.1009416502965,603.8086094490889,621.4428880414216,29250,
2018-11-19,633.23046875,649.6859853688409,611.3055120881422,614.8417954206999,52466,
2018-11-20,614.2760009765625,629.3641428974439,608.2407211855324,629.3641428974439,14994,
2018-11-21,611.3055419921875,622.9045403790415,604.3744493439949,615.1247166668385,16651,
2018-11-22,593.8126831054688,620.8298520670414,590.3235388564801,611.3054857247815,31038,
2018-11-26,608.0520629882812,610.1266938605049,589.3333613229647,594.0955442536601,21881,
2018-11-27,602.8184814453125,614.794706823458,595.0386574767183,604.515886072575,11364,
2018-11-28,594.331298828125,614.936018176563,588.4846327309332,603.9028612131261,21473,
2018-11-29,590.0877685546875,608.2406883224505,587.6831075773089,591.4080039241102,24007,
2018-11-30,582.213623046875,603.10123224551,577.2628271283019,591.5022361761901,281663,
2018-12-03,593.6241455078125,619.5097531973724,582.1194245839304,585.7971825827508,31572,
2018-12-04,585.1842041015625,604.4216100885535,580.4691592573687,597.207568454257,35167,
2018-12-05,576.1784057617188,585.608494235724,565.8053084403131,584.6654853883234,23198,
2018-12-06,562.6463012695312,577.0271874561809,557.6011689585571,577.0271874561809,19137,
2018-12-07,560.1472778320312,569.9545932611959,556.8938856666174,560.1472778320312,15164,
2018-12-10,547.416748046875,558.0255997532098,543.4089596244819,556.7525605711313,15968,
2018-12-11,549.4912109375,551.9901495946317,539.3538668602197,544.1631884695572,15023,
2018-12-12,550.0570678710938,571.9348853856427,547.322376654709,547.322376654709,32464,
2018-12-13,566.4182739257812,573.8208701815355,551.6601627875075,554.4891892633408,54093,
2018-12-14,562.221923828125,593.1526045744016,561.090301624434,576.1784441891247,96450,
2018-12-17,575.5653686523438,579.9503823709942,560.6187029586278,565.616637831951,55592,
2018-12-18,564.76806640625,574.9525512524705,562.033317509782,568.634379963756,19659,
2018-12-19,587.635986328125,595.9815916056217,564.7208252890739,564.7680217768017,94487,
2018-12-20,590.5593872070312,600.3667038456051,581.5065238150413,586.4573210730642,32579,
2018-12-21,578.9602661132812,593.1525370870957,577.1213874360931,591.1250451379694,17538,
2018-12-24,566.9841918945312,577.2158170748526,565.9940439023558,575.4241344120361,12490,
2018-12-26,577.7816162109375,582.968165624758,559.8173065707723,566.7012606450484,32115,
2018-12-27,563.8721923828125,586.4100709231791,560.1944345906736,581.2707183804445,30377,
2018-12-28,563.730712890625,577.074311942557,561.0902994633133,570.0960230105869,34611,
2018-12-31,565.9939575195312,573.3494154831402,563.9193264126939,565.7110663587571,25354,
2019-01-01,559.8171997070312,579.4789102544199,555.1964335431892,579.4789102544199,65788,
2019-01-02,557.1296997070312,564.8623849353495,554.5835639230276,558.8271043774668,24982,
2019-01-03,555.1494140625,565.8054043327598,548.831242202777,556.4695921385885,19715,
2019-01-04,552.2732543945312,559.1100697747855,546.8037560449656,558.5442298299841,25048,
2019-01-07,542.9844970703125,558.261252310416,540.3440837396425,551.6601902053942,32710,
2019-01-08,540.0140991210938,550.245723222605,537.5151023768377,550.245723222605,33326,
2019-01-09,536.4306030273438,546.7565622494113,534.0730807189583,540.3441130819424,21318,
2019-01-10,531.9512939453125,539.2596128719247,529.3108805541335,536.4305861906554,18146,
2019-01-11,527.283447265625,535.4404396826969,524.124332929741,530.7725341357635,16399,
2019-01-14,514.3170776367188,528.1321235025835,513.1854554441607,528.0849845688718,19115,
2019-01-15,542.4659423828125,551.141636936173,516.1559675261799,518.5606865886241,108841,
2019-01-16,533.6016235351562,549.7742510262774,529.6410317515122,537.5151339364976,51124,
2019-01-17,524.5486450195312,534.5445152772277,521.2952531480722,531.8569632198033,23332,
2019-01-18,523.3699340820312,529.0279874234586,521.3896384352097,527.7077519544475,12511,
2019-01-21,518.46630859375,527.707784781628,516.7217650609649,523.6528578126987,14874,
2019-01-22,502.0578918457031,518.4190709719378,497.2485125878036,516.3444401679432,26752,
2019-01-23,500.8792114257813,515.4486532102796,495.9755535251053,502.6237549070011,48421,
2019-01-24,493.47650146484375,511.0636388903592,485.8381530846782,501.3977985349113,31382,
2019-01-25,475.6536560058594,499.6060749304892,468.7225352344343,499.6060749304892,58672,
2019-01-28,469.0054931640625,479.8500957682578,460.424106217247,475.6536945535559,30443,
2019-01-29,462.2630004882813,469.0526476860492,457.4536490700606,469.0526476860492,25444,
2019-01-30,461.9800415039063,473.39045463218406,457.5007493535021,459.4339348117373,60370,
2019-01-31,458.3966064453125,465.7520639431887,456.3691431792111,459.245308652245,61407,
2019-02-01,459.2924499511719,478.76560577171534,455.4732756111129,461.2256353651834,36078,
2019-02-04,450.3810119628906,466.69505281207387,447.9763222381189,462.0743154136068,35597,
2019-02-05,421.5249938964844,454.7189199160035,414.73531805392633,450.38107305983294,129812,
2019-02-06,428.7861633300781,433.4069012381688,420.8648654552391,433.4069012381688,89560,
2019-02-07,451.6541137695313,453.5872704586921,425.29700410991705,425.29700410991705,47226,
2019-02-08,444.2043151855469,463.0173535891536,441.3281496532055,453.5872649213501,36487,
2019-02-11,446.6561584472656,450.7582529061607,431.99238160569513,446.0903473532202,18460,
2019-02-12,429.5877075195313,446.84478824448126,427.18304625394455,446.84478824448126,28353,
2019-02-14,429.2105102539063,433.7841093362737,422.46800213619696,426.2400378695559,22720,
2019-02-15,428.7861633300781,430.62501343946366,424.35400993717286,430.62501343946366,18524,
2019-02-18,419.7803955078125,430.4835520089397,415.81977549456326,426.2400120658066,28224,
2019-02-19,420.8648376464844,428.7389672884808,417.3285544640021,417.3285544640021,19138,
2019-02-20,433.2182922363281,433.7841033441858,420.6291173944739,420.6291173944739,34413,
2019-02-21,426.0043029785156,435.6701449387365,422.4680193345324,431.89810905182105,31748,
2019-02-22,433.9255065917969,437.4617896979644,424.5425860171063,424.5425860171063,47666,
2019-02-25,440.4323120117188,449.3437579675351,431.4265881849891,433.78411052479777,131386,
2019-02-26,435.1043090820313,443.2141915338523,430.9550755978096,437.6504446723949,87403,
2019-02-27,436.89599609375,454.2945211822825,432.5110106226469,432.8410694814066,184343,
2019-02-28,437.9804992675781,446.04321392765854,436.1416203838099,441.3281693829687,30710,
2019-03-01,476.219482421875,480.46302236424816,439.5364428979188,439.5364428979188,253621,
2019-03-05,505.5470581054688,509.1776769751394,476.5023949315872,476.5023949315872,373641,
2019-03-06,519.0321044921875,529.027975480369,493.1936384603084,511.723785757833,151580,
2019-03-07,515.0714111328125,527.1419120988729,509.22474514023503,518.5133586724323,82180,
2019-03-08,532.894287109375,547.8881511001989,496.0226634745347,514.8828407929581,195001,
2019-03-11,501.114990234375,507.33882642057193,471.5044855209776,471.5044855209776,769500,
2019-03-12,511.205078125,517.7118622580239,501.6807116963,504.886964831322,229026,
2019-03-13,509.8377685546875,518.5134041127627,508.28178089661225,514.5056164155259,181932,
2019-03-14,504.4154357910156,513.9398017549917,502.05791376461656,509.2247577021936,41823,
2019-03-15,507.1973571777344,515.9673867424103,500.7377686834994,504.5569435434741,62067,
2019-03-18,501.3034973144531,509.2247949248507,497.2014317113473,509.2247949248507,47508,
2019-03-19,502.1994018554688,504.6512596450575,498.898870549894,501.3035318469017,46725,
2019-03-20,495.9284362792969,508.28183066232486,494.1366962283084,502.1994113443579,49016,
2019-03-22,482.4433288574219,503.6609990036057,478.5298479225667,498.8516769367224,56543,
2019-03-25,476.50238037109375,481.4531770411566,472.5417603020519,479.0485158841793,27448,
2019-03-26,485.413818359375,492.2506327024648,476.21948182901286,476.69098626646735,46047,
2019-03-27,488.1485595703125,494.1366428107039,483.2449019852799,485.7438409311273,78547,
2019-03-28,494.6082153320313,495.0797198271047,484.7066209354891,491.2134059901829,66743,
2019-04-01,502.2936401367188,510.1677402772885,494.1365913221797,499.79464389457104,227319,
2019-04-02,495.1739196777344,502.62371254869385,488.6671932050216,499.9832993036789,47666,
2019-04-03,485.7438354492188,499.7946903321777,479.9915044888273,492.1563416724196,56839,
2019-04-04,492.4393005371094,495.0797141679986,483.7636064155872,489.4216602917929,60183,
2019-04-05,490.9304504394531,509.1777086797589,485.6496231905467,509.1777086797589,35377,
2019-04-08,485.5553588867188,495.0797267986404,481.8776007506767,491.5905819746239,35504,
2019-04-09,475.8894653320313,489.51592752052,467.826750245135,483.1034781116253,51845,
2019-04-10,476.0780334472656,480.93452336875134,472.070245752526,476.2194790219989,50178,
2019-04-11,480.981689453125,484.706586208675,471.5044612924854,473.5790924335117,61900,
2019-04-12,481.59466552734375,489.7045191926182,478.10552102235016,482.8205656083694,57898,
2019-04-15,480.227294921875,485.3667050730263,479.85009710765024,480.9345516154271,22857,
2019-04-16,491.590576171875,494.98544307815655,479.2843203337697,484.14083966676776,91758,
2019-04-18,489.9402770996094,497.9087140536637,486.59260691608046,492.81644281907234,101629,
2019-04-22,480.6516418457031,489.94025637215896,479.0485152243614,489.94025637215896,83024,
2019-04-23,482.4433288574219,490.36459736691046,476.4080780301137,483.76353547927897,38621,
2019-04-24,484.5179443359375,485.64956648763575,473.3904512170741,481.9246699517802,30918,
2019-04-25,475.6536560058594,496.0226528282396,471.5044228405319,485.6495555257479,215917,
2019-04-26,465.4220275878906,486.02680643214615,463.1116730672523,476.6909953695889,283049,
2019-04-30,474.2391662597656,483.7635618292269,467.6381040125832,467.6381040125832,170338,
2019-05-02,475.7951049804688,479.94436695382257,469.194043013483,475.2764616229727,63644,
2019-05-03,471.6458740234375,478.0583515173731,467.8738385958329,476.2194727350773,65980,
2019-05-06,497.39007568359375,501.91650707305394,472.07027995157546,472.07027995157546,582843,
2019-05-07,521.9553833007812,527.0476539654164,497.9086583248645,497.9086583248645,428443,
2019-05-08,516.8159790039062,526.1046505355949,509.271908345897,522.426893067139,142550,
2019-05-09,511.205078125,526.1518030356818,509.224782548876,517.6175843950439,105625,
2019-05-10,515.5429077148438,518.5133508158065,510.4506373179251,511.6293982841852,51720,
2019-05-13,500.17193603515625,519.6450349922926,498.3801961295151,518.0419083751445,52144,
2019-05-14,523.65283203125,529.9710031891502,490.3646292853347,490.3646292853347,158959,
2019-05-15,537.892333984375,542.1358743057768,519.5979371316516,519.5979371316516,154078,
2019-05-16,526.5289916992188,543.1259827284545,523.3699349344546,542.2301127699304,43783,
2019-05-17,510.5450134277344,531.479763811993,509.1776390865338,528.933685967259,52085,
2019-05-20,556.8939208984375,561.0903222145753,519.5979286390436,537.2793463558895,142129,
2019-05-21,554.4420166015625,579.0073834941714,540.1554107451144,556.3751730644319,191187,
2019-05-22,550.6700439453125,562.4105159477944,547.4637907483468,556.3752361264568,39858,
2019-05-23,573.3965454101562,580.8934776147374,556.4695242832579,560.9960130113262,162043,
2019-05-24,585.1370239257812,589.3805639864839,570.5203859389164,578.9603271265421,114594,
2019-05-27,627.0537719726562,633.9377253479518,583.5810276750981,589.3805553625435,173889,
2019-05-28,637.4740600585938,645.0181317752634,625.2149435190054,629.929988341924,145972,
2019-05-29,632.7118530273438,642.0948033911823,620.594153744118,638.4170455418957,51232,
2019-05-30,625.6864013671875,638.41702144022,623.8946614453419,627.5724191557849,53403,
2019-05-31,615.643310546875,632.711805427998,609.2780007489207,625.6863779174357,82756,
2019-06-03,631.3915405273438,636.248058946927,612.9557297067331,612.9557297067331,76329,
2019-06-04,617.0107421875,640.1144613768956,613.1915674654906,634.45640769786,102194,
2019-06-06,610.07958984375,621.1128049511767,576.7441923078783,619.9340438832186,86008,
2019-06-07,615.0775756835938,622.2916170335698,592.4925002586904,608.2407609289659,64104,
2019-06-10,604.610107421875,622.2443257113365,598.2447981031593,615.7847385365005,44544,
2019-06-11,600.6023559570312,612.5313833034047,593.5769285556615,609.1365744866033,43126,
2019-06-12,596.1231689453125,603.0542621490515,589.7106616292492,600.6024617446996,34687,
2019-06-13,595.8402099609375,600.2723637450055,584.9484675892979,597.8677023211424,38775,
2019-06-14,595.415771484375,600.6965976720029,590.6063921338356,594.5670405529008,23855,
2019-06-17,584.618408203125,596.9246634501171,582.7795292451381,595.9816545031185,39109,
2019-06-18,576.7442626953125,590.3236148781283,574.339601334545,588.4375969392205,32864,
2019-06-19,552.367431640625,581.883597014223,547.8881396213455,579.9504403909251,51473,
2019-06-20,549.349853515625,555.1022426572564,543.9746909775001,554.7721549900135,33926,
2019-06-21,532.800048828125,552.5560975482242,528.1321430836895,551.9431187171588,43079,
2019-06-24,546.1907958984375,558.0726856576597,531.1969305557393,532.8000572836847,46402,
2019-06-25,542.5130004882812,549.4912892658647,537.0435604619914,542.8902270652784,44689,
2019-06-26,558.1669311523438,560.9959575493517,537.5150154315099,538.6466375016511,150545,
2019-06-27,556.799560546875,572.123453631518,545.2477026830671,552.6502987812803,120859,
2019-06-28,558.0726928710938,561.0431941276441,554.0177658409593,556.84679273036,41015,
2019-07-01,559.1100463867188,560.9960643437571,550.7172434552176,560.1473332404097,28871,
2019-07-02,543.3146362304688,560.1473231717898,540.957113826547,556.6110395659073,36488,
2019-07-03,550.2457275390625,553.5462588953379,540.674163583184,546.8509183095732,63472,
2019-07-04,556.3753051757812,557.3183141676046,543.9275749723727,553.6877525717651,78490,
2019-07-05,561.1845703125,563.9193191302916,548.9726511693323,552.603212391891,54454,
2019-07-08,549.6327514648438,557.3182975416083,539.4954051051614,557.2240196679189,52816,
2019-07-09,582.0250244140625,584.6654374589914,545.7191867653993,545.7191867653993,108438,
2019-07-10,577.2156372070312,587.4944556822526,565.8052542686221,577.8757548483487,116598,
2019-07-11,600.083740234375,608.2407909182062,578.9603736574373,580.7992526762046,129330,
2019-07-12,612.8615112304688,617.6708336299472,599.7065254761711,600.6966733164525,91795,
2019-07-15,598.71630859375,617.7650402591179,595.5571945879092,616.7277536044772,43263,
2019-07-16,581.270751953125,601.5454448019319,570.5675656128745,601.4982483080864,47328,
2019-07-17,578.1115112304688,594.0955212908211,573.5850806748285,581.270625123726,34980,
2019-07-18,562.5048217773438,582.6380392323621,560.0058251122342,579.0074779066036,30229,
2019-07-19,562.9762573242188,584.1939554645787,559.2042220992658,567.1255190943428,57208,
2019-07-22,549.39697265625,564.9566198047264,548.0767947049428,560.1472973451487,25087,
2019-07-23,574.1510009765625,579.9505292921646,548.406867041275,551.6602595705956,51327,
2019-07-24,553.876220703125,583.7224735954223,549.9156296093821,571.0389931505485,30528,
2019-07-25,543.8803100585938,557.4124629342122,542.2300447051433,550.9528758590956,41285,
2019-07-26,557.035400390625,559.3457838382341,541.0513871161163,546.0021841224076,140184,
2019-07-29,532.4228515625,561.0903478182471,530.8669212664364,561.0903478182471,41935,
2019-07-30,507.0087585449219,544.116135769245,503.1423875175702,536.572064562739,46344,
2019-07-31,548.1710205078125,556.328069897194,495.0796349734288,503.3781011530737,84920,
2019-08-01,547.55810546875,556.1394628822384,520.8709092757622,541.2870736657987,66272,
2019-08-02,560.8545532226562,568.6343767856439,533.3186813429243,547.5581505195014,107372,
2019-08-05,557.3685302734375,571.1213074827054,530.245078404839,560.6157315925553,75602,
2019-08-06,557.5595703125,567.2533753301408,549.2028619496275,557.511829351638,31974,
2019-08-07,564.8657836914062,570.118572170875,546.6242469058222,554.8854739220606,44678,
2019-08-08,573.1746826171875,582.5341838491856,549.2505749732302,560.5202391684974,45677,
2019-08-09,569.497802734375,581.6269813268038,563.528724518788,573.0315086963584,19979,
2019-08-13,550.4443969726562,572.1718378706922,544.3798378848572,569.211198911184,21983,
2019-08-14,541.4193115234375,554.5512840280106,533.2058246545994,550.1102663733878,28103,
2019-08-16,540.8939208984375,544.3798855877707,534.5428572083114,539.604623433492,18236,
2019-08-19,557.4163818359375,561.8573407221153,537.2647403077058,546.2899975550383,43983,
2019-08-20,546.5287475585938,561.6185641421364,544.4753615380818,558.27588067083,22578,
2019-08-21,529.863037109375,551.2084923078665,525.2787974445763,543.424792265389,38232,
2019-08-22,510.7620239257813,532.6804886818472,504.2676791107402,526.2338848295792,39229,
2019-08-23,518.0681762695312,520.5035481852548,491.851976725516,506.1777624553854,143356,
2019-08-26,522.0315551757812,532.1074034065147,508.7086224459111,520.5034948379174,41818,
2019-08-27,524.8490600585938,531.6777083644334,519.9305749365935,526.2338977636954,66629,
2019-08-28,510.3800659179688,529.099071109837,503.50367644013534,524.8490759380543,64434,
2019-08-29,505.74798583984375,519.4052234765969,502.35756148437775,512.8631378652298,54720,
2019-08-30,510.427734375,512.8631061817551,498.8238251363031,502.5485525761183,19965,
2019-09-03,519.2620239257812,520.4558394772513,499.4446857713779,506.5598381164946,47721,
2019-09-04,509.1862487792969,521.028864457398,504.5542093148872,515.3940898474893,17331,
2019-09-05,512.8631591796875,516.3013246396011,509.186230610286,509.186230610286,24208,
2019-09-06,526.377197265625,529.0990735148297,512.8631813672628,512.8631813672628,20202,
2019-09-09,523.4164428710938,533.8742780439036,518.7844621654176,523.4164428710938,18716,
2019-09-11,534.1607666015625,537.5989900295755,522.700138425058,526.2815847302156,19378,
2019-09-12,538.2198486328125,544.3799491898966,535.1159278698876,537.7423223615933,21071,
2019-09-13,553.54833984375,557.1775855455071,534.6860552122472,541.7534661883543,56862,
2019-09-16,563.6719360351562,567.3011234832603,549.9191582097623,549.9191582097623,38213,
2019-09-17,543.759033203125,577.8066728629118,536.4051767273762,567.2056150742009,46389,
2019-09-18,538.5540771484375,549.1551355794356,530.1018283474989,547.0540086197336,35392,
2019-09-19,525.3264770507812,542.0876323351525,521.7927720768686,542.0876323351525,13621,
2019-09-20,569.8321533203125,574.9416613796471,528.5261286447814,528.8126327645207,127236,
2019-09-23,601.3487548828125,605.5032094225521,567.3488551515308,573.0314284756014,247755,
2019-09-24,587.1661987304688,613.1436354418095,577.9021788730714,592.4189868845652,80952,
2019-09-25,568.9725341796875,590.1747116102449,559.6607721851395,579.7168749426274,34064,
2019-09-26,579.1437377929688,585.4470596536094,559.7083885210884,562.3825233016097,40597,
2019-09-27,557.3208618164062,589.2196378947606,553.9304371782397,585.0651246408574,53119,
2019-09-30,538.3153076171875,565.7730640682454,532.4894530125083,557.3208153682476,65435,
2019-10-01,536.3573608398438,553.4528207242187,530.0540388299247,537.6467164498961,59599,
2019-10-03,522.6524658203125,541.658033348671,509.6637755049424,537.6945422692296,92511,
2019-10-04,512.910888671875,525.2310881626091,510.953042876218,525.2310881626091,29856,
2019-10-07,514.5345458984375,518.5935191143417,501.4025737293359,513.1497080840671,40947,
2019-10-09,503.5513916015625,518.6889492367444,501.92779081903006,513.2929380049832,215565,
2019-10-10,493.1412658691406,509.0429110798052,487.12444762167337,503.5513599752857,34678,
2019-10-11,499.82666015625,504.6497215055157,491.0879654976511,493.52333750769424,70625,
2019-10-14,501.4980163574219,512.8631637878668,494.7171673037524,500.16097790734176,32882,
2019-10-15,506.9895935058594,515.7283471492666,497.4390685586508,501.4025597284536,415031,
2019-10-16,505.4614868164063,523.3209785002059,498.5850978220514,510.95303816112863,41632,
2019-10-17,518.9755249023438,522.4136904073271,503.5036635463676,506.2255397134981,42789,
2019-10-18,559.7562255859375,568.1607338988387,510.1890377013421,516.7788647249596,105460,
2019-10-22,550.1101684570312,572.9359435552033,540.1298594716354,564.2449319604202,39673,
2019-10-23,540.0343627929688,562.5258339699145,536.1664124350609,553.4528366478191,32321,
2019-10-24,552.7843627929688,566.3461196434611,538.4585756181763,543.5681413522519,45795,
2019-10-25,540.5596923828125,560.854557158669,536.8827637283678,557.5596145131747,27477,
2019-10-27,552.2113037109375,554.8854387453317,544.5708845887987,549.1073834425686,12125,
2019-10-29,543.9978637695312,552.8798983767975,541.1327063586135,548.200117955588,45792,
2019-10-30,548.82080078125,562.382496147311,545.3348367393282,548.1522525454585,27828,
2019-10-31,543.9501953125,555.7928708396231,540.6075112208522,547.8659459377867,31672,
2019-11-01,556.3657836914062,564.4359884159452,543.2338127257223,547.8658520050465,87777,
2019-11-04,583.4892578125,587.261726336897,560.0427337591195,560.0427337591195,187513,
2019-11-05,596.048095703125,603.5930319188159,577.806620745069,589.6492921563844,269843,
2019-11-06,600.2026977539062,622.6941703147421,596.9077552863708,622.6941703147421,437655,
2019-11-07,606.31494140625,610.2784318468449,598.7223221035413,604.5481179327901,97276,
2019-11-08,601.491943359375,632.244639920191,597.5285111808575,601.6829654829613,347136,
2019-11-11,614.0986938476562,625.0340554975437,600.7279602335549,601.6352716728662,133487,
2019-11-13,626.4189453125,637.8795750791556,608.3684301133063,614.2897671511006,186306,
2019-11-14,627.7559814453125,639.7896776300338,621.3093772258544,633.8683406145465,73293,
2019-11-15,616.2953491210938,628.9020534220786,611.2335826729388,628.9020534220786,49905,
2019-11-18,621.070556640625,622.6941573595794,611.2812696575947,611.2812696575947,74141,
2019-11-19,615.1015014648438,624.5565437706375,606.7447927623704,624.5565437706375,49977,
2019-11-20,611.5200805664062,620.7841011183741,607.4133666327476,615.1015273036276,77930,
2019-11-21,611.09033203125,615.8655946345787,592.4190669105911,611.2813541937392,105615,
2019-11-22,608.9891967773438,611.233546639702,604.4526977983772,605.8374771690641,41784,
2019-11-25,630.85986328125,637.0199630379477,603.06786122404,608.3683904875153,98958,
2019-11-26,620.9273681640625,638.8823424060846,617.2503812891862,628.6155286598583,55386,
2019-11-27,628.1857299804688,634.1548076123622,622.6941785591267,625.4160546425607,50716,
2019-11-28,621.1183471679688,629.3795743052259,611.8065856361388,629.3795743052259,25341,
2019-11-29,624.7952880859375,630.1912991393301,614.7672379445593,621.1183013923688,22467,
2019-12-02,620.7839965820312,637.3541307125528,608.6070797259991,620.9750187008714,144478,
2019-12-03,619.2560424804688,629.7616196100205,613.2391653092134,621.7391555761976,68529,
2019-12-04,615.3880004882812,623.649227197422,612.4273613175296,619.2560094037054,33717,
2019-12-05,642.0339965820312,646.8569996990416,606.4582935360205,615.9610768804911,221429,
2019-12-06,619.1127319335938,647.5255414592774,608.4638741223844,641.7952269330891,132593,
2019-12-09,605.0734252929688,620.784048643927,603.2588607412263,616.9638391138105,31928,
2019-12-10,585.5903930664062,612.6661048592205,570.7392818491061,603.5931072034721,76417,
2019-12-11,603.163330078125,606.4582725083753,579.1915382137942,585.4471197600537,77947,
2019-12-12,613.9553833007812,618.3964000697273,598.0537965597644,605.4077113540826,63826,
2019-12-13,599.1043090820312,619.9722372631774,594.2335655634506,614.0986421745057,55434,
2019-12-16,594.4723510742188,608.3683512055682,592.1324611419973,602.9722820736146,30371,
2019-12-17,590.6044311523438,605.5032253683576,583.6803012092513,595.9527013089198,36991,
2019-12-18,582.4386596679688,596.8122443499532,577.8066790288259,591.6549382782771,52961,
2019-12-19,575.0848999023438,586.4022489804499,571.1214086161385,583.5370914121415,51587,
2019-12-20,575.8010864257812,587.4049375292984,570.1662542314095,577.8066730485809,81020,
2019-12-23,569.4500122070312,580.6718782756814,566.1550696604345,568.8292048099281,35973,
2019-12-24,562.8601684570312,577.1859559799059,557.5118977652029,570.1663434104088,28862,
2019-12-26,554.5033569335938,567.8740894921611,551.8292220802339,559.3264178113485,34373,
2019-12-27,557.0820922851562,562.5259030048488,548.6776422347804,554.8854832696386,132017,
2019-12-30,568.1128540039062,572.2673666058389,553.8826092915212,560.9022205857353,70383,
2019-12-31,582.7252197265625,585.2560735009656,563.910676609921,567.9219081730876,65781,
2020-01-01,579.4303588867188,587.3572829165046,574.3207930765246,582.6775023863123,44859,
2020-01-02,600.9190673828125,604.5482553616987,577.1382359168011,581.8180166604839,81768,
2020-01-03,596.2391967773438,601.5875251485945,592.1324831493398,594.0425879336925,35229,
2020-01-06,578.6185302734375,592.1325463825901,570.3573611739731,582.5820214409355,147378,
2020-01-07,591.9892578125,599.8206998253921,581.6269616966838,581.6269616966838,89694,
2020-01-08,605.5509643554688,618.0143865540347,581.1971280833254,586.4021753370988,159865,
2020-01-09,618.3486938476562,622.6941706501269,607.4133321065655,616.9638561962913,128404,
2020-01-10,620.4020385742188,628.4245023464147,616.0565616525187,624.7953147510973,126987,
2020-01-13,671.1630859375,681.7164034852775,628.4244902837069,628.4244902837069,571888,
2020-01-14,698.4298706054688,703.8736814281943,673.2642609430306,673.2642609430306,394766,
2020-01-15,721.3032836914062,724.8847299858024,698.3820274072701,698.4297683661749,334958,
2020-01-16,752.9633178710938,762.1317973800095,728.704964161588,729.6600165392572,362781,
2020-01-17,759.9351806640625,766.7160291582636,746.468907303955,753.5363181418926,302718,
2020-01-20,741.3116455078125,768.7694005621438,735.3903092812202,763.8985986035311,273406,
2020-01-21,719.6798095703125,740.1656976341557,709.1742319264729,740.1656976341557,271817,
2020-01-22,707.9802856445312,728.8482141796464,704.8763655497863,720.2527431480452,61604,
2020-01-23,730.4241333007812,737.3005228928525,700.5310019972893,707.6938956782432,145049,
2020-01-24,729.134765625,737.2049700543521,712.0393043673611,733.480242381798,194741,
2020-01-27,719.44091796875,743.5082486588349,716.8145240267952,730.6150420346931,73879,
2020-01-28,698.2864990234375,732.3340778881445,690.3117774968483,719.4408720862696,513440,
2020-01-29,717.483154296875,735.390387765183,695.278184796173,696.9017856223214,487172,
2020-01-30,729.2780151367188,732.5252167283652,707.9326165578888,722.2106621016271,305321,
2020-01-31,760.69921875,767.8621115819209,718.1039060262187,730.6150688559321,273122,
2020-02-03,733.9578247070312,748.7611380225277,713.4241965597298,729.7078295484205,287563,
2020-02-04,747.2807006835938,752.5812294100446,728.7049213703857,740.1655492294219,93676,
2020-02-05,732.6207275390625,751.0532868716319,727.2724570156059,750.9100056842025,100750,
2020-02-06,722.6404418945312,736.297679936385,717.2443723675993,734.4353160461835,66910,
2020-02-07,714.6657104492188,728.704992607348,711.5140491382363,722.0196257026935,63486,
2020-02-10,704.6376342773438,721.5420730610191,700.7219428362096,716.28928497123,77554,
2020-02-11,727.8453979492188,739.3538258006577,705.8314521739296,708.8876314586465,134915,
2020-02-12,717.721923828125,731.5224435361362,710.9888156421845,729.5645976511146,257133,
2020-02-13,707.4073486328125,721.0645867634879,705.0197175508142,719.1544818978892,49918,
2020-02-14,714.7135009765625,724.884833217872,699.7192236554118,699.7192236554118,58763,
2020-02-17,716.2415771484375,741.8847114201121,705.1629340532519,741.8847114201121,75596,
2020-02-18,710.98876953125,715.9072544071441,702.4410389086099,713.4241414884182,28380,
2020-02-19,712.8033447265625,732.3341782198269,708.4578679082013,711.514047286444,114318,
2020-02-20,704.303466796875,723.9297837073669,701.9635765500194,708.6489439457339,65774,
2020-02-24,692.5562133789062,716.1937583062171,688.5927229329734,704.828612377995,47439,
2020-02-25,685.0591430664062,699.0506854361188,682.4327487049213,691.31472525086,62385,
2020-02-26,691.2669067382812,711.3230068851856,674.2669858911643,675.2697792401551,89441,
2020-02-27,685.7276611328125,697.7135577574892,673.8372464367087,697.1882905667871,61724,
2020-02-28,661.4214477539062,685.7275400447653,654.2108146666633,685.7275400447653,111251,
2020-03-02,685.53662109375,703.1096090839603,669.5872338893375,670.4468043911642,80651,
2020-03-03,673.8372802734375,694.0844049485235,661.8513830468892,687.3512964763156,284136,
2020-03-04,663.045166015625,677.1321897084308,639.9328849765308,672.7389717378932,105192,
2020-03-05,668.1547241210938,684.5338982647903,659.1772653484269,667.3429527904042,74201,
2020-03-06,672.1181640625,677.1321894427176,632.8655315455069,632.8655315455069,36866,
2020-03-09,651.9664916992188,667.5815738656348,621.7868033133511,665.9102323001629,69297,
2020-03-11,636.49462890625,665.8147467233707,631.4806042374055,644.6603145657291,50145,
2020-03-12,555.7449951171875,621.6913493341094,540.559639180394,618.3964070129066,108559,
2020-03-13,551.5427856445312,574.1775401942722,454.1274364917309,501.4025324041193,117823,
2020-03-16,567.25341796875,571.1213687576666,525.2788508640747,550.9697852503189,112654,
2020-03-17,540.3687133789062,571.9331880451905,534.8294203267355,568.160777160239,91629,
2020-03-18,507.5149230957031,548.1523954147582,493.7621437443332,542.4698213670817,119500,
2020-03-19,483.686279296875,506.1777507126392,463.7734317651348,477.52617991758416,144287,
2020-03-20,483.3998107910156,500.1132584706463,474.0880490365024,488.8913625949593,101185,
2020-03-23,392.5743103027344,457.4701379865273,386.7485134905981,457.4701379865273,129010,
2020-03-24,388.0377807617188,419.2680060851888,374.3805430191207,416.4028488682057,46946,
2020-03-25,411.8663330078125,423.0881983129529,372.4226819340561,379.10804849882055,56789,
2020-03-26,406.4703063964844,445.3409215054973,403.03211193468894,412.5826359141839,87320,
2020-03-27,395.7259826660156,428.8662847060282,390.6164463044933,415.2090465302652,60710,
2020-03-30,386.509765625,395.3440014149468,381.1136955825369,389.6614272754899,55901,
2020-03-31,396.3945007324219,408.2371742205463,386.8439764006359,388.7540812669931,53039,
2020-04-01,398.7821044921875,401.07425349147576,382.9759994644167,400.166942083767,57265,
2020-04-03,398.3045654296875,402.0770338186437,385.9366551548631,396.3467197974754,42050,
2020-04-07,399.3551635742188,412.5826454197468,387.2737562909892,404.94222606012187,87343,
2020-04-08,391.3804321289063,410.6725008016636,389.8523717217003,392.81301062007486,104567,
2020-04-09,400.5489807128906,405.8972801153527,394.4366510297427,400.16696557254767,91449,
2020-04-13,419.4112548828125,438.36905081817895,399.7371696487235,418.3129504539485,277482,
2020-04-15,409.7651672363281,432.7819329101889,401.5994819373346,422.3718689340933,183210,
2020-04-16,426.0010986328125,428.8185147869832,409.3831931985296,409.478704264853,71099,
2020-04-17,433.64154052734375,442.2370123248799,425.09383883843714,439.3241140962919,103552,
2020-04-20,434.1668395996094,456.515060585716,432.6387498856262,444.0993790216693,205964,
2020-04-21,409.9562377929688,429.7735748557622,407.8073699186899,429.7735748557622,186080,
2020-04-22,404.9899597167969,419.26800479587655,400.2624678108444,410.67253317135976,238914,
2020-04-23,405.3242492675781,417.69219001053017,401.6472915483853,406.8523389990997,148816,
2020-04-24,393.2428283691406,412.3916174607588,388.7063294383491,402.12480409107263,362074,
2020-04-27,386.74847412109375,400.2146894035323,385.1248734117784,400.1669484427407,127646,
2020-04-28,388.7063598632813,395.0574530343266,386.557491780499,391.5715173069909,147194,
2020-04-29,390.2821350097656,398.25682792081005,388.3720303194979,393.4815661951409,119992,
2020-04-30,391.0939331054688,404.70342894613526,389.6613545959249,394.4366162944044,241850,
2020-05-04,385.2681274414063,390.5209155747434,376.2906408245163,389.661374254829,139964,
2020-05-05,373.9030151367188,394.3411306968794,370.7990948322633,391.2849805000242,169484,
2020-05-06,362.2991333007813,374.4282812775684,355.4705144787868,372.8047096871992,324981,
2020-05-07,356.8553161621094,371.5153760326788,355.470507697848,363.874956988305,157830,
2020-05-08,363.2064208984375,371.9929147538011,358.6699219380253,358.6699219380253,132231,
2020-05-11,379.6333618164063,384.7428984272639,364.8300483367728,364.8300483367728,347372,
2020-05-12,379.68109130859375,382.8327818933241,367.5041725239664,374.6193249623587,135911,
2020-05-13,378.9170227050781,393.2905490220523,372.6614414240036,389.5181096987829,277599,
2020-05-14,381.30462646484375,385.8411248385645,372.47039278970334,376.0040979181127,134460,
2020-05-15,383.310302734375,386.7962383122088,380.3973753039975,383.7878289545136,107453,
2020-05-18,369.4620361328125,388.0855584048065,366.4536268257447,385.7934384158924,122294,
2020-05-19,369.1277770996094,375.2401070361174,364.83004101436165,372.4704607214687,84368,
2020-05-20,377.0546875,381.0659193621671,368.6024968158195,368.6502377789386,76049,
2020-05-21,394.1023864746094,399.21192289587526,382.2597419595073,382.2597419595073,319096,
2020-05-22,388.2287902832031,401.0264862739397,382.0686908085472,396.3467354674768,319256,
2020-05-26,465.8745422363281,465.8745422363281,405.89726405338257,410.6725259834224,2943342,
2020-05-27,534.113037109375,553.9303737567054,470.4110324689998,482.3014461157521,10220582,
2020-05-28,525.0401000976562,538.3630938321596,509.7115194748523,523.8940254650086,1375273,
2020-05-29,495.1946716308594,534.8293464094143,490.1806465082712,525.9473707077552,748353,
2020-06-01,504.26763916015625,514.200206884564,492.3772257829692,505.2226915070505,373242,
2020-06-02,509.1862487792969,523.1777325194646,498.537390399456,499.731205989493,494044,
2020-06-03,496.9137573242188,519.2142660754562,494.7171484393101,515.728301461829,383283,
2020-06-04,492.09075927734375,506.1777824686894,489.2256020180871,498.5373631106714,179763,
2020-06-05,513.5316772460938,523.3687051182467,491.8519765253596,497.5822908149754,743829,
2020-06-08,515.2030639648438,533.205779615558,507.3238811276419,518.3069844764688,361877,
2020-06-09,513.2929077148438,522.8911723712496,506.17775590276216,517.6383843382964,246973,
2020-06-10,514.48681640625,519.5485832241585,509.1862864526686,509.1862864526686,104407,
2020-06-11,502.071044921875,517.6383869675257,497.77330923672025,509.9979679716951,81690,
2020-06-12,498.7760925292969,506.1777482824842,474.6610205592352,477.52617762498505,143373,
2020-06-15,489.2256164550781,503.3126400621302,486.694733297226,492.99808528277936,112337,
2020-06-16,481.6329040527344,500.16094355979607,470.5065496438901,496.5794971312485,128163,
2020-06-17,529.767578125,529.767578125,476.045880606073,482.014958108176,710426,
2020-06-18,511.8603210449219,549.0118226593506,507.1328002318641,534.8293185119471,424559,
2020-06-19,548.15234375,561.9528627674003,511.4305668352228,511.8603520791532,782569,
2020-06-22,562.2393188476562,585.4470788296968,541.0371454437573,550.7786908770912,500092,
2020-06-23,605.7420043945312,618.4441900691637,563.4809343204942,569.5932931959347,530629,
2020-06-24,574.75048828125,626.5143369231972,563.4808822937292,616.96381349449,321078,
2020-06-25,572.8404541015625,611.2335746688019,559.6607418061217,570.1663188707417,205030,
2020-06-26,568.542724609375,582.5342666331616,564.9135368761339,574.7028247087296,129563,
2020-06-29,542.7562866210938,571.4078596430601,540.5596776810979,569.2112507030643,198908,
2020-06-30,552.83203125,584.9695662470563,543.5202708077,551.7337560190468,574845,
2020-07-01,554.7420654296875,576.6605258041106,552.0201898862267,557.7505032760491,278284,
2020-07-02,573.461181640625,580.5763331380458,558.7056115240715,558.7056115240715,415891,
2020-07-03,583.5847778320312,589.2673514697132,568.8292060760959,577.806722267709,248102,
2020-07-06,587.93017578125,593.1829634600003,576.230785042215,585.4470631043655,197591,
2020-07-07,575.1802978515625,590.174631927965,573.0314299891033,588.3122681221462,142088,
2020-07-08,565.0568237304688,581.2449166508594,563.5287047857208,579.7168559978888,133015,
2020-07-09,570.3572998046875,578.9527713273214,566.2983271412215,567.8741286119746,213551,
2020-07-10,565.5820922851562,575.8966474467425,559.1832289885036,571.1213850301027,83502,
2020-07-13,568.0173950195312,576.8038884503607,563.4808962783076,565.3910010114544,263932,
2020-07-14,553.7871704101562,565.3433406686504,549.680456306633,564.4360291326702,104128,
2020-07-15,547.8658447265625,563.385446570736,545.0006874630228,557.7506139690651,125555,
2020-07-16,541.944580078125,550.2535489049578,535.3069532104685,547.8659175347059,132051,
2020-07-17,544.3798828125,548.3433736970551,542.087733673422,544.3798828125,118251,
2020-07-20,539.7955932617188,555.8404608866922,537.6944664591198,550.0146649398107,159730,
2020-07-21,545.1915893554688,555.362919801822,542.4697135811434,548.6298126560433,276714,
2020-07-22,534.6860961914062,549.1074233064604,532.9192724578531,545.191673247027,140735,
2020-07-23,524.8967895507812,539.5091382891361,521.6019053174012,538.1720415772036,221945,
2020-07-24,535.4501342773438,542.4220049163456,516.2535466753149,525.1833213052099,249672,
2020-07-27,543.2337646484375,547.4360183022583,530.0540538858461,537.5511915114877,154752,
2020-07-28,578.6661987304688,585.4470465895965,545.3348509015655,547.4359775721487,683291,
2020-07-29,578.3797607421875,591.1774873389336,571.2646663729035,584.4921199538406,276899,
2020-07-30,576.0875854492188,586.7841833583313,574.08194055214,578.427475349926,133986,
2020-07-31,572.315185546875,580.6718945556946,564.1017577234884,576.8516847230914,72056,
2020-08-03,579.4780883789062,582.5820089182247,562.9556922433513,568.2562218136782,90144,
2020-08-04,604.6914672851562,614.4807546588854,580.3376304041717,584.9218703940022,648443,
2020-08-05,607.31787109375,616.9638774397985,599.7729334863675,610.0874882000711,197004,
2020-08-06,610.9948120117188,616.8684079644153,604.7869710143351,610.1830407364637,155751,
2020-08-07,623.7446899414062,651.3457272118119,614.1464251210529,615.8177667964497,573685,
2020-08-10,576.18310546875,606.5537603521523,573.031444184092,606.5537603521523,637692,
2020-08-11,565.7730712890625,590.0313675403621,563.5764041115244,579.4780500628382,259915,
2020-08-12,572.4105834960938,580.1942832047658,569.2111815473917,572.8403686975619,220490,
2020-08-13,581.006103515625,589.7448562816902,575.0370260228954,578.6662717718929,251207,
2020-08-14,575.6577758789062,588.8852269643943,569.7841808962431,584.6830318044609,153805,
2020-08-17,570.0970458984375,584.9901899615772,566.808930759439,580.2514462070611,154202,
2020-08-18,574.7874755859375,588.9553074966394,572.9500478091624,572.9500478091624,252614,
2020-08-19,574.8358154296875,584.9902161936537,572.5147859302881,582.1856438007321,166738,
2020-08-20,573.43359375,583.1044527085083,571.40267795297,575.4161080312465,150164,
2020-08-21,574.7390747070312,580.2514755298109,572.6114741581755,579.1877047684993,131235,
2020-08-24,587.6497192382812,602.4944628916511,579.3327458115166,582.1373182861928,490695,
2020-08-25,596.5952758789062,604.1868760815213,589.9223599995646,593.597274371364,439052,
2020-08-26,617.1458129882812,627.1551271824742,593.9840967944147,601.479011575701,757779,
2020-08-27,616.5655517578125,625.994638487857,614.0994947259708,621.3526383644664,227388,
2020-08-28,621.6427612304688,626.6716193639448,614.1961885161131,620.3855614536584,243423,
2020-08-31,595.9183349609375,628.6058261135969,581.6054756485216,628.6058261135969,376383,
2020-09-01,589.3904418945312,603.4615282233387,581.7504406030058,596.6919277464743,122125,
2020-09-02,601.2372436523438,604.4286149339486,587.4562712318497,596.6919286627941,104525,
2020-09-03,598.3359985351562,608.2969705076986,595.4830836090865,602.4944556856856,104243,
2020-09-04,582.8143310546875,599.5932475158039,581.2186157370938,587.8431304257651,102269,
2020-09-07,579.1392822265625,592.6301403479594,575.2709391968418,582.8142553257813,85943,
2020-09-08,572.3213500976562,588.7618082800648,566.6639219218495,588.7618082800648,87635,
2020-09-09,564.826416015625,571.5476737302195,556.2677308062988,571.5476737302195,111818,
2020-09-10,577.688720703125,584.9902662409605,567.6794055613875,567.6794055613875,61383,
2020-09-11,577.688720703125,580.5899783124677,570.5806631707302,575.5611790105968,34693,
2020-09-14,649.4947509765625,659.6008086341529,589.1002945153513,603.4131514770627,865984,
2020-09-15,691.5146484375,697.2204779293038,645.0461903110432,652.7828762518054,627786,
2020-09-16,694.2709350585938,702.1043066044305,681.7955043472775,696.2534491879737,432673,
2020-09-17,685.9055786132812,700.5569515589744,681.5536926721325,691.176207836141,139602,
2020-09-18,695.2863159179688,712.6938595218759,672.6564856223974,686.5825441160151,521815,
2020-09-21,650.0267944335938,676.6699984822128,638.2766774428999,676.6699984822128,582076,
2020-09-22,638.5667724609375,653.3148316159569,628.36402858845,638.2766585123154,736318,
2020-09-23,614.2445678710938,660.4712571847273,609.2640524036501,642.483425936118,194883,
2020-09-24,587.7947387695312,609.2640553835308,585.1835952983553,601.5273689659622,194503,
2020-09-25,610.0377807617188,616.904126144529,579.3811455823858,595.7249210863214,151334,
2020-09-28,634.3599243164062,644.0791245253946,602.3493498289099,614.0994655760144,132548,
2020-09-29,649.3981323242188,665.4517334294093,635.7138442723434,635.7138442723434,164752,
2020-09-30,644.1758422851562,660.229502342644,640.4525854817507,652.7829297095988,195800,
2020-10-01,641.1779174804688,674.058836325621,636.3424882385345,649.8816901159502,67164,
2020-10-05,617.9677734375,645.14285848678,616.5171448613556,641.1778306558099,89317,
2020-10-06,613.3742065429688,628.5574663462053,604.4770048280718,621.5460938630574,92564,
2020-10-07,613.954345703125,623.1416600427003,605.105546781271,618.2095464814195,117867,
2020-10-08,598.7711791992188,618.4996935275001,595.8215203743484,617.9678081582751,105690,
2020-10-09,607.91015625,633.441246911588,601.5757555861315,605.2023276104346,254084,
2020-10-12,605.7825927734375,614.0995073730348,600.6569906090208,606.0243642330332,48833,
2020-10-13,613.1807250976562,622.3196974954936,599.59318173614,604.4286106211089,136357,
2020-10-14,629.18603515625,632.4741506816031,610.3278609386792,620.820777906249,215592,
2020-10-15,619.7085571289062,638.2766159434155,614.196156367785,635.3753585982182,150952,
2020-10-16,618.1129150390625,627.4936001138707,611.1982279321846,617.5809706260465,126965,
2020-10-19,609.0706176757812,624.2538763575792,605.3473610012599,619.9019903101599,93979,
2020-10-20,615.3082885742188,632.2806311335744,611.1981742694009,614.0994314257429,156931,
2020-10-21,614.53466796875,622.851582029209,599.6898658961384,620.8690679942865,134750,
2020-10-22,616.904052734375,631.4586821555188,611.0047939644173,618.9349092950062,247636,
2020-10-23,624.5923461914062,640.0657191368741,616.9040612301137,617.3876041346596,256991,
2020-10-26,622.9483032226562,642.966930825816,617.1457887808756,628.6057311929006,392028,
2020-10-27,618.9349365234375,628.3640234470367,612.7939650606131,625.7045373916626,320661,
2020-10-28,618.3062744140625,626.188047189958,609.6509038399129,618.9349037862132,248655,
2020-10-29,612.5037841796875,616.5172139673807,603.3164688342912,613.422527519474,145136,
2020-10-30,618.9832153320312,631.5069874551081,613.3257873703753,619.8052736257731,255461,
2020-11-02,613.809326171875,625.7044688753886,609.7475542904675,620.8690402132913,57745,
2020-11-03,617.9677734375,630.8783441546938,614.6796583877483,617.0006877200705,232173,
2020-11-04,618.6931762695312,626.6716345801583,601.817516279988,621.0625484215708,132769,
2020-11-05,621.7394409179688,637.1644111274636,619.3217265871729,621.2558980518096,289177,
2020-11-06,647.22216796875,681.7471426376266,644.0791391366268,652.7829112871218,983829,
2020-11-09,653.3148193359375,660.4229355878676,648.9145906235434,652.7829339357553,328689,
2020-11-10,665.4517822265625,671.6411555788939,649.6882939080724,657.4249810853671,530488,
2020-11-11,680.6349487304688,687.0177501870365,658.1985472059436,667.2891769957989,369391,
2020-11-12,716.9974365234375,722.2196644334731,680.6833174722905,683.7296613561527,837672,
2020-11-13,725.65283203125,744.6560922824588,720.3338599435182,722.316433124479,502776,
2020-11-14,739.0952758789062,742.5284184464051,730.1497327949941,739.8205901830072,83764,
2020-11-17,739.5304565429688,753.359770433747,731.1167990345479,742.6734851102469,374174,
2020-11-18,738.90185546875,748.5243704863201,733.5828838438473,738.9501979510031,221588,
2020-11-19,716.9006958007812,740.7877270015073,710.8080670314724,734.9852121685973,283586,
2020-11-20,723.8637084960938,739.8206239138433,706.4561644040033,718.2546227605554,258456,
2020-11-23,713.564208984375,732.7125543762323,711.2432385612199,727.4902676282293,130252,
2020-11-24,700.9921264648438,727.248529842938,694.4642972408545,714.7247567857416,165559,
2020-11-25,676.52490234375,710.808107925828,673.3818732950984,704.1351918735808,258202,
2020-11-26,684.2131958007812,695.334682375635,676.9600523823984,676.9600523823984,134364,
2020-11-27,685.5187377929688,698.2359395264151,678.4106808556512,687.5496533652254,204983,
2020-12-01,710.3245239257812,714.5797250791928,687.6463499883909,691.176236787896,318598,
2020-12-02,718.5447387695312,724.3472534836862,706.9397093412211,715.3533674819923,446147,
2020-12-03,724.8790893554688,736.2423465613101,713.7092610988022,719.8502318080635,382690,
2020-12-04,738.5634155273438,749.0562725380177,731.1168432812698,732.0839290528058,304027,
2020-12-07,747.07373046875,754.1334445307169,740.787673189725,744.6560161306634,191173,
2020-12-08,734.0664672851562,757.276526567377,726.378123342674,754.1334977062429,187221,
2020-12-09,743.78564453125,751.4256457497515,727.3935878970764,734.0181018327689,225931,
2020-12-10,721.3009033203125,742.7218768959688,718.5447324657615,742.7218768959688,167227,
2020-12-11,713.515869140625,733.2444424546899,702.346040304878,725.5560987796691,125809,
2020-12-14,716.513916015625,727.2485451324856,711.3883138887832,725.3143734698992,115306,
2020-12-15,702.9746704101562,719.4151285138765,696.9787268259062,719.4151285138765,144103,
2020-12-16,704.1351318359375,714.5797054665113,698.5743886086102,703.071361089898,107142,
2020-12-17,700.1701049804688,713.7093059055054,698.3326183872925,709.5508488552048,108957,
2020-12-18,700.0250244140625,705.682511692679,689.5321672190481,705.5857676980871,86252,
2020-12-21,676.3314819335938,700.2185148111784,662.5989097526732,700.1701723227571,180800,
2020-12-22,669.4652099609375,674.0588679563358,640.2108616744538,658.1019507091629,223376,
2020-12-23,677.9754028320312,686.6308314563387,667.2891178941883,676.9599746752634,260784,
2020-12-24,678.8458251953125,700.9920525142902,676.9599962576351,691.4662818917272,154821,
2020-12-28,679.7162475585938,691.4663639267235,676.0896757198173,685.663848984681,156142,
2020-12-29,682.9559936523438,692.3367375786845,681.4570224897864,686.5825653486431,145477,
2020-12-30,706.2627563476562,709.7443006848677,683.7296687444918,689.2420696754014,461890,
2020-12-31,697.5588989257812,724.2988419619101,687.694613046702,719.5117559737747,505349,
2021-01-01,704.376953125,710.614668644044,700.170153300608,704.2802681507842,150546,
2021-01-04,710.4212036132812,719.5118337251404,703.8933744766621,715.4500615682197,288768,
2021-01-05,706.8430786132812,718.5447939076078,701.7174763348085,706.9397635887769,172458,
2021-01-06,719.4151611328125,722.5097885187234,704.0384730692946,709.7443029862562,478946,
2021-01-07,718.97998046875,744.6560977481973,713.7093508287917,725.3143809235688,774294,
2021-01-08,730.7785034179688,737.499703381072,724.4924449004692,724.7825588729518,325762,
2021-01-11,720.3338623046875,742.4801515894216,715.6435196042618,738.5634657535912,279928,
2021-01-12,717.5293579101562,734.9852456900477,716.6106145477966,726.1847880692534,262404,
2021-01-13,708.7288208007812,729.4728234808617,700.7503627719991,715.6435080362195,224023,
2021-01-14,699.3480834960938,708.7287680470664,697.2688255237764,701.4272824421813,220844,
2021-01-15,698.1392211914062,709.8409350663405,694.3675631847854,702.104249125563,189472,
2021-01-18,683.8263549804688,701.3789861025249,678.0238401006133,698.3810436917597,389667,
2021-01-19,692.6268310546875,696.4468316005581,684.6967160410563,686.6308875552966,182183,
2021-01-20,694.36767578125,707.0848789690763,690.4993321835829,699.8800772131734,163259,
2021-01-21,698.0908813476562,708.8739119406026,694.3676245202629,701.8625396874385,174388,
2021-01-22,697.4622802734375,705.9726233801713,683.2461074220424,701.1371944529099,225613,
2021-01-25,698.1875610351562,736.4357902051066,679.5228180788018,720.4788755125469,757263,
2021-01-27,693.2554931640625,703.9901819050443,688.5651502315479,703.0714385088979,207857,
2021-01-28,688.033203125,698.090860013323,682.9560026830452,689.5321743073781,187942,
2021-01-29,694.5126953125,700.1217811830476,689.3870933188048,692.7718936404048,156264,
2021-02-01,738.2733764648438,747.5573772025303,684.2132527435838,697.945883897183,516101,
2021-02-02,751.8609008789062,756.2611296618451,723.3802109808953,744.4626705651983,490101,
2021-02-03,781.5988159179688,794.9445891866578,754.3269824398943,754.3269824398943,959485,
2021-02-04,793.0587768554688,802.6812933216203,781.840604077373,788.1750048880971,506394,
2021-02-05,803.358154296875,815.2049548813488,774.6356953602922,793.9774106002495,595780,
2021-02-08,794.7511596679688,820.0888213790306,787.8848735711629,807.4200200366183,317500,
2021-02-09,793.1553955078125,808.0484805300664,787.2561370614419,799.7799092349989,152701,
2021-02-10,788.3200073242188,799.3447499423829,773.7653189268952,795.9116071844401,228695,
2021-02-11,803.2130737304688,818.0578757020718,780.1964442308567,788.3199883018873,210358,
2021-02-12,797.5073852539062,822.0229884155699,791.0762406163955,807.4200154083293,213578,
2021-02-15,867.2342529296875,877.0985405976422,797.8458418366235,807.3232715465264,811044,
2021-02-16,876.9534301757812,901.3240052120848,860.8030848007468,875.938001846401,486036,
2021-02-17,860.561279296875,878.5007681866053,851.0355077355556,876.759966517978,163437,
2021-02-18,859.9327392578125,884.7384555955108,851.0355377398309,866.9924540724527,164363,
2021-02-19,840.107421875,873.1333655704414,829.8079347935246,856.4027935214148,137507,
2021-02-22,823.9087524414062,846.8286975209962,812.3520654197713,840.1074394601934,137498,
2021-02-23,833.2411499023438,837.9315517195912,811.2399466787864,827.2452648162534,95508,
2021-02-24,830.5816040039062,843.2988057050195,823.9570899778402,836.9160631255431,32808,
2021-02-25,835.3687133789062,843.2504863645455,829.7596274693254,837.3996290017393,76157,
2021-02-26,821.5393676757812,852.8729704654326,814.527995791556,830.7266825585593,155167,
2021-03-01,837.2061767578125,849.9233194281611,828.0672042747311,831.597091004176,117256,
2021-03-02,835.900634765625,845.2330368724804,824.8758914395518,840.2041786235982,89446,
2021-03-03,827.6320190429688,845.958306829255,822.119618156354,843.9757927368166,212763,
2021-03-04,849.3430786132812,853.2597641816574,815.3016476595152,823.9570771175811,318763,
2021-03-05,832.6124877929688,862.0118591604665,824.9241442796068,843.83065887608,289643,
2021-03-08,833.6763916015625,850.0685094769286,826.8584477847257,839.7206785005736,150545,
2021-03-09,839.5755615234375,857.1281333911394,831.7904736064894,840.1074469085983,222008,
2021-03-10,839.3821411132812,845.7165413674477,834.5950545455773,845.232998462149,62358,
2021-03-12,836.5292358398438,860.5129524147451,831.6938067309429,843.298836592305,127482,
2021-03-15,824.0538330078125,842.1866927796623,810.5630325585452,842.1866927796623,189687,
2021-03-16,822.4581298828125,829.9530448279605,814.3345855575783,825.5044147351007,84696,
2021-03-17,797.9908447265625,826.8583312782403,792.9619869299165,822.554787807277,101505,
2021-03-18,763.12744140625,814.6731658359494,754.3269835420873,804.6154491115598,215190,
2021-03-19,765.0614624023438,769.9936348155076,726.9099793196887,745.6230637288523,174777,
2021-03-22,804.3253173828125,812.062004222563,764.0945104003679,773.6686839750537,187752,
2021-03-23,821.4427490234375,827.8254920573102,797.0238311794573,802.6812598219245,245515,
2021-03-24,845.4747314453125,886.4307900501007,816.26872948891,821.4426737559296,1062754,
2021-03-25,846.4901733398438,858.1919467200014,823.7636574585349,847.0704602248928,688781,
2021-03-26,878.8392333984375,893.5872920606946,846.2000871786881,852.7762589080871,474615,
2021-03-30,869.7969970703125,892.7652849507558,859.7392810826988,880.2898544494112,188880,
2021-03-31,918.5864868164062,928.4024319732852,869.7970520654663,874.2456234415102,768747,
2021-04-01,942.0382690429688,946.7286706627634,929.417810958956,933.237811734515,338114,
2021-04-05,931.9323120117188,964.3296883012856,913.992822099044,945.229742578332,291033,
2021-04-06,941.6514892578124,954.513719056878,928.885944431744,937.0578315419864,160652,
2021-04-07,932.9960327148438,952.5311778301084,921.8745459294374,936.5259195224444,154309,
2021-04-08,945.7615356445312,955.4807357770986,917.764390943792,937.8797630496427,231088,
2021-04-09,957.2214965820312,981.4953851605512,947.7440677101758,947.7440677101758,314609,
2021-04-12,891.7498779296875,943.8758311497868,881.1603346270203,943.8758311497868,201186,
2021-04-13,909.9310913085938,918.731548850244,867.7177707430332,892.6202311460792,170938,
2021-04-15,914.8630981445312,923.5185272102352,895.0861832134339,904.3218401051016,126608,
2021-04-16,925.06591796875,942.9086629341348,894.6510574975766,907.1264880330448,152952,
2021-04-19,907.8034057617188,920.907405875201,888.0748328418499,913.8960341843684,201131,
2021-04-20,911.1882934570312,942.4251543936144,900.3085777187777,941.9416114719144,238070,
2021-04-22,889.2837524414062,913.2674689307784,884.8835237732451,903.258154321542,85286,
2021-04-23,876.2764282226562,906.691288731305,871.5377431726835,889.2837441633801,73350,
2021-04-26,880.144775390625,896.8270056760545,871.2476331260497,877.1468329788095,96925,
2021-04-27,897.7456665039062,906.062639152713,880.24143849596,884.7867532076508,294622,
2021-04-28,888.5584106445312,910.9948127423712,882.0305815723327,904.1768697388768,86924,
2021-04-29,888.5584106445312,903.2581264345804,884.9318389377544,893.0070406872503,86693,
2021-04-30,887.9298706054688,899.1963850100097,885.3670695680441,888.751869943236,48042,
2021-05-03,894.1675415039062,909.0606870079346,875.2126827044476,875.2126827044476,103421,
2021-05-04,886.865966796875,932.0288826975562,876.5665390730753,908.8188249183175,264636,
2021-05-05,902.7745361328124,905.9659072619409,889.718878674009,889.718878674009,79141,
2021-05-06,901.420654296875,907.6100270529612,890.9277969339803,900.4535684928761,58494,
2021-05-07,907.0298461914062,911.9619604369332,898.1809870156966,911.9619604369332,102517,
2021-05-10,912.6387939453124,931.3035362942508,909.0605650224256,917.2807935359264,149124,
2021-05-11,962.63720703125,970.6640071834,902.2910308735852,904.2252024295842,382981,
2021-05-12,1008.6221313476562,1015.4401337524108,967.0858416689628,969.9870991939696,582719,
2021-05-14,1014.2796020507812,1020.2754865993852,959.3490831342086,1020.2754865993852,458886,
2021-05-17,1079.7996826171875,1145.9966575115302,1010.749733819924,1035.7488778015602,1325036,
2021-05-18,1162.4854736328125,1187.001073797987,1093.0486695245363,1102.1392991899108,1156704,
2021-05-19,1274.8125,1328.7275352811182,1148.4144286336848,1162.533858208919,1949024,
2021-05-20,1211.5167236328125,1339.220449445467,1199.186379808172,1274.8124413783144,595956,
2021-05-21,1218.0928955078125,1233.0343230246572,1171.2375204014002,1226.264722819816,252835,
2021-05-24,1219.0115966796875,1259.4841119990208,1206.923024717374,1217.56096804421,222567,
2021-05-25,1188.0648193359375,1236.0806494421793,1174.0904777580563,1231.1001343220582,149853,
2021-05-26,1163.114013671875,1204.7955049912728,1155.8125869064943,1199.1863602786618,153522,
2021-05-27,1185.26025390625,1207.8900837291208,1163.0656834958615,1165.241626400898,190780,
2021-05-28,1181.5855712890625,1197.4940867386565,1166.3055672172984,1196.2852293928674,79537,
2021-05-31,1213.9345703125,1219.446912695796,1162.4372463777136,1186.904566754575,166358,
2021-06-01,1176.89501953125,1225.8779390133902,1168.239648824275,1218.5281105286313,94747,
2021-06-02,1207.2132568359375,1231.1002289832834,1176.8950224264656,1176.8950224264656,172336,
2021-06-03,1216.4005126953125,1221.42931141205,1199.1863389952036,1221.42931141205,135782,
2021-06-04,1184.58349609375,1225.297787277561,1182.069096462791,1225.297787277561,140824,
2021-06-07,1194.689453125,1201.1205974869335,1174.042194322977,1189.5155675595236,146102,
2021-06-08,1223.5086669921875,1236.90278218803,1188.5968919811116,1196.2851771435442,224545,
2021-06-09,1235.69384765625,1246.863735566282,1206.9230458814322,1232.9859602682234,187146,
2021-06-10,1208.518798828125,1253.3432022422685,1195.0762825392617,1242.7052583960765,269194,
2021-06-11,1200.927001953125,1221.4291704193113,1196.4783135413109,1208.8570570262384,58896,
2021-06-14,1189.95068359375,1207.1648581734285,1176.024742419703,1200.927201941406,125329,
2021-06-15,1183.713134765625,1203.7317655590527,1178.007304378073,1199.1865090762867,78623,
2021-06-16,1180.4732666015625,1195.9949223501917,1175.250979842623,1189.902352841814,60328,
2021-06-17,1175.5894775390625,1203.0547379319244,1172.1079922616498,1179.8446786792183,102505,
2021-06-18,1141.209716796875,1187.3880666314146,1107.313310168543,1179.8447496992335,243465,
2021-06-21,1130.233154296875,1132.4574989111122,1103.4449242165492,1113.11578244807,82991,
2021-06-22,1135.9388427734375,1146.9636433946357,1126.6548436380697,1142.1282148811674,97748,
2021-06-23,1143.337158203125,1158.5687591688254,1130.4748701666597,1141.9349310494902,159224,
2021-06-24,1189.7088623046875,1203.054693098631,1147.882402918421,1154.7004047908083,252949,
2021-06-25,1186.56591796875,1215.6268945299323,1180.811804471796,1199.960151224759,136108,
2021-06-28,1199.1864013671875,1213.6926884805002,1175.0576576896974,1192.1266277510554,144022,
2021-06-29,1188.548583984375,1204.989044462597,1175.0093812376042,1201.2173858012147,55765,
2021-06-30,1172.9300537109375,1196.285200681545,1167.27262507892,1196.285200681545,60650,
2021-07-01,1159.8260498046875,1189.7089066508297,1147.737477277133,1177.9105070849228,175763,
2021-07-02,1185.8406982421875,1190.3860728607222,1158.5689227408975,1162.7274393840814,48437,
2021-07-05,1180.5216064453125,1194.8345237197616,1175.0092645240877,1187.5813801115885,74010,
2021-07-06,1194.4476318359375,1233.034378345234,1174.4772867251866,1184.583404030161,176635,
2021-07-07,1203.7315673828125,1213.8859676024156,1193.5771671632094,1204.0217403243555,80667,
2021-07-08,1180.3282470703125,1218.431452110196,1175.009275043367,1208.8572788512008,88944,
2021-07-09,1209.4859619140625,1217.5611052846054,1175.7830430947174,1185.6472717068516,82792,
2021-07-12,1256.873046875,1267.849446773954,1219.2049852335715,1225.9745856358736,293965,
2021-07-13,1275.19921875,1334.5783061257987,1263.0139621741257,1286.2240196719654,288281,
2021-07-14,1267.172607421875,1301.0688948557076,1253.3432328629704,1280.3249510698197,66471,
2021-07-15,1308.1287841796875,1317.6545568147883,1257.2116872361285,1257.2116872361285,131670,
2021-07-16,1300.6336669921875,1322.9733245194134,1290.2857784908583,1317.170809938188,99665,
2021-07-19,1292.171630859375,1315.0915156009698,1271.7177439151903,1293.960715861996,62974,
2021-07-20,1367.9913330078125,1381.9656762853,1305.0823513974897,1307.5000660166031,682514,
2021-07-22,1391.3463134765625,1406.6747180714915,1368.4264269041723,1402.2744303965017,231760,
2021-07-23,1425.726318359375,1532.8310765471322,1396.4719713148636,1396.4719713148636,279016,
2021-07-26,1451.45068359375,1477.1268585265475,1430.9967955348648,1431.2869684927073,155510,
2021-07-27,1424.0821533203125,1474.8057531503018,1378.1938641367185,1452.562781135576,521145,
2021-07-28,1439.89404296875,1449.6615857465429,1398.8895822430782,1432.9309545139397,202210,
2021-07-29,1443.6656494140625,1450.6286195670004,1406.1426752336124,1437.0894191177083,76654,
2021-07-30,1443.4722900390625,1448.6945771452738,1423.5503454992277,1448.6945771452738,71289,
2021-08-02,1433.7530517578125,1468.0361949930218,1424.6140204239084,1450.628651178875,230929,
2021-08-03,1406.094482421875,1445.213177500449,1399.905227168396,1444.8263195339875,118785,
2021-08-04,1319.5400390625,1436.1222676763311,1303.6315264832958,1408.0767823143017,391034,
2021-08-05,1336.75439453125,1377.1302281153914,1294.9279321955823,1333.3211925983169,394134,
2021-08-06,1332.2091064453125,1344.2008760622707,1294.9279012024044,1294.9279012024044,232833,
2021-08-09,1325.9229736328125,1336.512515445204,1313.3024572898605,1334.4816589671034,89678,
2021-08-10,1303.631591796875,1331.5319920909378,1295.8949057921457,1325.9229655689849,190633,
2021-08-11,1278.0523681640625,1303.631741993313,1237.8699033764397,1303.631741993313,219945,
2021-08-12,1324.665771484375,1331.1936006192675,1258.1786228882436,1286.127426054056,178917,
2021-08-13,1333.36962890625,1339.413915528672,1309.385852367491,1334.1916282764048,110478,
2021-08-16,1300.29541015625,1348.0693597654372,1295.8951220358083,1340.0909009917093,44514,
2021-08-17,1310.73974609375,1323.3602633000846,1296.18517529462,1315.2367187794823,89127,
2021-08-18,1313.0123291015625,1320.0721025854596,1283.8547869919212,1320.0721025854596,90874,
2021-08-20,1269.3001708984375,1305.5658900669644,1225.5879379482951,1305.5658900669644,146056,
2021-08-23,1264.8997802734375,1281.3886398028285,1215.1432648394368,1278.4873825051616,180235,
2021-08-24,1246.5736083984375,1281.388697539123,1234.049894386872,1281.388697539123,88907,
2021-08-25,1228.7310791015625,1265.6737145123732,1219.5437627402505,1252.3762829367895,136460,
2021-08-26,1240.529296875,1251.4090120103294,1218.5280951568895,1234.485010688706,85292,
2021-08-27,1257.791748046875,1271.7178069578954,1227.231860858988,1228.198946643747,108577,
2021-08-30,1281.3402099609375,1283.129413030239,1263.013982323551,1265.7218696291488,77230,
2021-08-31,1309.5308837890625,1315.236713731184,1267.8495086041046,1286.2241391635844,169401,
2021-09-01,1278.43896484375,1322.489768144426,1272.2979939184345,1319.008283041704,133791,
2021-09-02,1291.349609375,1309.3856636143594,1282.3556649563598,1288.158179277429,95928,
2021-09-03,1305.2755126953125,1310.401114089485,1284.048028953737,1299.7631714658803,139595,
2021-09-06,1274.7158203125,1311.368397207784,1257.11490527008,1305.5658821758911,90848,
2021-09-07,1273.9422607421875,1283.2745449235133,1261.563514414638,1267.366029620838,73848,
2021-09-08,1262.337158203125,1295.8465871623089,1241.7381831770974,1276.5532724250536,107732,
2021-09-09,1258.5655517578125,1273.6520674427677,1249.52332264956,1266.8824664768608,210845,
2021-09-13,1284.966796875,1301.6974276760702,1264.9481689452452,1286.2240555788808,112560,
2021-09-14,1280.1798095703125,1303.6316398872757,1263.9811226503482,1292.7035232814785,70248,
2021-09-15,1297.6839599609375,1301.6973893409422,1266.8823031475738,1289.5121327837546,78424,
2021-09-16,1281.0985107421875,1334.385032710219,1276.5532547077748,1300.730399683301,268320,
2021-09-17,1260.693115234375,1292.8971218934855,1254.407057085793,1287.191291655816,77170,
2021-09-20,1274.1839599609375,1283.2744721598922,1254.4069842563729,1260.6930420399938,90668,
2021-09-21,1276.2303466796875,1291.529666156966,1243.5852004064325,1291.529666156966,85128,
2021-09-22,1287.77783203125,1303.856783395999,1270.919247563662,1271.8450767426973,182691,
2021-09-23,1270.9681396484375,1300.9334609397465,1262.928663204428,1300.9334609397465,165369,
2021-09-24,1272.28369140625,1282.4183281247444,1260.7848750348608,1276.5714360512272,125917,
2021-09-27,1265.3160400390625,1280.469281939422,1259.5179200203218,1276.5713541405196,148845,
2021-09-28,1282.9542236328125,1290.603882939238,1247.3368617560136,1248.3113436792603,218778,
2021-09-29,1328.1214599609375,1342.8361134654683,1255.9610247139944,1273.209426427052,323551,
2021-09-30,1399.0635986328125,1410.8549246386006,1335.0401861910302,1338.938113741953,640464,
2021-10-01,1352.1424560546875,1402.2795040121196,1344.785069865688,1402.2795040121196,165941,
2021-10-04,1362.1309814453125,1383.179768765598,1354.5299742951963,1363.1054634412085,97770,
2021-10-05,1359.4510498046875,1368.5136602856771,1339.9126397304924,1362.033331727918,85876,
2021-10-06,1313.40673828125,1358.9149949398516,1298.0098768446628,1358.9149949398516,161740,
2021-10-07,1332.604248046875,1339.8640919806098,1312.4811692487388,1322.372186178873,82056,
2021-10-08,1346.8802490234375,1356.4788724259054,1320.9102813026686,1342.446308575264,83097,
2021-10-11,1356.3326416015625,1375.9684761535989,1349.6574642158175,1364.2746930701403,72173,
2021-10-12,1364.518310546875,1378.8431472104485,1343.6157209133382,1354.5298708517453,110378,
2021-10-13,1367.7828369140625,1391.5602202101163,1354.529906226934,1378.5995627338764,89492,
2021-10-14,1390.293212890625,1403.2538691250825,1364.2745949827192,1381.5228762085933,111534,
2021-10-18,1408.2725830078125,1418.261022776675,1371.0960736380075,1404.0336104091627,120879,
2021-10-19,1387.126220703125,1426.641509550462,1364.2746676029008,1413.7783959809017,178372,
2021-10-20,1371.43701171875,1393.6552455442536,1337.0378736888017,1387.2723418264236,97386,
2021-10-21,1369.4395751953125,1386.687858673281,1344.7851334990355,1369.1471830189455,132331,
2021-10-22,1352.7271728515625,1377.430267043918,1329.1934094431583,1376.309588985362,55876,
2021-10-25,1293.9658203125,1358.7688693262342,1279.4947872937291,1345.5159387325334,109218,
2021-10-26,1331.6783447265625,1336.9892237255622,1282.41823500207,1282.41823500207,52259,
2021-10-27,1380.7435302734375,1407.6392089165,1327.2444462057963,1332.7989458654993,119276,
2021-10-28,1403.8875732421875,1412.99895651555,1346.0033163359333,1372.021939194468,99588,
2021-10-29,1489.30078125,1562.0457621626365,1355.6992134783648,1399.161202722042,373745,
2021-11-01,1456.8992919921875,1558.2940678688333,1447.1057007785294,1498.8506687122742,315136,
2021-11-02,1487.9365234375,1513.516674800208,1466.0106794123217,1469.3725945807223,110330,
2021-11-03,1497.0479736328125,1510.4471011429516,1465.6697007911976,1494.8553891311533,103304,
2021-11-04,1503.23583984375,1515.9041052575012,1492.1267217667817,1510.4470301011024,22459,
2021-11-08,1533.1036376953125,1565.0179196813424,1482.1869588015702,1483.161440694273,270887,
2021-11-09,1569.3057861328125,1607.8952483009723,1512.5908641831873,1529.9366908075915,232324,
2021-11-10,1553.61669921875,1598.1504790090064,1531.3984620503984,1566.9670550283429,118358,
2021-11-11,1482.62548828125,1538.4145789041283,1445.6927182121894,1453.9270429578075,306283,
2021-11-12,1452.3192138671875,1496.024707443837,1440.2843850497509,1482.6255800457086,146836,
2021-11-15,1386.492919921875,1459.4815203847318,1378.8919133825882,1459.4815203847318,115318,
2021-11-16,1362.1796875,1402.6694635967378,1351.7527773178394,1388.5394741030725,116601,
2021-11-17,1392.291015625,1401.5485936816492,1361.3024436006187,1366.2236247812773,164106,
2021-11-18,1383.471923828125,1410.221523703961,1355.5043405167692,1383.764315984049,90670,
2021-11-22,1315.3070068359375,1396.042812284628,1295.6225191055348,1383.4719713880388,129852,
2021-11-23,1372.021728515625,1411.878061580736,1316.4276081019027,1316.4276081019027,164951,
2021-11-24,1368.75732421875,1378.8919602975122,1357.6969778689108,1376.3583310166507,53031,
2021-11-25,1363.5926513671875,1370.1216329034482,1346.7340659122087,1346.7340659122087,52747,
2021-11-26,1317.938232421875,1361.3514563685153,1307.8523667545203,1352.5811177090186,70613,
2021-11-29,1268.5318603515625,1304.8313124722429,1180.146396327092,1250.2603240492065,236380,
2021-11-30,1314.673583984375,1374.0195589380833,1243.974989399439,1255.1327602214549,188678,
2021-12-01,1277.448486328125,1352.1425559300567,1269.79882636687,1314.673651400596,127855,
2021-12-02,1301.371826171875,1308.729212214326,1262.928562196401,1283.051637537892,69943,
2021-12-03,1313.6505126953125,1325.2955250576235,1300.0077646432487,1301.3719442841968,51626,
2021-12-06,1278.1304931640625,1308.7292499776863,1270.7244541853338,1305.8058041475056,83491,
2021-12-07,1300.5435791015625,1309.0216433903563,1281.248907977169,1284.8544435890356,35903,
2021-12-08,1294.9403076171875,1320.7640791356573,1288.265130091212,1305.8058050848897,53419,
2021-12-09,1335.8199462890625,1358.4278806517848,1297.0355158877517,1299.471720838705,96772,
2021-12-10,1352.9219970703125,1360.376807809616,1327.8778584341676,1331.1423491890655,42224,
2021-12-13,1456.0706787109375,1476.3399480216715,1362.1307270175605,1362.3255757982158,322085,
2021-12-14,1452.6602783203125,1473.4167926239295,1414.9478722817105,1447.105778469931,108392,
2021-12-15,1421.2330322265625,1466.692635141403,1405.30027748228,1442.2331640555751,79472,
2021-12-16,1382.6436767578125,1442.57431606694,1374.0195353800011,1421.769150439306,155055,
2021-12-17,1351.703857421875,1390.4395140278978,1344.1516224861095,1381.8153727632798,72699,
2021-12-20,1313.89404296875,1351.7038707433778,1307.3649426190052,1351.7038707433778,88600,
2021-12-21,1342.8848876953125,1366.85711967638,1315.550621641306,1315.550621641306,50564,
2021-12-22,1348.6341552734375,1381.8153109933055,1336.989144346132,1336.989144346132,31908,
2021-12-23,1389.1728515625,1393.460477163922,1347.9522157103215,1352.2399602670646,71539,
2021-12-24,1347.7086181640625,1390.3909777314311,1340.156382595898,1366.7110173355732,40759,
2021-12-27,1383.86181640625,1390.439569678084,1332.1656194726545,1347.70855925138,43214,
2021-12-28,1433.9501953125,1453.2936383083568,1383.959223490121,1385.6645669096229,77136,
2021-12-29,1436.6788330078125,1450.0291885731658,1408.1752350469487,1433.950235877294,58026,
2021-12-30,1388.1495361328125,1442.233284293831,1373.7759273873164,1421.7691633680404,50064,
2021-12-31,1385.3721923828125,1414.021983526315,1374.0194546578757,1403.205139463698,47402,
2022-01-03,1391.4140625,1412.901437604429,1380.8409568753282,1385.7133667443309,67870,
2022-01-04,1441.5511474609375,1463.6718393956444,1391.4139814559887,1391.4139814559887,274301,
2022-01-05,1420.697265625,1451.2472511154333,1401.499899743182,1438.968802276613,54979,
2022-01-06,1389.31884765625,1442.1358399257842,1381.8153843361274,1400.8177820755875,53340,
2022-01-07,1415.532470703125,1449.834307053732,1374.994044975423,1374.994044975423,140325,
2022-01-10,1420.7459716796875,1435.4119732313557,1400.8666342207812,1420.6973189533137,79161,
2022-01-11,1409.05224609375,1447.105817012125,1403.254125587515,1435.4120326322293,48932,
2022-01-12,1464.743896484375,1498.7533426808773,1413.8272110779535,1413.8272110779535,413664,
2022-01-13,1485.2078857421875,1494.4168113540013,1462.7461486285697,1472.247347446199,135791,
2022-01-14,1548.79296875,1567.74671533943,1470.5421342176055,1485.2080171891075,339602,
2022-01-17,1547.4285888671875,1586.9438801333222,1525.4053202474356,1575.7373375348984,221927,
2022-01-18,1489.8853759765625,1561.6072188352837,1450.9547533444263,1558.5863487864767,81414,
2022-01-19,1502.4564208984375,1528.9135124870238,1473.2706131256946,1486.0850754360938,76772,
2022-01-20,1459.8226318359375,1509.4236644968769,1443.7923334937095,1500.6533275533272,58168,
2022-01-21,1426.739013671875,1454.9015661035223,1413.0476135087265,1447.105710424468,66376,
2022-01-24,1327.4393310546875,1427.6161281037555,1319.7410184291707,1426.7390705138562,138444,
2022-01-25,1323.590087890625,1339.7178114930634,1268.1908136904624,1327.4392439508097,84408,
2022-01-27,1307.90087890625,1319.4484653920688,1287.2905633551868,1306.8289726294154,72542,
2022-01-28,1299.6666259765625,1344.1517540999018,1287.4856006939024,1305.805910301153,94928,
2022-01-31,1326.0262451171875,1333.0912388905476,1277.6431950023568,1304.8312637971076,143267,
2022-02-01,1359.548583984375,1395.4582218376668,1317.548433640521,1334.0658559327974,384137,
2022-02-02,1364.079833984375,1393.509140273766,1359.451044882067,1378.502094972063,87526,
2022-02-03,1324.223388671875,1369.1469774505442,1315.5504765539038,1369.1469774505442,70634,
2022-02-04,1318.9127197265625,1360.3769796911142,1307.754947525412,1330.1680352996923,76383,
2022-02-07,1285.04931640625,1305.8058297902671,1170.5476858089692,1305.8058297902671,188336,
2022-02-08,1294.2093505859375,1315.5505273766648,1286.316071212739,1286.316071212739,127494,
2022-02-09,1259.1279296875,1316.5249323965131,1239.6382933825923,1307.5597472783754,203786,
2022-02-10,1243.8287353515625,1283.7824937141295,1227.7010121377189,1265.9494271555425,89019,
2022-02-11,1167.8192138671875,1243.828807346775,1157.7333492926905,1243.828807346775,312435,
2022-02-14,1124.406005859375,1161.1440477814435,1116.4153012266277,1149.888733360071,114862,
2022-02-15,1145.844482421875,1194.8609680381946,1094.7816086707355,1135.2713779292178,156958,
2022-02-16,1118.900146484375,1173.2275161231205,1110.9094419402652,1162.9954554736703,185778,
2022-02-17,1129.3758544921875,1142.2877408569873,1122.505827837317,1129.9118671687038,76847,
2022-02-18,1096.14599609375,1141.9466476780378,1091.517206837891,1129.3758067500105,119305,
2022-02-21,1085.81640625,1112.8582777092215,1072.9532933542218,1096.145890115435,127334,
2022-02-22,1053.0738525390625,1071.881281184235,1036.8487056751708,1071.881281184235,222299,
2022-02-23,1069.688720703125,1085.5728230570892,1058.2873301974855,1069.9811128516014,136079,
2022-02-24,1063.1597900390625,1108.8142448578349,1008.6375734115773,1013.461211402956,525283,
2022-02-25,1068.5682373046875,1103.1135750909114,1057.312923121589,1064.3779173083462,129371,
2022-02-28,1069.250244140625,1090.1528329101232,1047.665446681106,1065.1086961455485,98515,
2022-03-02,1070.5657958984375,1090.445250530266,1061.16202173417,1069.2502691191548,79797,
2022-03-03,1070.51708984375,1107.9370979272842,1065.5471372169109,1076.2177849068428,116105,
2022-03-04,1011.4148559570312,1086.060150736074,979.9878125642648,1072.7584481136532,164826,
2022-03-07,1013.5099487304688,1021.9391220099812,957.038651193592,1003.7163580431662,174475,
2022-03-08,1050.88134765625,1098.0949500567542,994.2639112680909,1004.3010633523548,182525,
2022-03-09,1067.2039794921875,1084.0137938882467,1052.8790228075702,1069.006747389976,102630,
2022-03-10,1069.786376953125,1096.2434678358918,1057.3129598902635,1091.419829564143,224374,
2022-03-11,1120.8004150390625,1125.5266286062165,1069.64011373878,1070.9556405525816,196262,
2022-03-14,1111.153076171875,1120.5568510570486,1086.5474062106034,1107.011527762552,104647,
2022-03-15,1061.4056396484375,1129.3757522855396,1052.4404537357752,1122.4083018532965,108687,
2022-03-16,1075.9256591796875,1090.4454662116425,1055.461535148906,1070.9558242775645,216258,
2022-03-17,1070.7119140625,1103.1134350113766,1052.4403796928327,1089.1782972166563,787087,
2022-03-21,1044.9857177734375,1090.4453255100264,1042.354664033959,1088.5937859741289,134582,
2022-03-22,1042.8905029296875,1054.340665486699,1034.899798769898,1049.2734070861466,103925,
2022-03-23,1023.5471801757812,1056.3385243966884,1020.0878403297812,1054.389560329536,193689,
2022-03-24,998.649169921875,1027.5912368337858,994.946090855662,1020.282622062564,145275,
2022-03-25,977.113037109375,1010.7813756887,974.4819240189923,1008.198974798987,113850,
2022-03-28,960.1570434570312,986.3219192290984,950.119891371916,978.2824432251824,163790,
2022-03-29,1053.8533935546875,1067.0576707613002,970.63267574081,970.63267574081,625854,
2022-03-30,1086.6448974609375,1095.3178113956158,1053.9510964388285,1067.0578322759782,435051,
2022-03-31,1152.032470703125,1167.331908120195,1081.6749241216603,1086.5473336897762,695755,
2022-04-01,1180.000244140625,1201.536271939061,1137.2692334430203,1146.96528148603,323397,
2022-04-04,1135.9049072265625,1188.7705529404352,1125.5266506824532,1187.8934953955936,178457,
2022-04-05,1120.3616943359375,1146.7702466681162,1115.7816773907764,1145.016131820229,160679,
2022-04-06,1103.406005859375,1125.429275062275,1093.368793771148,1120.6542895158825,95473,
2022-04-07,1103.259765625,1136.197184225742,1096.4870446861644,1113.8328710119592,137803,
2022-04-08,1123.2852783203125,1140.972149222618,1099.2156221201965,1107.011477596226,75414,
2022-04-11,1138.2923583984375,1153.250632755314,1101.6030886614492,1120.654258640464,127189,
2022-04-12,1123.8212890625,1154.614894349586,1111.1530239354136,1140.1438614377846,105504,
2022-04-13,1146.1368408203125,1151.8375357977943,1117.7306713706175,1124.552044256053,123854,
2022-04-18,1097.0230712890625,1145.893365588806,1091.419799994448,1145.893365588806,113361,
2022-04-19,1087.6680908203125,1114.514998120825,1083.8188156082406,1102.1391244994668,99094,
2022-04-20,1120.2158203125,1134.297037500024,1080.846724085868,1093.3687938788892,90966,
2022-04-21,1140.582275390625,1150.863106865578,1122.603132183866,1130.3989872684765,88690,
2022-04-22,1121.53125,1140.5822998991955,1116.512644390382,1135.8560864436563,48183,
2022-04-25,1098.2899169921875,1127.037134194261,1089.5195795407076,1116.220289506517,80130,
2022-04-26,1082.113525390625,1125.5267475199537,1071.54041912923,1120.5569129453463,59726,
2022-04-27,1079.823486328125,1091.6146948016956,1073.4407005663304,1075.5357417135567,41669,
2022-04-28,1083.5263671875,1100.4336030941895,1079.3848194229215,1086.5472370600148,70325,
2022-04-29,1060.28515625,1094.6842984570449,1056.4358810909184,1083.623951875993,81238,
2022-05-02,1024.3753662109375,1062.1853130084085,1019.2106833098652,1047.568083930311,66920,
2022-05-04,1009.4171142578124,1041.0391252262011,998.1131473153074,1032.950877377814,39328,
2022-05-05,994.263916015625,1042.598256146396,983.642098507834,1042.598256146396,39780,
2022-05-06,976.7232666015624,993.8741849595629,968.8299864359004,984.226789665834,151565,
2022-05-09,954.7486572265624,974.4332038258208,939.4005670491516,974.4332038258208,85481,
2022-05-10,953.0921020507812,992.7048188860842,950.1199438655032,959.3775228057314,50486,
2022-05-11,934.4794311523438,979.3543108119264,904.4166288104792,979.3543108119264,71308,
2022-05-12,911.286865234375,924.7834171306224,870.79709059031,908.2172231461964,301888,
2022-05-13,928.8274536132812,945.1987377582614,900.8598109818768,925.7578118146232,112456,
2022-05-16,988.3682861328124,1003.5701802748748,928.4376481272242,936.477123957242,164340,
2022-05-17,1001.4263916015624,1011.5122559113496,964.7371226900156,997.2848433475904,83933,
2022-05-18,1006.7373046875,1018.2362395758392,992.0226506545137,1013.2664052938794,66339,
2022-05-19,988.9530029296876,1002.6445221829256,964.7371497793208,1002.6445221829256,38567,
2022-05-20,1009.612060546875,1028.078445709966,992.2662344494528,1015.4101805021654,44703,
2022-05-23,978.2337036132812,1017.9926156453736,967.5144019233396,1014.8742019623812,29691,
2022-05-24,974.8717041015624,990.9993674450748,959.8646592421464,983.057316270436,46518,
2022-05-25,931.1174926757812,980.0364979070785,912.163807067488,960.9366162168784,81328,
2022-05-26,982.0829467773438,998.8440490570528,889.0199158651988,951.9714886923668,149086,
2022-05-27,974.3358154296876,1003.716471868155,960.449446765492,980.3289035916156,51926,
2022-05-30,966.9296875,993.9715608465608,955.1871922306284,992.899654522985,69850,
2022-05-31,949.6326293945312,981.4007161404228,945.2474607621295,979.3543279030312,73796,
2022-06-01,970.8275756835938,990.1223050663918,954.017763206262,973.5074008611394,67803,
2022-06-02,958.3543090820312,981.1084393804532,949.1454425335812,974.1896411571552,47694,
2022-06-03,898.910888671875,980.28013167781,892.6254681848669,972.7766087505933,174739,
2022-06-06,859.7366333007812,916.8900189995682,853.6461215885342,902.3215030883428,241341,
2022-06-07,838.4929809570312,874.6462364409779,830.5022173079939,845.4604910067263,165712,
2022-06-08,834.887451171875,861.7831305058106,828.3096976902174,842.9269276494565,145721,
2022-06-09,837.9082641601562,851.356162383355,832.3049930597091,834.1565325187457,82280,
2022-06-10,837.95703125,846.5811724967459,833.1820460255744,833.961619670184,103276,
2022-06-13,825.8247680664062,838.6879421325153,814.6669374698812,833.1820951396512,82862,
2022-06-14,823.7296142578125,837.3723621179176,818.5648716063049,825.8247743273929,77560,
2022-06-15,861.5882568359375,872.1613624104077,823.4859761546526,823.729596646946,152953,
2022-06-16,831.427978515625,865.1450288514442,825.3861787707683,862.416491395667,65716,
2022-06-17,820.6112060546875,847.7505633790967,805.4580240016362,831.5254155209021,72743,
2022-06-20,811.9384155273438,832.9384907636712,801.9986872167317,832.792294672385,122696,
2022-06-21,829.2354125976562,835.131016395465,808.9662002912908,808.9662002912908,36491,
2022-06-22,813.7411499023438,839.3213013869185,809.794509854541,832.792260350562,131349,
2022-06-23,818.9058837890625,826.2144984220737,806.3838145089,820.2214701095994,39504,
2022-06-24,855.4977416992188,871.186877559962,823.4372612283757,826.0683744319746,169810,
2022-06-27,856.3746948242188,866.022089571728,849.7482296991601,863.196068227767,37492,
2022-06-28,859.1032104492188,862.4164726663432,849.260967151094,855.9849159832831,23454,
2022-06-29,854.1334228515625,868.7506519933462,845.850326337885,857.544109651312,52058,
2022-06-30,848.7250366210938,861.1009688496115,843.9013392414457,857.0568451072188,20912,
2022-07-01,817.1031494140625,854.7181304737828,804.9221245271505,852.5743176758148,120235,
2022-07-04,833.3282470703125,840.8804820354229,820.5137858868366,820.5137858868366,111971,
2022-07-05,841.3677368164062,848.6763514187807,833.815501727286,834.156546617667,27604,
2022-07-06,837.6159057617188,845.6066692421366,820.6599563779422,839.1263408121115,93637,
2022-07-07,883.2704467773438,896.9131938225864,836.2029218891311,845.850316805044,220767,
2022-07-08,889.2634887695312,919.9109578958077,881.1265883037829,891.0663160579345,185781,
2022-07-11,886.8272705078125,893.0639786649887,867.2889196626296,880.8342423113447,46368,
2022-07-12,876.2054443359375,896.5233686273535,869.4327830795801,878.0569243019437,69928,
2022-07-13,926.6348876953124,934.3332592280304,878.0082157721413,883.1729580870343,253671,
2022-07-14,885.2194213867188,932.5305078545392,878.0082312127761,927.7068103380276,111708,
2022-07-15,902.90625,923.8088999805344,886.2913444433502,886.7785854243526,113506,
2022-07-18,900.3726806640625,919.9110334081848,894.9643173102144,902.3703569237066,74239,
2022-07-19,903.1985473632812,917.2798230589748,892.9664871624714,904.2218009654874,68000,
2022-07-20,890.9688720703125,915.2822096302302,885.9503255055427,915.0385891325913,53270,
2022-07-21,913.9179077148438,929.7045277997404,893.21016549114,899.3494495913545,128152,
2022-07-22,952.6047973632812,968.6350369835402,903.9781848149872,925.4654994440908,257936,
2022-07-25,940.8135375976562,960.9365526187642,935.6000238826772,952.5073200912348,142791,
2022-07-26,964.4447631835938,971.5584692676553,926.7810133772908,943.6883102893546,180232,
2022-07-27,961.6674194335938,973.5073980659986,956.9412061069174,969.6094705462148,96514,
2022-07-28,952.6535034179688,966.686066889688,945.2474645997958,966.4911586097032,69626,
2022-07-29,949.6326293945312,962.0572738530024,942.3240150071952,955.089704346013,54183,
2022-08-01,964.3472900390624,986.8091460122392,950.1685899133444,958.0619291993968,139206,
2022-08-02,977.356689453125,979.3543655669588,960.4006796313502,968.5376396487752,69261,
2022-08-03,978.9158325195312,992.8509125309585,968.7324842304528,984.2267710509318,138224,
2022-08-04,952.0202026367188,985.055106779311,931.214976231739,983.788292073724,111831,
2022-08-05,966.1989135742188,985.2013127821838,956.502805672571,966.2963379842206,115577,
2022-08-08,943.4934692382812,959.7673302740982,935.502705070274,955.1385408479692,121315,
2022-08-10,919.8134765625,952.2149992922916,916.9874553002684,948.9991614843544,72286,
2022-08-11,916.1104125976562,941.2520932601218,910.2148089840376,929.8993553068126,223741,
2022-08-12,916.5489501953124,930.6302257155448,907.437568111568,918.0106730629284,214563,
2022-08-16,944.5166625976562,958.6953635634044,921.0316705841255,925.0270229257934,182128,
2022-08-17,950.0224609375,960.8878988114584,943.2497996028798,948.1709214724416,59253,
2022-08-18,978.9644775390624,984.1779913085896,942.5676029380476,956.1616371245948,239220,
2022-08-19,963.9088745117188,990.7558411708592,954.6512956997628,986.7117171619408,135649,
2022-08-22,936.4771118164062,965.2730402478,932.5791841917802,962.2034579300002,81389,
2022-08-23,935.5513916015624,948.6581858282602,926.1963885986338,937.3542189099164,45148,
2022-08-24,933.2613525390624,953.0433237437336,927.8529897446372,941.593161111843,45968,
2022-08-25,952.3612060546876,960.7904987859632,935.6975883570076,941.5931923098324,102521,
2022-08-26,958.4029541015624,972.0457007791648,950.6070988572184,956.941231243248,82957,
2022-08-29,955.4795532226562,965.2730849374128,934.6743873540524,941.3495649292056,87804,
2022-08-30,946.56298828125,970.5839913769736,940.618672366088,959.8646902673884,78815,
2022-09-01,950.4608764648438,968.6349872910952,933.6023518612436,946.7091450234398,172230,
2022-09-02,944.0780639648438,959.4261540709554,940.423756796722,955.9180429806208,43332,
2022-09-05,979.4030151367188,989.2940301465034,945.2474366661183,945.2474366661183,187397,
2022-09-06,992.1688232421876,1022.2315676710006,984.178059340076,984.2267715421456,218346,
2022-09-07,1022.3289184570312,1030.0273491147022,980.0364404713642,986.2730888286072,223814,
2022-09-08,1082.308349609375,1093.3686954199316,1021.5980794562512,1029.10166148428,629084,
2022-09-09,1065.0113525390625,1114.271343997066,1054.633095925997,1091.5172141361338,287179,
2022-09-12,1061.5518798828125,1081.6261840999027,1035.8743044983978,1069.0066905312724,148662,
2022-09-13,1085.4754638671875,1096.1947652774015,1061.2596112906308,1066.8628824823336,183976,
2022-09-14,1070.51708984375,1110.9580868433018,1043.8649159340189,1057.3128131208107,285009,
2022-09-15,1081.7237548828125,1100.190140572473,1074.0739762787937,1081.626211521873,191692,
2022-09-16,1056.1922607421875,1102.723774869108,1047.5681190877383,1086.449973531454,166795,
2022-09-19,1027.9642333984375,1080.9287337846445,1017.3909996512264,1076.2568398033186,170293,
2022-09-20,1101.435791015625,1108.4682444406146,1032.685163377105,1035.586727270396,369101,
2022-09-21,1057.8150634765625,1099.6162166125494,1052.012055852132,1099.6162166125494,209705,
2022-09-22,1037.6522216796875,1068.535923190634,1029.3412163653927,1057.3233538442314,132116,
2022-09-23,1006.0308227539062,1043.25841525409,998.3099276218564,1037.7014166335384,123532,
2022-09-26,985.1303100585938,1006.2767778925904,969.836016259382,998.3099930933258,119350,
2022-09-27,980.1141357421876,1002.5392138461896,973.721017947582,988.4743667043635,62136,
2022-09-28,978.0487060546876,983.3107098467063,968.9508075139704,977.606093578833,76120,
2022-09-29,959.0660400390624,994.3757468528806,955.1318135431064,988.4744071089466,67810,
2022-09-30,939.54248046875,962.9019506714538,932.7559156393512,959.0660557623966,185938,
2022-10-03,919.527099609375,944.8044564861038,912.7405349810628,937.5753394080798,157696,
2022-10-04,931.1331176757812,936.3951218825944,922.7237200977702,933.1985626838768,64621,
2022-10-06,927.9856567382812,942.6898399880822,925.6250968738703,939.247391870876,86481,
2022-10-07,929.018310546875,934.3787056540376,924.5431403313636,932.4115925895028,47838,
2022-10-10,911.4619140625,924.494039024456,904.970404477626,920.8548675948113,61903,
2022-10-11,890.6105346679688,920.4122887582272,884.7583606724028,916.0354497179364,81640,
2022-10-12,888.151611328125,902.7082370268644,885.2009415230482,885.2009415230482,78654,
2022-10-13,889.2335205078125,895.0365286069982,876.3981185599197,892.6268028698267,36430,
2022-10-14,881.7584838867188,908.7079584944184,878.3160358180031,895.1840553673215,137459,
2022-10-17,887.3156127929688,907.1834081345492,880.2831590737893,881.2667156761063,147568,
2022-10-18,928.6741943359376,932.6084209079758,888.9384819457376,893.0694318526845,154796,
2022-10-19,920.559814453125,933.10016113959,906.8391878369216,926.5594857179586,65566,
2022-10-20,894.49560546875,924.3465257208956,881.5126457097309,919.6254658171252,104095,
2022-10-21,885.1026000976562,904.6261744129564,881.2667053808195,898.9707240157021,76053,
2022-10-24,905.4129638671876,910.773359034115,885.0041655950948,894.9381227006684,23876,
2022-10-25,894.1021728515625,911.1176911219632,885.2009970541582,905.855686985422,56826,
2022-10-27,883.3322143554688,902.1181826233934,878.5619885561628,894.9382309952642,110643,
2022-10-28,887.90576171875,893.0202682816199,881.2667543616726,887.7582042093126,76322,
2022-10-31,907.8228149414062,919.6254950923238,888.3484046986995,892.380963070982,123521,
2022-11-01,941.3128662109376,947.165040199787,914.1175612521585,915.93711701563,160889,
2022-11-02,947.263427734375,973.7211268087632,934.8706374057872,941.7555342620108,230309,
2022-11-03,950.95166015625,965.2624564926462,945.8372139396804,954.0498874114868,116221,
2022-11-04,956.4104614257812,970.6720321194164,943.2307789790508,956.2137380995628,153648,
2022-11-07,989.4578857421876,993.3921119280412,960.9347458947487,962.3117490724084,179477,
2022-11-09,936.3950805664062,973.721066800048,933.395244841662,973.721066800048,326547,
2022-11-10,926.9529418945312,951.099244736499,919.6745989459828,936.395061366376,228803,
2022-11-11,921.3958129882812,944.2143381669556,915.6911967014954,940.23094593412,431240,
2022-11-14,940.1817626953124,949.5747160665773,918.1500712002312,926.0185238725416,65509,
2022-11-15,926.1168823242188,950.8533551413888,919.6254326942834,944.2143480069648,112348,
2022-11-16,919.1336059570312,933.837788545528,910.2815969108962,930.3461747614136,213797,
2022-11-17,885.5944213867188,924.1497935936834,883.7256397608105,916.6747871531168,370194,
2022-11-18,919.0353393554688,924.1990116644906,886.577970555903,891.1023070426234,129007,
2022-11-21,934.3787231445312,949.9189046389452,903.8884700734992,913.7240355802836,153209,
2022-11-22,924.9366455078124,944.2143307479714,917.2156902218404,938.3129911807966,69274,
2022-11-23,941.263671875,950.11568132837,921.7892630838924,929.608550107342,98401,
2022-11-24,934.231201171875,945.4437702885592,925.5267493800096,945.4437702885592,65829,
2022-11-25,935.8049926757812,940.2801634557964,926.4612044406034,939.296606799462,67529,
2022-11-28,918.9369506835938,960.9348309408462,914.7076691658004,940.5260307954802,131209,
2022-11-29,920.6090087890624,939.8375289641942,918.199283031118,922.4777904049868,75635,
2022-11-30,933.9853515625,938.3130247458486,919.8221721135576,923.9531219646572,62010,
2022-12-01,961.7216796875,977.507751902594,931.477312721265,938.3130434402656,256910,
2022-12-02,963.6887817382812,981.5895245530706,955.033495331695,966.73784333447,202328,
2022-12-05,962.7052001953124,978.6388293222424,954.0990798369512,968.8032631984006,89721,
2022-12-06,945.689697265625,967.4262747190238,940.2801358148076,965.5575531458428,65246,
2022-12-07,937.0835571289062,952.8696286617436,927.4938802126042,950.4599029687768,69211,
2022-12-08,928.2315673828124,943.181640130013,925.5267866566638,937.083577032026,79043,
2022-12-09,967.7705078125,973.671847285885,928.477410479239,932.1165818274656,362079,
2022-12-12,990.8840942382812,1004.2112739677868,959.6561726432986,963.9837856013232,585846,
2022-12-13,1024.8167724609375,1032.7344512793045,983.5566202660042,990.4415166078662,366904,
2022-12-14,1043.701171875,1052.307292634361,1020.3417012424488,1024.9152637157515,310211,
2022-12-15,1048.66796875,1077.4862243268217,1032.783626167057,1037.652183171882,505846,
2022-12-16,1026.685546875,1069.5685912062106,1013.063311792155,1042.5700101938685,221214,
2022-12-19,1034.65234375,1049.8974714390688,1013.5551021668048,1025.84955998057,117620,
2022-12-20,1018.7679443359376,1041.5371829056814,1010.5060451263672,1034.6031811174971,68195,
2022-12-21,998.45751953125,1036.4227807740374,982.1796095636188,1028.94777452911,102862,
2022-12-22,979.720703125,1001.8507265770592,960.9347961183086,999.2935034352114,136730,
2022-12-23,953.4105834960938,978.5405031072764,936.5917893435454,972.4424400703268,119289,
2022-12-26,966.4427490234376,991.4251121721348,931.7232109705416,953.4106232930002,101328,
2022-12-27,963.1478271484376,981.5403480826744,955.9187099514094,959.066043133102,79249,
2022-12-28,947.951904296875,980.6059976699236,941.263730963006,965.8526476548296,107606,
2022-12-29,969.8851318359376,988.4743754464988,946.2306077930016,949.1321117471356,66757,
2022-12-30,964.1804809570312,982.7697238995692,956.0169735390834,974.704548124724,54522,
2023-01-02,974.7537841796876,980.6059581226336,964.8198862494334,972.9342284304882,35283,
2023-01-03,972.09814453125,982.4254888624188,962.5576935076808,979.6223765565708,57662,
2023-01-04,978.1470947265624,982.5730996800764,960.2955174014428,975.5406455746572,74769,
2023-01-05,972.5899047851562,989.457924225671,960.9347832688674,979.6223583784972,96900,
2023-01-06,934.9197387695312,973.6718938437064,919.8221685741496,973.6718938437064,209005,
2023-01-09,945.0503540039062,948.1485813685013,934.034567888751,936.6901227366528,77392,
2023-01-10,940.5751342773438,953.951539625402,929.559288705863,945.0503046568904,59110,
2023-01-11,944.4602661132812,950.1648826343968,938.3130370966628,946.1814902379346,49636,
2023-01-12,964.3280639648438,970.7703475782312,943.3783207498566,949.1321027487264,108586,
2023-01-13,959.9512329101562,986.9498733420604,952.0827801813844,958.9676763190596,325555,
2023-01-16,955.230224609375,972.147410891601,948.6403830886114,965.8526243577152,57843,
2023-01-17,949.9189453125,956.8530072853796,946.1814422661952,956.6563439920454,32521,
2023-01-18,951.8368530273438,957.590634842901,945.0502888071494,951.541798068102,25618,
2023-01-19,956.9022216796876,963.295339456269,950.8533246938488,951.0992138391018,42802,
2023-01-20,936.001708984375,960.8856801964632,933.4935915043296,956.9022877745288,32994,
2023-01-23,927.1004028320312,944.755255345298,914.7076140096732,941.2636415131798,39413,
2023-01-24,921.3958129882812,939.9358909597488,915.6911967014954,929.4609891330967,34956,
2023-01-25,914.9043579101562,923.4120864494708,904.8720686213096,920.412250836978,49407,
2023-01-27,887.6597900390625,919.7237096888042,870.3983845216168,919.7237096888042,102193,
2023-01-30,891.3973388671875,901.8230748963224,877.627546400864,887.6598357754916,92742,
2023-01-31,891.1514282226562,914.70762034428,886.8729811078513,895.872487805224,130195,
2023-02-01,913.6749267578124,935.3623380469156,895.5774610837243,895.6266269080198,135385,
2023-02-02,892.2825927734375,937.722921392885,885.2009729832648,912.6913929838852,110824,
2023-02-03,913.2322998046876,917.3632495160876,886.3320509043668,894.9381711233125,63946,
2023-02-06,887.0205078125,912.7405372664018,881.9060614478703,890.0204035086978,151195,
2023-02-07,887.7581787109375,897.9380257183219,885.2009555187184,894.0529650739056,108181,
2023-02-08,894.8397827148438,897.9380100175986,882.2502702405709,891.0039479935858,151528,
2023-02-09,895.2824096679688,900.4460819017032,887.168067586386,894.8397971844852,95719,
2023-02-10,893.7086791992188,899.9542392513576,887.168004158169,895.5282347960231,85421,
2023-02-13,881.16845703125,894.9874164323676,878.3161186356084,893.7088047497315,94552,
2023-02-14,876.3980712890625,885.2009146129078,859.4317204256485,881.1683566811716,70108,
2023-02-15,873.939208984375,880.971662719663,868.1362610363306,880.971662719663,38788,
2023-02-16,879.2504272460938,893.0202195312966,873.3982535185766,876.0047024994592,270200,
2023-02-17,876.889892578125,888.1516278837323,873.4966102327279,880.7749532335353,166140,
2023-02-20,864.3495483398438,884.0698466259137,861.5956018015789,881.3159000876489,91742,
2023-02-21,875.9555053710938,886.135352448986,864.3495492135469,867.3493849106093,111992,
2023-02-22,859.2350463867188,879.8405697539067,855.694266537796,876.0047349228291,55400,
2023-02-23,861.6939086914062,875.2178118699022,853.7762901095748,855.6942374757402,400682,
2023-02-24,852.3009643554688,873.2507080430127,846.989794705524,866.5133693090113,116512,
2023-02-27,838.8754272460938,856.776108894747,829.2857506350884,854.7106640988345,46715,
2023-02-28,856.1368408203125,863.2676260565713,831.2036453890962,837.2033765723147,87051,
2023-03-01,843.0062866210938,864.0052547739846,841.4326201693318,854.858190956123,108916,
2023-03-02,846.498046875,852.7927733568868,837.3017562650577,842.4162628032699,57976,
2023-03-03,875.9063110351562,880.2831498760414,841.6785536384609,848.1208373100186,114350,
2023-03-06,880.873291015625,888.3975232238231,873.7425054707895,877.3325111714921,58085,
2023-03-08,875.1195678710938,880.873350514333,862.5792200314124,878.3652929527041,65197,
2023-03-09,882.102783203125,889.5778499795193,871.086996427867,876.8899448127734,61736,
2023-03-10,867.1034545898438,885.0533621267026,861.693893414352,885.0533621267026,94968,
2023-03-13,853.5795288085938,878.7094467129216,841.4817952370911,867.1034313854118,85717,
2023-03-14,850.1863403320312,866.5625215351381,832.2855983893377,857.8580697270341,77089,
2023-03-15,844.2357177734375,858.5465132128683,840.0064367294951,855.694175282649,81773,
2023-03-16,848.2191772460938,856.5794077684552,834.891938211696,845.7602859159873,102928,
2023-03-17,850.3338623046875,860.3661518171788,843.1539109977439,851.7600314074614,86993,
2023-03-20,864.69384765625,870.4476300115093,835.0887566504978,849.7929404858124,250908,
2023-03-21,885.8894653320312,890.0204151688785,860.6120480293207,867.4969444135553,75161,
2023-03-22,902.2164306640624,905.8556019834396,890.5121434868855,890.5121434868855,85892,
2023-03-23,915.4945068359376,922.5269608117244,894.9873749419535,906.740888774823,125951,
2023-03-24,919.527099609375,928.3791091081138,907.5276969492228,916.6747614249466,90046,
2023-03-27,886.4303588867188,924.0513976966128,879.3487395750211,907.3309360033264,198981,
2023-03-28,863.5135498046875,892.8726910102325,859.1858766476896,882.2994573052008,113665,
2023-03-29,869.8574829101562,874.3818192672054,851.2682391178473,858.6449136335999,376621,
2023-03-31,875.5621337890625,889.0368717765236,865.775733205202,871.431183890723,59920,
2023-04-03,899.0198974609375,902.5115113816688,876.3980956801305,879.2504338303228,56284,
2023-04-05,908.6095581054688,913.2322860454458,892.282542862987,900.8394971294928,43875,
2023-04-06,909.6915283203124,920.6089826273188,902.364019603992,906.839190152124,32770,
2023-04-10,904.4786376953124,925.9693857176222,897.5445755769549,913.7240938741436,56333,
2023-04-11,906.7409057617188,912.7405773545606,896.6102241731811,912.7405773545606,51272,
2023-04-12,916.576416015625,921.2974756711006,903.249176111829,910.773408085406,35325,
2023-04-13,916.5271606445312,920.215497761518,907.9702665583444,915.5436040800014,36626,
2023-04-17,909.3963623046876,920.5597651684034,902.9049130859617,919.5762086182008,82003,
2023-04-18,913.1339721679688,917.855031845361,905.8556293096544,914.215860416204,35357,
2023-04-19,895.2824096679688,917.9533776592968,893.364462260561,917.9042118348056,31681,
2023-04-20,890.7088012695312,902.9049266883912,883.8731311678649,899.8066994959665,37249,
2023-04-21,894.2988891601562,897.4954482910559,878.7095401805362,895.0365566519023,39769,
2023-04-24,898.9707641601562,902.7574331913248,888.1516411779224,898.8724325092945,23494,
2023-04-25,894.3971557617188,906.9867280637462,886.8729839120782,903.7901691653392,43394,
2023-04-26,902.5115356445312,905.8556521842086,892.0858594257081,892.0858594257081,20971,
2023-04-27,898.8231811523438,906.83919151074,895.0365122286044,902.8557992593254,23373,
2023-04-28,901.4788208007812,907.4785522865312,887.1680837837469,900.79031915074,107834,
2023-05-02,904.3803100585938,924.494054898721,902.0197501632832,906.199865788894,65760,
2023-05-03,914.4617309570312,921.3957928450486,898.872383164675,902.904941133159,58664,
2023-05-04,957.639892578125,963.8854528775256,914.7567894720028,916.9697917872828,244402,
2023-05-05,964.0330200195312,983.3598710806884,954.0498965736996,958.9676795457289,382528,
2023-05-08,965.3116455078124,997.3264011111388,963.688753091025,973.573485001057,186672,
2023-05-09,974.1636962890624,988.4252677183118,970.1310780039406,970.4261930242556,139645,
2023-05-10,983.114013671875,1017.931882219018,977.8028439095308,993.392192421553,808584,
2023-05-11,995.8018798828124,1016.997512355482,984.2942557927936,988.8678179412402,903330,
2023-05-12,981.98291015625,1004.2112647762968,975.9340131971404,995.8018680521058,148848,
2023-05-15,983.7041625976562,998.309954170694,970.0327017742334,993.343005321274,188603,
2023-05-16,979.130615234375,994.9658528041564,975.0980571048874,988.4744031246076,112332,
2023-05-17,983.114013671875,995.3593056738728,976.0323939572168,980.556790456472,117328,
2023-05-18,980.7534790039062,994.1789904559114,973.4751362158486,994.1789904559114,49910,
2023-05-19,971.3114013671876,986.7532534726936,963.8855603321604,983.6550258732972,71093,
2023-05-22,970.278564453125,982.966468325286,963.8362808718304,965.0657265946548,74670,
2023-05-23,969.0983276367188,982.5730653642364,968.311494345436,975.6881690103328,76435,
2023-05-24,972.9833984375,978.0979049314234,968.8032827505054,969.2950610666225,72993,
2023-05-25,978.6387939453124,986.3105232382763,967.7213399551172,975.540566715688,85226,
2023-05-26,993.5397338867188,1007.161968926481,979.278163037662,979.278163037662,151542,
2023-05-29,1003.4735717773438,1016.0139178103368,998.3098998814056,1003.227682639442,179574,
2023-05-30,1074.240478515625,1080.9287114707874,998.359122277973,1003.4736286424668,901694,
2023-05-31,1102.665283203125,1109.4518477739289,1054.372678026287,1074.240473374319,369149,
2023-06-01,1127.7459716796875,1136.4996494178026,1085.010485505688,1102.665278421225,322295,
2023-06-02,1141.9091796875,1150.7611888323645,1106.69780639715,1135.3685044734054,231807,
2023-06-05,1158.0887451171875,1172.1044275684844,1142.8436168368296,1152.7284093277087,295064,
2023-06-06,1173.2353515625,1180.2678045773837,1146.138441920241,1164.0391222644444,203955,
2023-06-07,1206.3321533203125,1213.7088277189284,1170.6290012057875,1179.2843471920544,388123,
2023-06-08,1193.8409423828125,1212.7251793894472,1173.9239230132778,1206.2337304223572,181566,
2023-06-09,1149.138427734375,1190.1035876354322,1135.1227449874289,1190.1035876354322,717156,
2023-06-12,1164.9736328125,1171.7601977494078,1151.794069676644,1158.4821828975278,182277,
2023-06-13,1177.710693359375,1195.0212654554175,1147.417102144005,1169.3504622841726,232822,
2023-06-14,1187.8411865234375,1199.9389800027857,1165.4652752160084,1170.4322837732088,112191,
2023-06-15,1209.086181640625,1212.725293051158,1173.383028880804,1175.3501420893217,250119,
2023-06-16,1179.6778564453125,1233.380024904623,1166.4981734743883,1214.6924487697045,113846,
2023-06-19,1174.0224609375,1199.9391555718682,1161.5804448609642,1191.6281496097345,120446,
2023-06-20,1183.6611328125,1202.8897122144972,1165.3670042108931,1176.8254625221962,89249,
2023-06-21,1223.00341796875,1240.7074369384643,1183.2186011425888,1185.185714361446,416291,
2023-06-22,1204.8568115234375,1233.2323948679286,1197.3325796674344,1229.445726044324,210927,
2023-06-23,1205.2994384765625,1214.643226572174,1170.9241818763555,1207.8075559379795,173334,
2023-06-26,1220.8887939453125,1227.8720214400184,1196.2998801871538,1206.8238872504237,104755,
2023-06-27,1228.21630859375,1232.5439816616677,1200.9226128472224,1219.8068516087842,128965,
2023-06-28,1202.988037109375,1239.2812991690814,1199.9390357033965,1229.4457333026603,53253,
2023-06-30,1219.806884765625,1247.1498071107878,1203.184873765468,1203.184873765468,220293,
2023-07-03,1217.0037841796875,1238.1011461401238,1200.9226571324195,1219.8068965903562,123041,
2023-07-04,1194.3819580078125,1237.31422850224,1188.6774016471509,1206.922304918308,63184,
2023-07-05,1210.954833984375,1228.462189433065,1186.021698267501,1206.3321660045272,107125,
2023-07-06,1229.59326171875,1232.396373911764,1205.5944575597323,1211.348239442878,80668,
2023-07-07,1198.41455078125,1229.445811078088,1183.5137636014374,1218.4300246360551,74914,
2023-07-10,1184.300537109375,1214.2499091108102,1181.2515355099313,1209.7746783324023,40223,
2023-07-11,1197.3819580078125,1199.9391814310345,1172.1044786234288,1192.0707277823062,137257,
2023-07-12,1209.82373046875,1217.642956680696,1186.5133691955948,1197.3817166322217,71339,
2023-07-13,1201.90625,1218.2332666993336,1195.021353314239,1216.0694900518938,32169,
2023-07-14,1194.6279296875,1211.7418400778372,1186.907033696372,1207.8076133243378,28271,
2023-07-17,1201.1685791015625,1228.2656132919883,1191.0871232687757,1200.6275749096972,89211,
2023-07-18,1189.3658447265625,1209.9713079248402,1183.2186158412692,1205.8404181391488,30242,
2023-07-19,1199.2506103515625,1221.675628792722,1186.7102637021237,1189.3658184967803,125849,
2023-07-20,1190.742919921875,1201.807932583651,1185.4316898316083,1199.1031517107724,35683,
2023-07-21,1179.33349609375,1206.3320746057725,1168.7602634789828,1184.6938311150857,74306,
2023-07-24,1166.3505859375,1190.1035021626988,1163.5474736020435,1169.6454765796354,55568,
2023-07-25,1178.2515869140625,1195.07050090972,1167.0391376677069,1172.2028098438673,67358,
2023-07-26,1200.33251953125,1204.856855957334,1175.3501574440934,1184.497282008423,54238,
2023-07-27,1175.301025390625,1209.725509736878,1172.153691989911,1205.791282954449,43803,
2023-07-28,1166.940673828125,1208.200945016156,1160.6460076721078,1181.4481336008394,62798,
2023-07-31,1208.0042724609375,1225.757518649963,1172.6454576613187,1177.9566877727975,280656,
2023-08-01,1223.839599609375,1237.6584986394091,1193.5952323255908,1227.1835962016798,166843,
2023-08-02,1220.10205078125,1231.4129525015117,1209.7747057323156,1227.3803941616843,86201,
2023-08-03,1197.1849365234375,1221.577186008407,1187.152708141825,1214.6922904350906,49937,
2023-08-04,1208.7418212890625,1227.675285615764,1194.1360299639332,1208.8893787899344,60668,
2023-08-07,1198.168701171875,1227.1836232711316,1191.5789194321876,1219.0201748539296,96388,
2023-08-08,1206.1356201171875,1211.0534035800104,1189.0708154507336,1204.119280872201,42824,
2023-08-09,1200.5291748046875,1211.6434125289422,1185.284047341417,1199.93906485098,80387,
2023-08-10,1178.5467529296875,1204.5617782322222,1176.137087168411,1199.9391100139526,142344,
2023-08-11,1124.40185546875,1182.333363137586,1116.336739385638,1182.2350314903406,155214,
2023-08-14,1062.7821044921875,1145.5975200313696,1052.4055346070534,1127.1558342613862,330635,
2023-08-16,1073.7978515625,1084.1251952230507,1043.1109355677995,1076.9944103145751,234612,
2023-08-17,1071.830810546875,1085.8464921713696,1064.0115835605395,1073.7979237573304,82307,
2023-08-18,1073.0111083984375,1076.945335105156,1062.2412108140236,1071.8308884116502,66710,
2023-08-21,1108.1240234375,1116.3366967090476,1073.994538733759,1081.76465957809,187836,
2023-08-22,1163.7933349609375,1173.2354542110552,1112.3532772856336,1113.8778380251524,281830,
2023-08-23,1122.48388671875,1165.9570371977732,1113.4843204818446,1165.9570371977732,102438,
2023-08-24,1122.3856201171875,1139.8928552788095,1116.730169757812,1139.8437494874336,56103,
2023-08-25,1116.582763671875,1136.0080088447617,1108.2717574332628,1121.303883941655,60165,
2023-08-28,1109.6485595703125,1136.5980356730854,1099.9605506235073,1122.4347959634538,71715,
2023-08-29,1112.1622314453125,1120.7874647935478,1101.2697457708014,1113.8872781149596,48091,
2023-08-30,1127.2933349609375,1129.363366905801,1116.795169697343,1123.3011562807808,32769,
2023-08-31,1132.9613037109375,1137.3971378563206,1121.8225034992415,1130.644836612067,38201,
2023-09-01,1154.401123046875,1159.7241478765488,1120.2945125896283,1143.3115381224286,99670,
2023-09-04,1228.4796142578125,1233.1618836000189,1154.4011604935977,1160.2170559530157,307178,
2023-09-05,1224.240966796875,1242.674395393242,1200.8296184297442,1242.0336396877783,92775,
2023-09-06,1224.142333984375,1240.9984796029055,1212.4613281812522,1226.1631509965578,63213,
2023-09-07,1222.31884765625,1235.6756864217982,1216.4044016192038,1230.2047757056453,73463,
2023-09-08,1282.2518310546875,1310.0496767407828,1231.2889535239103,1234.3447262961165,604824,
2023-09-11,1281.3646240234375,1320.6957101236142,1276.5344695322403,1306.1066966256512,192162,
2023-09-12,1234.3447265625,1300.586588298304,1227.296775278693,1286.588995096921,174650,
2023-09-13,1259.431884765625,1277.421656187978,1229.4160021672217,1245.7793973685737,108419,
2023-09-14,1255.4395751953125,1276.534454336779,1236.7598334355455,1261.7483409660829,50724,
2023-09-15,1197.52734375,1276.5345032898244,1188.803560592686,1275.4502123336656,170281,
2023-09-18,1198.3160400390625,1225.5718020572576,1192.7465794656982,1210.0955965556211,77980,
2023-09-20,1174.9046630859375,1202.5546245524406,1162.23791593667,1197.6752549788534,99243,
2023-09-21,1151.73974609375,1187.768505494794,1138.5307933431352,1171.0109094022976,122840,
2023-09-22,1149.8175048828125,1168.1523831655882,1144.8395851883795,1150.359710547516,69120,
2023-09-25,1139.46728515625,1160.0692965622352,1132.025012645116,1148.3882895286804,70751,
2023-09-26,1168.7437744140625,1182.8891328956654,1139.171546091671,1142.473754188397,116289,
2023-09-27,1181.6568603515625,1197.379378995582,1161.20273742994,1179.5374934286842,70650,
2023-09-28,1182.6427001953125,1201.3717781729836,1173.7216965003818,1181.6569592491192,78909,
2023-09-29,1212.017822265625,1217.3900622627568,1178.9461655597224,1188.9021249989264,93770,
2023-10-03,1244.6949462890625,1256.8196071012114,1218.5235984331252,1251.890902759638,206178,
2023-10-04,1235.2813720703125,1246.913043802941,1222.3188537089884,1241.0479329190457,106106,
2023-10-05,1237.5977783203125,1246.9623174633175,1234.542005402747,1237.3513430797072,57445,
2023-10-06,1252.53173828125,1255.5381759235545,1235.1827219582642,1244.103605187703,81073,
2023-10-09,1235.083984375,1251.7923644470284,1218.3757246326686,1251.7923644470284,77638,
2023-10-10,1240.0126953125,1250.9051801986702,1227.2473990128797,1235.182661250826,32520,
2023-10-11,1259.6783447265625,1267.6628221062367,1228.5289557454134,1234.24618087902,120136,
2023-10-12,1264.459228515625,1273.8731029054106,1255.8339950332538,1260.762699880323,48180,
2023-10-13,1266.1842041015625,1273.5772609569628,1249.8209289942167,1256.8196654180554,47000,
2023-10-16,1257.4111328125,1280.4281599484336,1243.2164390546102,1266.677121816241,90784,
2023-10-17,1271.21142578125,1274.7600689140154,1248.046514900815,1256.721082851751,43011,
2023-10-18,1245.2864990234375,1277.9144980118087,1227.2967280040668,1271.55639715235,84077,
2023-10-19,1251.3980712890625,1268.6485370216806,1237.0554930766343,1243.9556793696818,51279,
2023-10-20,1228.6275634765625,1261.6991006715702,1219.4109095149934,1251.3981557138825,43363,
2023-10-23,1193.732177734375,1236.7597902050252,1183.87476916514,1230.5989098492532,131278,
2023-10-25,1179.48828125,1215.2706024851254,1166.9693000549823,1199.6959690013864,59893,
2023-10-26,1186.3392333984375,1191.5143733862578,1121.6253159609903,1168.792996355469,97743,
2023-10-27,1161.59716796875,1212.412042111888,1143.4595102912915,1189.740000097492,94212,
2023-10-30,1208.814208984375,1213.3485934154744,1141.5373872619723,1155.0913257042146,92830,
2023-10-31,1255.0452880859375,1265.6913381273002,1203.5896603219887,1208.814135316856,187907,
2023-11-01,1241.392822265625,1253.8131339790764,1229.7611514319528,1248.0465735760138,46303,
2023-11-02,1259.5797119140625,1271.60570220615,1243.0192174278725,1247.6029364668798,45572,
2023-11-03,1277.17529296875,1285.4062058806487,1256.4253977250671,1256.4253977250671,136694,
2023-11-06,1291.86279296875,1297.23503277656,1277.5695498264552,1283.5825452893423,84258,
2023-11-07,1269.6343994140625,1299.995270140631,1262.8820976756674,1291.8629069456265,53714,
2023-11-08,1267.761474609375,1291.074273299119,1261.4034932984048,1285.1104921239362,36507,
2023-11-09,1280.773193359375,1304.1352044454525,1253.862418786557,1303.14946355018,209556,
2023-11-10,1254.4046630859375,1287.13121368611,1246.420065324295,1280.7732328474565,89347,
2023-11-13,1255.9818115234375,1276.978020825318,1245.187876301122,1269.4864139336185,49735,
2023-11-15,1256.5732421875,1285.3568290208082,1250.905231877574,1265.6913457295548,61112,
2023-11-16,1257.066162109375,1269.7329094083468,1250.4124106141871,1256.57329162825,33865,
2023-11-17,1294.42578125,1299.5515861717336,1255.8339981361537,1257.0661743509654,201180,
2023-11-20,1279.5411376953125,1306.05747401061,1273.5773565856086,1304.1353272157587,96113,
2023-11-21,1287.03271484375,1293.587916326053,1279.639657607252,1290.3349230101107,51849,
2023-11-22,1282.5474853515625,1289.349121757047,1271.605785219106,1289.349121757047,58440,
2023-11-23,1282.0546875,1304.1353093970022,1279.688885095016,1282.5475579873005,52620,
2023-11-24,1292.8486328125,1303.149577940433,1279.5903444094556,1279.5903444094556,46214,
2023-11-28,1349.13427734375,1360.3224122481122,1285.4554406624227,1292.8484972507276,423395,
2023-11-29,1349.2822265625,1377.671493010793,1345.7334629679735,1355.4431073450771,147245,
2023-11-30,1334.3482666015625,1359.3367757223962,1328.9759062038206,1349.380816151792,142745,
2023-12-01,1404.532958984375,1414.8832388889462,1347.4093194524569,1353.4223151406,265711,
2023-12-04,1399.30859375,1436.22454366919,1386.9374968720315,1436.22454366919,124401,
2023-12-05,1419.7626953125,1452.982116187067,1400.0970917592297,1411.876767951919,166042,
2023-12-06,1419.8612060546875,1432.5279524612245,1404.877872286312,1419.7133208548278,54800,
2023-12-07,1393.443359375,1429.3243534163582,1388.12033426875,1427.352871549577,85664,
2023-12-08,1397.238525390625,1404.7794680691795,1391.0776441711705,1401.6251450167033,93222,
2023-12-11,1413.0595703125,1430.2607007658685,1393.0489820499306,1397.7805864688698,147300,
2023-12-12,1403.744384765625,1415.5239404557828,1398.963445109657,1415.5239404557828,32462,
2023-12-13,1373.7779541015625,1408.574538833566,1362.4419327221565,1396.992082206781,66504,
2023-12-14,1388.9090576171875,1409.609618447536,1347.8037063859515,1386.6911403853644,114122,
2023-12-15,1406.70166015625,1419.4176220510049,1382.008801414221,1404.6808430922003,94596,
2023-12-18,1399.25927734375,1429.2750411140285,1387.0360655081276,1426.4164886252065,75003,
2023-12-19,1396.10498046875,1412.0246008308682,1387.9726174864868,1411.8768359495025,69796,
2023-12-20,1345.97998046875,1417.5448722771416,1299.600939300536,1397.7807173867218,139731,
2023-12-21,1388.859619140625,1395.7598055708795,1322.9136479495226,1344.1562925477,84124,
2023-12-22,1393.9854736328125,1416.3617432219455,1375.108511929985,1395.6119701322173,64911,
2023-12-26,1397.48486328125,1409.6095248083357,1391.9155233106296,1400.8364064970845,28192,
2023-12-27,1413.601806640625,1436.7173829549142,1394.7248440610747,1406.455185010146,130859,
2023-12-28,1419.5654296875,1427.5499068196737,1402.0685289138569,1412.5666934439823,65921,
2023-12-29,1420.4033203125,1438.1959919222395,1404.0400452242873,1419.6640146278246,82357,
2024-01-01,1478.266357421875,1492.1159448003907,1429.4721831137906,1439.1817068647122,201822,
2024-01-02,1448.6942138671875,1498.276911544506,1435.2388258092842,1492.0668157460395,98522,
2024-01-03,1406.8494873046875,1460.6217062311798,1401.7236823085796,1458.8966595054133,122186,
2024-01-04,1409.2152099609375,1420.3047954273634,1401.7236029562262,1420.255580578668,78176,
2024-01-05,1413.7496337890625,1425.7757456741238,1402.0686275030564,1423.311393279198,67340,
2024-01-08,1405.272216796875,1424.346279333555,1396.696319014399,1414.4396553889294,38669,
2024-01-09,1429.3243408203125,1435.2387863685344,1405.2722381916026,1412.024539459882,50007,
2024-01-10,1425.824951171875,1440.1181949686911,1403.596564913271,1435.2388253906258,65306,
2024-01-11,1419.2698974609375,1434.203776900279,1394.8234732605997,1428.2893310772658,69711,
2024-01-12,1409.6588134765625,1427.9935700374615,1399.94916940773,1427.3528143904764,118542,
2024-01-15,1432.08447265625,1444.1104638822962,1412.0738836255218,1417.495458745899,74990,
2024-01-16,1414.538330078125,1449.0392649580792,1409.8067251627035,1446.082041968369,52858,
2024-01-17,1374.0736083984375,1419.9105645508532,1369.1942386173228,1409.6096193108508,88609,
2024-01-18,1357.3160400390625,1497.784134424741,1337.6505549569529,1393.8377927112244,1476066,
2024-01-19,1415.7210693359375,1438.146675395256,1360.371812622525,1360.371812622525,223925,
2024-01-23,1370.6234130859375,1452.8835649979712,1361.8504151680754,1446.6733490746042,103347,
2024-01-24,1381.5159912109375,1398.7664584575955,1363.1318977649855,1383.1917027544432,81451,
2024-01-25,1375.4044189453125,1399.7521726905109,1370.2292788702243,1394.724917826367,150505,
2024-01-29,1449.3349609375,1458.1572942717205,1378.065842414646,1382.0088061983788,114390,
2024-01-30,1506.3106689453125,1542.684532794065,1446.0819230727752,1453.8693003713502,451931,
2024-01-31,1510.992919921875,1561.3642560267133,1502.3184721685632,1510.992919921875,194067,
2024-02-01,1595.1259765625,1601.7305132056665,1512.1266356947124,1514.9853085504287,462033,
2024-02-02,1512.0772705078125,1607.9899123380824,1499.854179085451,1606.7577361600456,123054,
2024-02-05,1461.804443359375,1541.6494575613317,1451.0106284602502,1527.849084736302,138398,
2024-02-06,1497.53759765625,1591.9222932751377,1456.9251187959844,1472.696973938566,1010632,
2024-02-07,1506.951416015625,1557.470637648201,1500.2976648737736,1513.1122967025246,230403,
2024-02-08,1570.137451171875,1582.1142278034308,1501.382019776679,1534.798662112113,274954,
2024-02-09,1671.9644775390625,1744.7614200674625,1572.3060950689462,1577.1854644677626,2492897,
2024-02-12,1667.23291015625,1741.4099156845084,1642.6879367527197,1695.474412074478,578577,
2024-02-13,1628.296142578125,1660.9734787028187,1616.763021748094,1660.9734787028187,256831,
2024-02-14,1680.786865234375,1694.4393532890188,1616.6151536288305,1628.2961597888047,181819,
2024-02-15,1650.0318603515625,1691.777967038172,1642.343032529716,1689.5600498199135,110492,
2024-02-16,1693.2071533203125,1719.132188002926,1646.1873589248205,1659.987731993651,226140,
2024-02-19,1710.802734375,1719.1321971755342,1695.5729646735294,1702.6210364515146,117051,
2024-02-20,1673.83740234375,1717.9493081185983,1662.304161485243,1710.8026865126174,77637,
2024-02-21,1673.295166015625,1729.9752673681423,1660.086213982316,1682.659704499954,143632,
2024-02-22,1669.74658203125,1687.6870187892494,1631.4012358655098,1685.6169869063576,75117,
2024-02-23,1671.0279541015625,1707.4511531767585,1661.9098506207583,1680.0968427343455,91292,
2024-02-26,1717.9493408203125,1720.1179227342852,1681.1318208235266,1681.9204616993547,105215,
2024-02-27,1741.90283203125,1776.3052157133943,1721.1037217733551,1725.046685626215,431792,
2024-02-28,1686.0113525390625,1758.5125275402554,1676.7946986809957,1746.4865360279775,111504,
2024-02-29,1618.2415771484375,1701.0438129836823,1599.118179568167,1695.9178880912996,152492,
2024-03-01,1624.9940185546875,1651.1161547340623,1614.6437381817277,1634.4571079725945,131998,
2024-03-04,1621.839599609375,1657.5233731291592,1604.7862333953442,1654.073279875545,82702,
2024-03-05,1550.619873046875,1630.4155560277147,1538.4952110461038,1625.6347364136475,194414,
2024-03-06,1501.234130859375,1549.5354373832738,1451.1092276449028,1537.7558811690214,279773,
2024-03-07,1519.1746826171875,1547.8103848935646,1503.2549422772934,1510.9437697860692,113164,
2024-03-11,1467.0289306640625,1537.7558419861834,1455.8407952386292,1526.5183713826516,122517,
2024-03-12,1438.541015625,1503.2549323525438,1416.559064877602,1478.6114088713546,246208,
2024-03-13,1414.1932373046875,1482.5050109769006,1355.3937672625916,1456.2351116788093,213002,
2024-03-14,1405.7159423828125,1428.3386492546526,1381.2201832936653,1414.1932905622748,157068,
2024-03-15,1393.7391357421875,1440.118174658565,1374.960722748977,1416.5590625136274,190364,
2024-03-18,1398.5693359375,1434.795316573852,1381.6638542412609,1393.7391811200448,117451,
2024-03-19,1396.94287109375,1410.595359769109,1388.5147374789683,1399.7522088554404,54275,
2024-03-20,1404.9273681640625,1408.5745617527227,1373.5807560556,1394.8235228571468,136378,
2024-03-21,1440.611083984375,1444.061177359042,1404.680873971513,1408.623837828275,95294,
2024-03-22,1428.190673828125,1445.0468190923357,1417.6925092144595,1444.8003838682107,94290,
2024-03-26,1397.68212890625,1439.18179918672,1393.147744563795,1438.639593527747,107772,
2024-03-27,1408.3773193359375,1429.274978409602,1394.823381879511,1396.794863691355,112665,
2024-03-28,1403.3992919921875,1435.1894364882198,1396.69632597069,1427.3528443489854,100121,
2024-04-01,1458.0587158203125,1474.372655959667,1406.2579819894202,1415.770405998186,81673,
2024-04-02,1493.200439453125,1508.035768555397,1448.6942114868973,1460.868088155586,98105,
2024-04-03,1471.51416015625,1508.2822259397417,1453.8200376430198,1500.1991981615229,141293,
2024-04-04,1491.8203125,1495.3689556987372,1477.724169400096,1483.5400648164796,57051,
2024-04-05,1486.15234375,1529.8699301228137,1478.6114015362243,1491.8203541225555,150699,
2024-04-08,1501.7763671875,1520.9983160947245,1488.1238788244643,1496.354791854693,138783,
2024-04-09,1474.323486328125,1526.8141922857094,1465.7474678048363,1499.311995520865,109042,
2024-04-10,1523.1175537109375,1545.6417088848052,1485.0186444100502,1496.4532146190238,176476,
2024-04-12,1507.050048828125,1538.8895300989543,1500.2977472902962,1523.1176746740894,95136,
2024-04-15,1467.5711669921875,1492.3624554942326,1448.4477685939723,1477.2313560549978,76783,
2024-04-16,1467.32470703125,1488.4688018125337,1449.18704988362,1458.8965739619534,71692,
2024-04-18,1452.2427978515625,1482.9978661581472,1444.110435331776,1474.6684035879432,62171,
2024-04-19,1483.293701171875,1491.3767288662823,1434.3024238688067,1439.181793461331,130729,
2024-04-22,1429.915771484375,1490.3417387305776,1419.4669416741035,1484.5258431675,136210,
2024-04-23,1450.1727294921875,1458.009321409344,1425.923527746017,1438.5902740738018,64523,
2024-04-24,1450.9613037109375,1466.8810436858842,1445.0961933500269,1458.8965662742426,41604,
2024-04-25,1410.398193359375,1464.9095954633972,1403.3993363805455,1458.6994997027823,156084,
2024-04-26,1427.303466796875,1460.720106875857,1419.4668748902973,1421.5369066835726,120074,
2024-04-29,1429.57080078125,1452.9821481479487,1413.5525104777194,1452.9821481479487,89573,
2024-04-30,1421.5863037109375,1446.032606533187,1413.5524910799331,1438.1960142856503,99444,
2024-05-02,1471.4154052734375,1474.6683984017925,1418.5305018217862,1425.430688177944,133825,
2024-05-03,1537.6573486328125,1552.492677893243,1480.9772433936337,1497.7840545754268,550169,
2024-05-06,1522.3782958984375,1658.0162219776355,1508.331487834715,1647.1730718933584,1331301,
2024-05-07,1524.1033935546875,1550.0283083358468,1482.4065032474832,1537.7558816430776,324215,
2024-05-08,1512.1759033203125,1528.0955228815196,1492.3624146056611,1527.7998728039545,138472,
2024-05-09,1462.5931396484375,1516.0695863718934,1455.1507473181755,1501.283472070477,341748,
2024-05-10,1438.196044921875,1490.4403152308944,1431.0494230399809,1477.4285828329832,81381,
2024-05-13,1401.03369140625,1425.77576573346,1379.4459400570404,1415.72113562288,160975,
2024-05-14,1414.1932373046875,1446.0325968760164,1404.286492910269,1418.481186247905,119226,
2024-05-15,1427.303466796875,1432.232171223577,1404.237226343666,1428.190657659621,70452,
2024-05-16,1411.63037109375,1438.886012010877,1403.0051378086578,1427.3035558851818,105487,
2024-05-17,1453.9185791015625,1456.8758019780669,1410.6446472724786,1419.0726602726922,180551,
2024-05-21,1436.07666015625,1477.625664721189,1431.295840677229,1477.625664721189,77864,
2024-05-22,1416.4111328125,1443.1246873164198,1412.8624896145473,1441.7939611584002,114253,
2024-05-23,1420.1568603515625,1433.217927220033,1414.8339557783602,1423.3113034157295,267153,
2024-05-24,1421.6849365234375,1455.89010059288,1411.679641453361,1426.3672062051753,100276,
2024-05-27,1406.50439453125,1428.8314502271628,1399.062122852413,1427.4021740383607,69113,
2024-05-28,1404.434326171875,1419.4175394948563,1399.752056967231,1418.7275690071035,96834,
2024-05-29,1417.4461669921875,1421.3891308368943,1399.80150005089,1410.595315443892,150708,
2024-05-30,1412.4188232421875,1419.269794688911,1399.8506267783716,1413.7988845668997,50832,
2024-05-31,1390.23974609375,1424.3956946011658,1383.5367797287456,1424.3956946011658,89671,
2024-06-03,1455.2493896484375,1473.6826969906192,1435.2881357259892,1460.818729664271,248860,
2024-06-04,1355.344482421875,1444.0119538148049,1294.5243134293771,1443.9626186350092,129851,
2024-06-05,1403.2515869140625,1408.5744918159912,1340.7062510193334,1389.8947488201145,102666,
2024-06-06,1417.5941162109375,1438.1467921135456,1398.4707166346886,1414.5383431592536,113480,
2024-06-07,1455.4464111328125,1465.7473552097638,1414.7352646062263,1426.3177199606528,131518,
2024-06-10,1506.6556396484375,1528.8348100335054,1476.6398771925255,1498.326177124592,357221,
2024-06-11,1488.222412109375,1533.270725781366,1483.0966072570095,1520.2589932609262,118874,
2024-06-12,1505.5220947265625,1510.105693556542,1476.49195360174,1498.2768029920585,113735,
2024-06-13,1527.701416015625,1531.7921448110378,1506.212214560819,1518.9775120955337,136578,
2024-06-14,1551.7532958984375,1571.7638845485592,1531.15140709662,1537.7558230766713,583030,
2024-06-18,1540.7623291015625,1602.765334128866,1535.88283955254,1567.2786624837436,218557,
2024-06-19,1517.9425048828125,1557.4213575221318,1513.1123501876082,1555.499210811756,91995,
2024-06-20,1549.584716796875,1553.4783452752663,1523.0190472966462,1532.23570077654,97098,
2024-06-21,1514.5909423828125,1560.3785605533596,1505.423503581123,1553.4783740276978,99082,
2024-06-24,1503.55078125,1523.9555716256518,1486.595964012095,1517.2032699052836,64993,
2024-06-25,1509.514404296875,1525.8776802673867,1504.98001991898,1517.3017819946226,44204,
2024-06-26,1551.9998779296875,1595.9146878552422,1503.255033341102,1509.5144646598912,368391,
2024-06-27,1576.593994140625,1633.274094977998,1562.399301343239,1563.040056983862,430012,
2024-06-28,1574.277587890625,1590.9365132116116,1559.7379092885517,1590.6408631327809,95105,
2024-07-01,1583.0506591796875,1599.808255633062,1568.8560855064777,1581.9663681809989,88517,
2024-07-02,1560.7236328125,1605.722609144375,1547.662565739287,1590.0000897428404,106283,
2024-07-03,1575.115478515625,1629.2326804082684,1559.4421734397647,1574.474722836071,269254,
2024-07-04,1592.1195068359375,1594.3374239558536,1543.867415518162,1575.214025611525,186592,
2024-07-05,1570.4332275390625,1595.1753014596106,1546.6768945741517,1592.9573843094272,166764,
2024-07-08,1565.5045166015625,1585.1207856075025,1524.9412523707497,1580.9313865625277,125634,
2024-07-09,1552.5419921875,1576.051889717541,1540.7624359977056,1575.2140339781745,53280,
2024-07-10,1557.864990234375,1564.321521129696,1512.373022237358,1546.6768547419686,128409,
2024-07-11,1578.319091796875,1581.0790941639896,1552.689827979616,1557.8649677888702,68248,
2024-07-12,1583.7406005859375,1588.964955024634,1547.6625086336824,1580.832592807418,146508,
2024-07-15,1554.0205078125,1586.9442774927356,1549.58467382255,1583.7406196111049,156890,
2024-07-16,1535.833740234375,1571.073979310569,1532.8271821952928,1571.073979310569,92623,
2024-07-18,1534.55224609375,1545.8389320025117,1513.8023506644374,1532.8271994063152,62319,
2024-07-19,1481.2728271484375,1534.5521718191492,1470.9718827025054,1529.869902465598,92360,
2024-07-22,1489.996826171875,1501.9734828128646,1457.4673738379663,1476.442887699413,116178,
2024-07-23,1500.2484130859375,1534.6015819693305,1471.2183898075475,1495.2704934120516,99892,
2024-07-24,1509.21875,1522.9697883062215,1496.4533323273758,1499.3120051869018,23541,
2024-07-25,1477.2313232421875,1517.991686345065,1468.7539753697522,1506.2121304462962,142717,
2024-07-26,1517.0059814453125,1531.1021251117825,1477.2313583210007,1486.201576867979,150575,
2024-07-29,1523.9017333984375,1566.1689224121933,1511.1024826314667,1549.6986241065256,142749,
2024-07-30,1532.8314208984375,1537.8915559883471,1524.8939160933362,1527.3743863449304,100231,
2024-07-31,1517.5516357421875,1543.3485252677167,1510.1598831517474,1537.8914909450086,258149,
2024-08-01,1540.0743408203125,1542.8028581315382,1517.0556250413863,1523.0087537204238,160859,
2024-08-02,1497.757568359375,1533.32748689306,1493.4414533072052,1533.32748689306,127887,
2024-08-05,1444.6258544921875,1492.3005405132874,1431.2313153193547,1468.5375631625693,114021,
2024-08-06,1411.933349609375,1478.3602956553932,1403.896528961099,1453.0594986492104,63649,
2024-08-07,1450.4798583984375,1468.2400502336106,1419.870878665079,1434.2079487653732,106434,
2024-08-08,1414.661865234375,1460.9473439849555,1410.9411597967585,1459.508719662429,66231,
2024-08-09,1354.4359130859375,1389.0633010277568,1339.4538974196223,1389.0633010277568,453355,
2024-08-12,1285.280517578125,1349.3758460417662,1281.956711592468,1346.4489395282876,348962,
2024-08-13,1221.7803955078125,1303.7351046514498,1210.5190853036088,1303.7351046514498,370652,
2024-08-14,1247.9742431640625,1257.0526674041516,1202.5319796449849,1229.7179578636017,182618,
2024-08-16,1277.0452880859375,1281.907034032779,1231.6031454628524,1240.235133545645,164373,
2024-08-19,1287.4632568359375,1289.8445325039024,1271.0426164190878,1285.2804914583849,86392,
2024-08-20,1271.885986328125,1295.847353858146,1265.0895218702776,1295.847353858146,105507,
2024-08-21,1296.0953369140625,1303.6854788301384,1261.0710492551775,1261.0710492551775,93271,
2024-08-22,1316.583984375,1320.602394729013,1297.3851683744465,1299.7664440984274,84754,
2024-08-23,1316.633544921875,1324.57104933738,1293.2674678520502,1324.57104933738,120563,
2024-08-26,1312.317626953125,1323.2316961551269,1309.3905993607425,1316.6336210051195,47354,
2024-08-27,1312.615234375,1326.7043784506511,1306.26532725457,1319.6102091181392,76655,
2024-08-28,1322.239501953125,1335.435531075621,1314.64923872882,1319.1637430518942,102268,
2024-08-29,1298.278076171875,1332.1613226353918,1292.1760953811229,1322.2394420379758,129519,
2024-08-30,1320.4039306640625,1327.547636314137,1298.327746128943,1298.327746128943,208032,
2024-09-02,1319.4117431640625,1339.3546991361031,1312.1687218105988,1339.3546991361031,75331,
2024-09-03,1322.6859130859375,1328.142947558371,1310.035514990751,1327.2004173234527,54031,
2024-09-04,1337.66796875,1343.3730504136115,1312.9625815696445,1314.748447507356,86620,
2024-09-05,1344.1668701171875,1358.2558931269798,1331.566129303502,1341.4383527576583,90434,
2024-09-06,1324.3726806640625,1356.4202825674734,1316.6335652925252,1343.7698847095385,88340,
2024-09-09,1293.714111328125,1325.3649365167585,1286.2727004428689,1321.6442310741302,70106,
2024-09-10,1308.89453125,1339.4539740680154,1294.8551661188812,1294.8551661188812,99736,
2024-09-11,1319.759033203125,1349.375823939033,1302.9413721391518,1309.6882997055318,129123,
2024-09-12,1291.084716796875,1328.341427003959,1260.0788398324928,1325.6624465642126,108233,
2024-09-13,1302.8421630859375,1314.649225637648,1292.8210875515888,1307.703908973902,86014,
2024-09-16,1301.254638671875,1312.6151434945732,1297.1370340059198,1309.6385793191896,88342,
2024-09-17,1314.103515625,1316.5839859411155,1289.844564380076,1309.7379847620084,100821,
2024-09-18,1305.967529296875,1320.5526452799468,1298.2284140099148,1319.6101150730058,90798,
2024-09-19,1305.5706787109375,1309.6882835226272,1290.9359043306658,1306.0172360230738,52989,
2024-09-20,1298.774169921875,1311.6229568460774,1289.844477386125,1308.696050517153,58644,
2024-09-23,1290.588623046875,1303.586262449837,1285.8757297472612,1303.586262449837,105618,
2024-09-24,1280.2698974609375,1304.727358480124,1275.9539034261898,1304.727358480124,119248,
2024-09-25,1257.6480712890625,1292.2258022596432,1250.008150269159,1292.2258022596432,101335,
2024-09-26,1241.5745849609375,1276.8964579581648,1228.1305085484178,1268.8102216395237,162586,
2024-09-27,1226.592529296875,1263.0057838432708,1219.349507775273,1253.083902918726,172627,
2024-09-30,1257.7967529296875,1273.1261310988557,1226.3444399315242,1233.984239532959,152518,
2024-10-01,1279.674560546875,1287.8601121068764,1250.801911994939,1261.9143699085002,129143,
2024-10-03,1255.614013671875,1278.285487048219,1245.9401799039565,1269.7526937942173,72861,
2024-10-04,1233.041748046875,1261.864860489344,1224.360102265012,1255.6140270797189,125918,
2024-10-07,1187.5994873046875,1248.9167597869912,1168.7975714232973,1238.9452210238348,127758,
2024-10-08,1209.5269775390625,1237.2089292258786,1183.8292809778395,1190.6257453843996,96551,
2024-10-09,1233.3890380859375,1249.958652498839,1210.5687111346758,1220.5897870073218,609134,
2024-10-10,1220.9371337890625,1248.1229912562471,1213.644454247879,1241.425721477643,173136,
2024-10-11,1204.764404296875,1229.2714019989512,1202.5816389165443,1222.3757431284744,79470,
2024-10-14,1227.5350341796875,1240.1854320971513,1198.9104325270423,1222.8717986881684,93439,
2024-10-15,1247.676513671875,1253.3319372951155,1225.401939667717,1233.3889810613562,175250,
2024-10-16,1239.490966796875,1254.0760832186434,1236.266355516435,1248.6687065950507,100814,
2024-10-17,1195.685791015625,1251.099469207931,1188.740474687791,1242.2690924844774,125181,
2024-10-18,1216.3233642578125,1220.341653221804,1188.690951071936,1195.6858042092726,50319,
2024-10-21,1197.571044921875,1221.3339016333334,1192.5604465357903,1219.7960827378024,43310,
2024-10-22,1137.7420654296875,1201.5398098057797,1130.1022653747175,1199.4562389832165,194262,
2024-10-23,1127.7706298828125,1157.7346621038057,1120.4284137077875,1150.6404929541754,140026,
2024-10-24,1143.05029296875,1147.9119175268488,1091.4068564509132,1092.3990445022323,338525,
2024-10-25,1111.30029296875,1143.8936467486672,1106.7857888168974,1143.0006532649625,101383,
2024-10-28,1132.7315673828125,1134.021339241413,1097.9553260681391,1111.3003286689634,73125,
2024-10-29,1129.15966796875,1135.0631384677697,1117.7990420334677,1133.1284202011548,34507,
2024-10-30,1139.2303466796875,1152.872933278701,1129.4077812217683,1134.071016921655,77221,
2024-10-31,1158.9254150390625,1161.8026637756857,1131.6402409615057,1144.935465255014,62992,
2024-11-01,1186.011962890625,1191.568191754529,1161.8522080649636,1170.7819005266074,37539,
2024-11-04,1165.9698486328125,1193.7511149251711,1147.366322097751,1193.7511149251711,60251,
2024-11-05,1162.5467529296875,1167.755740475327,1155.8494832281508,1161.8522697036203,73359,
2024-11-06,1180.5054931640625,1183.6804467539332,1161.852307752603,1170.7820009804202,54794,
2024-11-07,1148.953857421875,1188.3933356882994,1143.0503864802536,1180.5054884817007,106613,
2024-11-08,1131.342529296875,1152.773768947956,1127.1257296919537,1150.9382451079807,49403,
2024-11-11,1130.64794921875,1136.997855892531,1116.2612223869348,1131.0943853978824,49747,
2024-11-12,1095.0284423828125,1133.9221682231305,1089.4722131365834,1127.1257038274432,65084,
2024-11-13,1076.0279541015625,1103.75956201001,1072.3569067159024,1092.2006679718097,110832,
2024-11-14,1076.82177734375,1098.451404931677,1071.414279609236,1076.0776362798294,62266,
2024-11-18,1101.7257080078125,1119.188194622552,1068.5866007167454,1083.8166640709346,64405,
2024-11-19,1105.7440185546875,1118.1960280950675,1093.9370766420873,1104.5037833859928,94274,
2024-11-21,1071.5631103515625,1110.159250308863,1069.9259758207395,1105.6944040157314,51712,
2024-11-22,1092.69677734375,1116.1123917311145,1064.1713701379108,1078.4092448155704,59048,
2024-11-25,1101.2296142578125,1124.7444241621652,1099.2452380256575,1117.1046241150534,49348,
2024-11-26,1137.84130859375,1152.92251856548,1100.336551711805,1113.0861439803457,135126,
2024-11-27,1142.30615234375,1146.8205353088624,1121.7677870039888,1135.9064667404025,88923,
2024-11-28,1202.1846923828125,1219.8952251079684,1137.1467163185391,1142.3557036563327,363154,
2024-11-29,1232.8433837890625,1238.25076053864,1179.1659101768298,1202.5319886000252,157911,
2024-12-02,1246.4859619140625,1254.37380888413,1213.594902085018,1225.3523068790987,106490,
2024-12-03,1259.0369873046875,1275.0608486590304,1232.892856209026,1249.5616640241808,123434,
2024-12-04,1277.4918212890625,1288.8523264512055,1247.1804267507048,1267.2225776837854,163587,
2024-12-05,1254.9195556640625,1284.28829916181,1245.1960638502603,1277.4918349091568,106797,
2024-12-06,1269.3062744140625,1280.9148266426057,1246.4859483003677,1252.1413719775123,74553,
2024-12-09,1271.5386962890625,1283.8913895735925,1268.90937362494,1281.8078188061274,55549,
2024-12-10,1277.343017578125,1294.6071151930892,1254.621885270407,1274.0192115795178,94676,
2024-12-11,1292.3746337890625,1314.4508185987577,1272.5308721623703,1282.8991891656335,148164,
2024-12-12,1285.6773681640625,1299.8160483662332,1277.9382526593486,1299.4686856433384,60154,
2024-12-13,1272.134033203125,1283.494538827974,1255.1179825756926,1274.3167986391793,42296,
2024-12-16,1262.311279296875,1280.8651478655986,1256.2092984080384,1274.81282482723,27284,
2024-12-17,1255.0682373046875,1266.9249572846672,1242.616349829109,1262.0632115702144,44704,
2024-12-18,1262.9066162109375,1269.0085973331063,1246.386659895651,1255.0683058899158,52159,
2024-12-19,1229.3707275390625,1252.587832446073,1225.947605885645,1243.9061864737082,40097,
2024-12-20,1254.1754150390625,1261.9640673931897,1228.2792087607315,1240.2351238008564,70245,
2024-12-23,1238.1514892578125,1257.5983507742549,1214.4381706885113,1254.572128781331,63109,
2024-12-24,1235.6214599609375,1250.3554294262256,1230.75971391441,1240.23515897567,55536,
2024-12-26,1232.9920654296875,1244.0054498936884,1225.4514603253872,1235.6213880370094,25397,
2024-12-27,1236.9608154296875,1245.592924287828,1221.8299473987945,1232.9920631592893,14852,
2024-12-30,1187.500244140625,1251.0002793792046,1180.703780217337,1236.9607942398338,59195,
2024-12-31,1227.832763671875,1234.133133831819,1182.787400078268,1189.6335221354166,82757,
2025-01-01,1226.3941650390625,1238.2507645380745,1217.414814173251,1232.198441274492,29282,
2025-01-02,1235.026123046875,1263.501872737524,1212.4538440355743,1229.9163301682277,78678,
2025-01-03,1221.7308349609375,1241.9218392708303,1210.7175708934246,1235.0261801840527,46658,
2025-01-06,1195.338623046875,1229.6683073584336,1185.4167419674238,1224.2112727647354,45175,
2025-01-07,1212.0074462890625,1215.4304468559717,1190.6257438589107,1193.602308218558,23396,
2025-01-08,1210.965576171875,1214.4382345222243,1196.578848720427,1201.1925476092338,22905,
2025-01-09,1220.9371337890625,1229.866826827201,1203.524183918007,1209.13007099307,37017,
2025-01-10,1180.1085205078125,1227.1877962150709,1158.4292352946184,1227.1877962150709,52090,
2025-01-13,1167.5076904296875,1230.164393254239,1148.7057743555026,1170.881154197671,141306,
2025-01-14,1166.8629150390625,1172.7167281944924,1148.9538705956134,1160.8601283219928,45161,
2025-01-15,1146.820556640625,1177.1319506298908,1131.1935945360203,1170.7322649075045,207385,
2025-01-16,1173.2127685546875,1174.7010507023488,1150.442100142155,1155.8991346835794,47489,
2025-01-17,1177.578369140625,1180.654127888534,1163.390152620688,1171.7740932408003,28590,
2025-01-20,1170.0875244140625,1180.7038890877448,1162.9933549747718,1175.742948377292,35663,
2025-01-21,1155.45263671875,1178.6697400877763,1149.995602469043,1175.7428338005243,46259,
2025-01-22,1140.867431640625,1152.3767890653437,1122.1647106858688,1145.0842309513366,285982,
2025-01-23,1170.4842529296875,1173.708864254154,1124.3475062873197,1141.0163148112467,105663,
2025-01-24,1160.215087890625,1174.7010093951358,1152.5752882479612,1167.8053508001356,56581,
2025-01-27,1133.0291748046875,1160.2151535068494,1122.6608574008744,1157.2385891478548,61654,
2025-01-28,1106.636962890625,1143.397580102784,1090.414711828798,1140.5202104160176,85196,
2025-01-29,1130.9952392578125,1143.943221291005,1105.8432951496136,1111.2506718471857,45813,
2025-01-30,1151.533447265625,1154.2619644520755,1127.720933638419,1135.6584381808211,42162,
2025-01-31,1158.379638671875,1159.8182630098352,1142.107729160122,1151.5335163698717,26650,
2025-02-01,1158.627685546875,1173.7088966337474,1143.0503803963989,1159.7190682634607,40322,
2025-02-03,1130.945556640625,1147.9616064040088,1115.6162992800985,1127.0759989125506,120797,
2025-02-04,1164.1343994140625,1173.7089181235483,1110.8042866002072,1131.6897743903007,67554,
2025-02-05,1151.533447265625,1191.5682115780237,1139.0319018346834,1175.7428603432925,207972,
2025-02-06,1180.6046142578125,1198.513536335348,1148.9537904529095,1158.0818722930717,237842,
2025-02-07,1165.6226806640625,1182.638610449722,1151.9304358225854,1178.7195157254362,136421,
2025-02-10,1112.3917236328125,1163.7374583199107,1106.289742533612,1163.7374583199107,62057,
2025-02-11,1052.066650390625,1119.6346372402404,1035.3979626197474,1119.6346372402404,236254,
2025-02-12,1018.28271484375,1058.7143806877336,1011.2381428647534,1045.8159351424138,140945,
2025-02-13,1018.9771728515624,1039.961975269462,1010.0970772958588,1018.282689632233,81804,
2025-02-14,985.3916015625,1025.9224598184464,974.7255798574243,1025.9224598184464,234104,
2025-02-17,981.8197021484376,998.0916108787428,964.9029075013444,985.3916155703448,106239,
2025-02-18,941.2392578125,983.0599495603236,935.286129259783,972.344330277104,105171,
2025-02-19,967.3338012695312,982.7127168364289,939.2052322686116,947.341186809222,80102,
2025-02-20,1002.0108032226562,1025.8728547579292,969.3677899617084,978.2974830115091,262511,
2025-02-21,1002.1595458984376,1018.927487911399,992.2872625108888,994.3708937885486,113389,
2025-02-24,1001.6634521484376,1007.6661778494296,983.6056171953682,1002.0603515990624,63621,
2025-02-25,997.4962768554688,1010.5931718181272,989.3107250736016,1001.8123314027392,188368,
2025-02-27,984.6970825195312,1015.9014100771464,974.824798907474,1001.9115216662092,124885,
2025-02-28,965.0021362304688,981.27404553652,941.5865209445476,981.27404553652,93031,
2025-03-03,926.9517211914062,971.1536883990578,903.1392070799866,959.8923778238744,272540,
2025-03-04,942.1817626953124,955.8740064447308,912.961872615506,922.635706253308,147265,
2025-03-05,963.6130981445312,967.482595412821,923.5286745433804,923.5286745433804,131584,
2025-03-06,985.2923583984376,998.339655842874,971.4017253113408,974.5767392714909,97649,
2025-03-07,1007.8646850585938,1016.9431700654852,982.8615322020012,985.2924052194288,103705,
2025-03-10,1002.6556396484376,1035.7946847728165,993.6267524561964,1014.41310458506,121684,
2025-03-11,1028.0556640625,1032.867751843425,978.7439062576324,995.0654116621216,118600,
2025-03-12,1016.1494750976562,1028.055732394431,1003.8463183343132,1028.055732394431,65925,
2025-03-13,988.7154541015624,1022.8962861303404,944.6622776834288,1021.7553666943412,590348,
2025-03-17,995.8096313476562,1003.1021898098747,973.9318348442864,997.000208645552,295371,
2025-03-18,995.8096313476562,995.8096313476562,995.8096313476562,995.8096313476562,0,
2025-03-19,1024.97998046875,1032.818169682513,1015.5541328195366,1016.893623109567,260026,
2025-03-20,1032.222900390625,1044.2283525817857,1024.930341833257,1025.0791942766148,101590,
2025-03-21,1034.65380859375,1045.7166091166052,1025.922504787174,1036.0924329052289,85189,
2025-03-24,1052.1163330078125,1061.14522090248,1032.5701538845062,1040.8053639333348,177636,
2025-03-25,1082.080322265625,1105.297548128287,1053.951813733638,1055.3409013029227,475977,
2025-03-26,1050.77685546875,1095.0284204934924,1042.988081992478,1082.0803173452944,133953,
2025-03-27,1069.281005859375,1100.038835202873,1034.0087935887088,1049.1396612496233,336070,
2025-03-28,1047.601806640625,1082.6756326053214,1041.8967249268703,1068.5369518364512,134879,
2025-04-01,1085.801025390625,1093.3912885955974,1043.2857894358174,1054.3982477334798,106717,
2025-04-02,1085.4041748046875,1088.132692208537,1056.9780812906824,1086.4460208055714,63676,
2025-04-03,1135.906494140625,1148.9041337077956,1076.573719889075,1090.81159455076,193690,
2025-04-04,1091.1092529296875,1135.1624307231964,1074.093323162513,1134.0710479887202,67055,
2025-04-07,1081.6339111328125,1092.3991280900116,1025.079187880196,1036.7869351115862,126352,
2025-04-08,1124.0499267578125,1139.1807953372552,1075.0358102181112,1095.8717603930816,114687,
2025-04-09,1083.02294921875,1118.295162859427,1075.5318807539004,1106.2897112920657,100686,
2025-04-11,1101.2791748046875,1104.3053970708402,1084.461634320241,1101.3288326582503,49563,
2025-04-15,1125.240478515625,1128.911647085601,1093.98655396199,1102.420152651066,74518,
2025-04-16,1103.5115966796875,1129.1100990413715,1098.4514614082057,1129.1100990413715,53378,
2025-04-17,1096.963134765625,1113.2350437641292,1094.3834699392464,1104.3053508997111,54744,
2025-04-21,1096.16943359375,1111.0522547172168,1087.6365192562623,1095.5740238554447,64518,
2025-04-22,1104.10693359375,1108.075685876809,1084.6599505133936,1102.3209466196902,40733,
2025-04-23,1093.986572265625,1114.7233277302328,1084.4615907513526,1114.7233277302328,57644,
2025-04-24,1106.7857666015625,1119.6842112145794,1093.9865165699202,1093.9865165699202,54901,
2025-04-25,1076.127197265625,1118.394386425493,1069.5787799788925,1106.7858340134087,84809,
2025-04-28,1079.9967041015625,1086.4459264962893,1062.732607621568,1073.5474817068357,44626,
2025-04-29,1089.1248779296875,1094.4827181341118,1077.9132245652338,1078.5085132286772,63704,
2025-04-30,1051.7193603515625,1082.0802912478036,1044.9724329894163,1078.5084383982532,62348,
2025-05-02,1061.6412353515625,1063.1295174571956,1037.6303324940327,1047.056119163042,44221,
2025-05-05,1063.724853515625,1075.43272171543,1051.917790727695,1063.2287594582897,37857,
2025-05-06,1041.896728515625,1077.8140114029195,1038.3248754797924,1063.82406191111,51012,
2025-05-07,1046.2623291015625,1061.0459556991227,1019.8701504286488,1021.9537211708008,117280,
2025-05-08,1050.1319580078125,1084.6600328204916,1043.2858355766905,1051.7194348181567,69264,
2025-05-09,1049.1397705078125,1059.8553298217737,1002.1100281325078,1002.1100281325078,86807,
2025-05-12,1258.8883056640625,1258.8883056640625,1258.8883056640625,1258.8883056640625,401499,
2025-05-13,1324.3726806640625,1343.323448525941,1265.7342689939155,1301.651549699803,1139851,
2025-05-14,1367.632080078125,1379.1414376364978,1283.4944820547685,1299.7663908660518,584570,
2025-05-15,1371.7000732421875,1379.141484127769,1347.7883638198616,1359.2977217662185,167914,
2025-05-16,1373.1883544921875,1386.185994606885,1352.9476926737286,1367.2352257877417,105437,
2025-05-19,1396.5047607421875,1418.2337045110037,1348.2844429605066,1370.11258131669,163889,
2025-05-20,1367.135986328125,1406.128905392418,1359.2976762345256,1390.05550686465,55412,
2025-05-21,1375.7679443359375,1384.796831488544,1354.3367063921935,1367.1359566319886,44140,
2025-05-22,1379.8359375,1389.0633352450982,1359.297692346989,1365.250820926611,60189,
2025-05-23,1391.940673828125,1416.7453756886423,1369.2195427005497,1387.078928040122,102760,
2025-05-26,1393.925048828125,1431.5290010410183,1388.468014423309,1395.0164314857466,109191,
2025-05-27,1394.818115234375,1422.5000670416553,1389.2617648383634,1392.9329335726363,105281,
2025-05-28,1366.2430419921875,1420.7141940335196,1359.3969197370757,1407.2204598174333,82649,
2025-05-29,1379.6375732421875,1398.4891474180963,1372.5930618524271,1374.8750218457988,85614,
2025-05-30,1363.663330078125,1398.9852017282044,1352.3523616705977,1388.666421407009,62229,
2025-06-02,1373.38671875,1381.1258343720451,1337.6679471714126,1357.5117091595166,69884,
2025-06-03,1359.694580078125,1391.047699436957,1350.9632764566584,1376.9586770334236,66143,
2025-06-04,1348.8797607421875,1369.6165168518944,1341.6367389572022,1368.0290400695828,42803,
2025-06-05,1356.1226806640625,1380.0343885423008,1350.566330668256,1362.373392734286,67409,
2025-06-06,1367.632080078125,1373.3866982989566,1348.38360701295,1361.976535325705,41676,
2025-06-09,1386.6820068359375,1402.7555260594534,1362.373399393928,1369.2195212233864,92747,
2025-06-10,1382.7132568359375,1407.9148577950034,1375.470356664592,1386.682009077784,77549,
2025-06-11,1372.890625,1392.1390983560052,1358.4047029688638,1382.713311409598,56644,
2025-06-12,1353.741455078125,1394.917260839246,1342.0335871620136,1369.219565068602,53894,
2025-06-13,1345.803955078125,1374.1805103464128,1310.680472323185,1319.6101651702015,67433,
2025-06-16,1348.3836669921875,1386.483715360122,1336.080509972153,1365.1516705916658,113011,
2025-06-17,1329.3336181640625,1362.1750188979129,1303.536728469592,1348.383580568681,122684,
2025-06-18,1326.456298828125,1342.0336035950652,1320.4039756245177,1334.592192824225,42995,
2025-06-19,1277.7398681640625,1334.3937837651204,1270.992940719026,1334.3937837651204,53233,
2025-06-20,1256.110107421875,1286.2726492325985,1250.8514621589704,1286.0741389468665,127822,
2025-06-23,1262.460205078125,1272.6796701814408,1244.2039192014277,1255.1179886681068,63176,
2025-06-24,1273.870361328125,1293.5156135857967,1262.8570973344238,1280.0218792729413,60469,
2025-06-25,1301.3538818359375,1306.9101109474018,1275.1600918913657,1282.1054085598737,46278,
2025-06-26,1307.0093994140625,1328.1429327378166,1294.9046322311688,1311.1765408816457,57365,
2025-06-27,1328.0438232421875,1334.0961466630558,1296.3929974040325,1309.4899535008808,89819,
2025-06-30,1331.913330078125,1343.9187818685216,1322.1898382484123,1328.5398663137323,97767,
2025-07-01,1333.1038818359375,1351.7570662114051,1314.7484023315487,1328.539840885215,67302,
2025-07-02,1348.0859375,1373.5852446138565,1325.761705010267,1333.103921252455,297068,
2025-07-03,1352.749267578125,1359.6945842155633,1331.5164182060428,1342.4304872077316,112986,
2025-07-04,1390.0555419921875,1402.8547928334451,1347.3914532658034,1352.749293282692,125410,
2025-07-07,1372.989990234375,1392.932947532879,1363.4648872410155,1387.079013310586,45679,
2025-07-08,1378.1492919921875,1387.17817961703,1364.258658379595,1367.4336119015024,50625,
2025-07-09,1378.34765625,1385.5906778065937,1361.0836802512567,1378.0500724908522,31142,
2025-07-10,1379.7366943359375,1409.0062421552232,1374.3788545795744,1387.5750042464774,133105,
2025-07-11,1356.718017578125,1397.9930178710613,1354.336741940382,1389.0633250670587,69360,
2025-07-14,1359.2977294921875,1390.452460800242,1354.4359834626318,1379.141491966526,67984,
2025-07-15,1374.1805419921875,1379.1414825769969,1356.1227667101668,1368.128218702063,39835,
2025-07-16,1392.1390380859375,1398.98515990028,1362.075812638955,1362.075812638955,73897,
2025-07-17,1408.11328125,1424.5837003481065,1384.102378048812,1394.02425889504,78800,
2025-07-18,1405.13671875,1438.6727244987935,1399.481295107275,1417.340680652777,106437,
2025-07-21,1378.7445068359375,1412.2805117807518,1372.3944790153168,1404.0453024188473,110969,
2025-07-22,1454.15087890625,1480.344669397757,1383.1102340083598,1383.1102340083598,1046043,
2025-07-23,1449.5867919921875,1467.346982934667,1423.789901785619,1461.4930490106035,134818,
2025-07-24,1438.87109375,1456.9289893327125,1435.1008517459472,1448.792974471257,51213,
2025-07-25,1412.280517578125,1437.779702431441,1408.410959896807,1428.7508152528371,52581,
2025-07-28,1432.124267578125,1446.0149003943693,1402.4578204115192,1412.8757950237025,133677,
2025-07-29,1501.0814208984375,1516.063437186559,1415.6540485630348,1431.4297426718022,207696,
2025-07-30,1373.8828125,1523.3064371311973,1355.3289434918545,1511.995468577103,1260199,
2025-07-31,1340.9422607421875,1413.7688938730234,1334.4930378825322,1344.4149192050788,670677,
2025-08-01,1308.3984375,1355.3289844567933,1299.7664492228398,1354.3367963276155,175268,
2025-08-04,1288.5546875,1309.6883433045557,1281.2125921657564,1309.6883433045557,78283,
2025-08-05,1287.364013671875,1296.293706252258,1272.8780921537063,1282.0061739003038,54345,
2025-08-06,1254.9195556640625,1293.3171866365055,1235.2741828634057,1284.883587797679,136444,
2025-08-07,1241.624267578125,1260.5750369044672,1220.3914170739822,1237.2586155213462,82232,
2025-08-08,1239.4412841796875,1257.896079109277,1228.7257257319047,1241.624170595932,56467,
2025-08-11,1279.5257568359375,1283.7922141369609,1227.9319753416116,1239.4413331439266,64357,
2025-08-12,1279.5257568359375,1323.4797383633654,1262.2616595741092,1294.8054778864455,111315,
2025-08-13,1286.5703125,1294.805522507462,1264.6429788326038,1279.6249955210328,37511,
2025-08-14,1261.6663818359375,1297.186764772181,1257.6976293790035,1286.570279279855,31556,
2025-08-18,1277.938232421875,1302.3460346873364,1272.4811980442971,1286.1734418383571,218528,
2025-08-19,1282.5023193359375,1289.5468306528016,1276.946090175455,1279.8234599011353,58745,
2025-08-20,1261.567138671875,1319.6101411196175,1259.0866684818004,1281.9069942304857,70707,
2025-08-21,1299.171142578125,1308.696124262989,1261.0710947219554,1261.0710947219554,127155,
2025-08-22,1285.6773681640625,1310.6804594433224,1281.1132060826258,1297.7820143466054,59394,
2025-08-25,1272.878173828125,1307.8031474923505,1270.596092686692,1291.729748262992,48888,
2025-08-26,1246.7835693359375,1273.8703535013628,1241.5250449616683,1272.183561024673,58843,
2025-08-28,1241.0289306640625,1262.9562635697607,1234.6789025662467,1252.9351879287,45133,
2025-08-29,1241.8226318359375,1250.6531303633133,1230.313273820316,1241.2273431848512,28228,
2025-09-01,1264.940673828125,1271.4890912765927,1240.2351651156775,1240.2351651156775,56297,
2025-09-02,1287.860107421875,1298.5757869626689,1255.8123844992858,1273.4733804899663,43256,
2025-09-03,1292.02734375,1302.743024077906,1281.9070731977567,1281.9070731977567,45654,
2025-09-04,1283.296142578125,1325.265627513174,1279.922678736407,1311.6726986740543,81565,
2025-09-05,1270.0999755859375,1289.447643733958,1263.8492631619893,1288.8523550912075,46832,
2025-09-08,1296.0999755859375,1320.0,1285.0999755859375,1288.0,99798,
2025-09-09,1281.0,1302.0,1278.0,1298.0,54190,
2025-09-10,1291.4000244140625,1304.0,1281.199951171875,1289.0,79356,
2025-09-11,1273.699951171875,1298.199951171875,1271.4000244140625,1291.0999755859375,72963,
2025-09-12,1270.199951171875,1281.9000244140625,1265.0,1281.699951171875,93966,
2025-09-15,1276.0999755859375,1284.4000244140625,1265.5,1273.5,37444,
2025-09-16,1290.699951171875,1293.9000244140625,1271.0,1277.9000244140625,98166,
2025-09-17,1291.800048828125,1319.0,1286.300048828125,1290.800048828125,98682,
2025-09-18,1284.4000244140625,1303.4000244140625,1280.0,1299.5,63929,
2025-09-19,1298.9000244140625,1307.699951171875,1281.199951171875,1283.9000244140625,58811,
2025-09-22,1301.9000244140625,1321.0999755859375,1287.0,1295.0999755859375,121695,
2025-09-23,1299.199951171875,1320.0,1295.0,1319.800048828125,89153,
2025-09-24,1282.9000244140625,1304.4000244140625,1275.5999755859375,1304.4000244140625,59511,
2025-09-25,1272.199951171875,1298.4000244140625,1267.0,1292.0,46446,
2025-09-26,1237.300048828125,1274.300048828125,1231.199951171875,1271.0,47659,
2025-09-29,1219.199951171875,1249.800048828125,1215.0,1237.4000244140625,68802,
2025-09-30,1219.4000244140625,1229.0,1215.0999755859375,1223.0,49146,
2025-10-01,1213.300048828125,1231.0,1210.800048828125,1220.0,43764,
2025-10-03,1207.0999755859375,1226.0,1198.0,1213.300048828125,115654,
2025-10-06,1192.4000244140625,1346.0999755859375,1171.9000244140625,1218.300048828125,1087518,
2025-10-07,1201.300048828125,1209.5,1176.0,1202.300048828125,147619,
2025-10-08,1200.0,1215.4000244140625,1191.199951171875,1201.300048828125,73651,
2025-10-09,1185.4000244140625,1207.5,1182.5999755859375,1204.0,49210,
2025-10-10,1187.199951171875,1195.9000244140625,1182.0,1195.0,48475,
2025-10-13,1177.800048828125,1191.0,1168.4000244140625,1187.0,36218,
2025-10-14,1169.9000244140625,1189.4000244140625,1165.199951171875,1189.4000244140625,48400,
2025-10-15,1185.0999755859375,1198.0999755859375,1160.0999755859375,1164.0,70026,
2025-10-16,1185.699951171875,1197.800048828125,1182.199951171875,1182.699951171875,30919,
2025-10-17,1185.0999755859375,1197.800048828125,1179.699951171875,1185.800048828125,41556,
2025-10-20,1179.699951171875,1188.0,1174.800048828125,1188.0,35412,
2025-10-21,1188.5,1195.0,1182.0999755859375,1185.0,9744,
2025-10-23,1177.300048828125,1202.199951171875,1174.0,1188.800048828125,73074,
2025-10-24,1168.800048828125,1183.5999755859375,1164.9000244140625,1173.0,55303,
2025-10-27,1175.300048828125,1193.199951171875,1160.0,1177.800048828125,115283,
2025-10-28,1169.699951171875,1182.9000244140625,1165.0999755859375,1176.199951171875,36980,
2025-10-29,1179.5999755859375,1183.4000244140625,1160.0,1174.0,52616,
2025-10-30,1195.0,1199.0,1169.9000244140625,1184.0,47772,
2025-10-31,1178.800048828125,1201.0,1170.199951171875,1195.0,82231,
2025-11-03,1185.5,1188.199951171875,1166.0,1177.0999755859375,62181,
2025-11-04,1198.9000244140625,1229.0,1187.199951171875,1193.800048828125,188513,
2025-11-06,1190.0,1209.300048828125,1176.0,1206.0,49907,
2025-11-07,1217.0999755859375,1244.300048828125,1153.0,1179.199951171875,265716,
2025-11-10,1189.5,1202.800048828125,1170.0,1202.800048828125,111731,
2025-11-11,1170.9000244140625,1188.0,1167.9000244140625,1185.0,43574,
2025-11-12,1178.5,1186.9000244140625,1171.5,1177.0,49961,
2025-11-13,1186.9000244140625,1197.5999755859375,1178.5,1192.0,53862,
2025-11-14,1176.5999755859375,1193.0999755859375,1175.0999755859375,1185.0,20430,
2025-11-17,1179.300048828125,1190.300048828125,1173.0999755859375,1177.0999755859375,35627,
2025-11-18,1178.4000244140625,1188.5,1170.0,1188.5,34414,
2025-11-19,1169.4000244140625,1179.9000244140625,1167.0,1173.4000244140625,31295,
2025-11-20,1166.9000244140625,1180.0,1166.0,1171.0999755859375,27124,
2025-11-21,1142.9000244140625,1166.300048828125,1140.0999755859375,1163.0,41774,
2025-11-24,1132.5,1151.4000244140625,1122.0,1144.9000244140625,40772,
2025-11-25,1125.800048828125,1135.0,1116.0,1125.199951171875,43701,
2025-11-26,1131.5999755859375,1134.0,1123.5,1125.0,26526,
2025-11-27,1121.800048828125,1138.9000244140625,1118.0999755859375,1136.0,27552,
2025-11-28,1120.0999755859375,1129.199951171875,1117.5999755859375,1125.0,17884,
2025-12-01,1110.9000244140625,1134.0,1110.0,1129.800048828125,25129,
2025-12-02,1117.199951171875,1122.199951171875,1101.5999755859375,1109.800048828125,35984,
2025-12-03,1094.0,1123.0,1091.0,1117.5999755859375,28568,
2025-12-04,1082.300048828125,1104.0,1051.300048828125,1094.0,68789,
2025-12-05,1084.5,1104.9000244140625,1080.4000244140625,1082.300048828125,70367,
2025-12-08,1057.300048828125,1095.0,1054.300048828125,1091.5,51826,
2025-12-09,1044.5,1066.800048828125,1041.5999755859375,1062.0,143490,
2025-12-10,1019.5999755859376,1064.5999755859375,1016.5999755859376,1042.0,50186,
2025-12-11,1022.0,1032.0,1010.0,1021.9000244140624,145516,
2025-12-12,1070.4000244140625,1075.0,1028.9000244140625,1029.5,113201,
2025-12-15,1090.699951171875,1094.5,1055.0,1070.0,52094,
2025-12-16,1076.5,1090.0,1068.199951171875,1087.300048828125,70065,
2025-12-17,1069.9000244140625,1078.0,1057.0,1071.199951171875,81420,
2025-12-18,1039.4000244140625,1075.0999755859375,1035.0,1066.699951171875,47778,
2025-12-19,1059.4000244140625,1066.0,1035.300048828125,1039.4000244140625,42833,
2025-12-22,1080.800048828125,1085.0,1061.5,1074.9000244140625,60174,
2025-12-23,1088.0999755859375,1097.0,1076.4000244140625,1086.5,33598,
2025-12-24,1078.800048828125,1102.0,1070.199951171875,1088.0999755859375,37926,
2025-12-26,1076.300048828125,1085.0,1056.0,1078.800048828125,65830,
2025-12-29,1060.800048828125,1075.0,1058.699951171875,1066.0,27762,
2025-12-30,1057.0,1063.0,1052.300048828125,1060.0,29306,
2025-12-31,1063.5,1075.0,1054.699951171875,1062.5999755859375,29602,
2026-01-01,1110.0999755859375,1114.5999755859375,1060.0,1060.0,131892,
2026-01-02,1109.300048828125,1119.0,1093.300048828125,1110.0,114350,
2026-01-05,1082.199951171875,1115.0999755859375,1068.9000244140625,1107.199951171875,96232,
2026-01-06,1078.300048828125,1095.0,1067.0999755859375,1081.9000244140625,50679,
2026-01-07,1094.800048828125,1102.0999755859375,1065.0,1078.5,76772,
2026-01-08,1057.300048828125,1095.699951171875,1052.0,1094.800048828125,50914,
2026-01-09,1056.5,1067.800048828125,1034.0,1057.300048828125,45944,
2026-01-12,1051.4000244140625,1072.199951171875,1020.0,1065.0,64539,
2026-01-13,1054.0999755859375,1065.5,1035.5999755859375,1047.0,61810,
2026-01-14,1080.800048828125,1084.0,1040.9000244140625,1054.0999755859375,83463,
2026-01-16,1093.699951171875,1100.699951171875,1071.9000244140625,1080.0,58304,
2026-01-19,1091.800048828125,1102.0,1075.0,1092.4000244140625,32488,
2026-01-20,1081.0999755859375,1091.800048828125,1066.699951171875,1091.800048828125,88218,
2026-01-21,1050.5999755859375,1081.0999755859375,1040.0999755859375,1076.0,56289,
2026-01-22,1050.4000244140625,1070.0,1038.0,1060.300048828125,40916,
2026-01-23,1029.0,1059.4000244140625,1001.2000122070312,1048.9000244140625,116519,
2026-01-27,1013.9000244140624,1038.0,1007.5,1038.0,38924,
2026-01-28,1039.5,1043.9000244140625,1019.2000122070312,1019.2000122070312,31422,
2026-01-29,1043.199951171875,1048.4000244140625,1017.9000244140624,1038.9000244140625,55433,
2026-01-30,1055.800048828125,1068.0,1025.0,1039.0,33507,
2026-02-02,1050.4000244140625,1061.0,1012.2000122070312,1030.5999755859375,58464,
2026-02-03,1046.0,1091.9000244140625,1041.0999755859375,1065.0,57226,
2026-02-04,1098.300048828125,1105.0,1040.9000244140625,1046.0,142610,
2026-02-05,1080.5999755859375,1098.300048828125,1066.5999755859375,1093.9000244140625,64864,
2026-02-06,1078.199951171875,1088.5,1066.5,1075.0,37328,
2026-02-09,1095.5,1099.0,1076.0999755859375,1079.9000244140625,43701,
2026-02-10,1100.9000244140625,1116.0,1090.0999755859375,1100.0,174708,
2026-02-11,1098.4000244140625,1110.9000244140625,1083.5999755859375,1100.9000244140625,279043,
2026-02-12,1075.0,1098.4000244140625,1072.0999755859375,1098.4000244140625,36453,
2026-02-13,1052.5999755859375,1074.9000244140625,1040.699951171875,1074.9000244140625,26895,
2026-02-16,1059.199951171875,1064.300048828125,1033.0999755859375,1045.5,37867,
2026-02-17,1048.0,1066.0,1045.199951171875,1055.0,21356,
2026-02-18,1048.0999755859375,1062.9000244140625,1040.4000244140625,1048.0,36564,
2026-02-19,1029.300048828125,1057.9000244140625,1022.0,1053.5999755859375,54824,
2026-02-20,1011.7999877929688,1034.9000244140625,1010.0,1025.0,36701,
2026-02-23,1024.5999755859375,1033.9000244140625,1001.4000244140624,1014.7999877929688,57345,
2026-02-24,998.7000122070312,1025.9000244140625,990.0999755859376,1024.0,54838,
2026-02-25,999.9000244140624,1010.9000244140624,993.0,1003.0,23894,
2026-02-26,988.9000244140624,1004.9000244140624,982.0999755859376,1004.9000244140624,52310,
2026-02-27,1000.5999755859376,1018.2999877929688,973.7999877929688,988.9000244140624,82278,
2026-03-02,936.2999877929688,980.0,926.5999755859376,961.0,420941,
2026-03-04,884.2999877929688,925.0,872.5999755859375,925.0,279386,
2026-03-05,881.0999755859375,899.9000244140625,863.5,890.0,145824,
2026-03-06,864.4000244140625,895.5999755859375,861.0999755859375,880.0,104618,
2026-03-09,823.5999755859375,854.0,818.7000122070312,854.0,109312,
2026-03-10,829.2000122070312,849.9000244140625,819.0,834.0,143992,
2026-03-11,843.5999755859375,856.0,828.0,829.9000244140625,252877,
2026-03-12,820.0999755859375,840.0,818.0,840.0,93531,
2026-03-13,782.4000244140625,819.0,780.0,818.2999877929688,143324,
2026-03-16,786.7999877929688,799.4000244140625,769.5999755859375,782.4000244140625,129630,
2026-03-17,826.4000244140625,833.5999755859375,776.2000122070312,790.0,327517,
2026-03-18,853.0999755859375,857.7999877929688,824.0,826.0,177269,
2026-03-19,814.7000122070312,839.7000122070312,811.0,822.0999755859375,93843,
2026-03-20,815.0999755859375,829.2000122070312,812.2000122070312,819.0,83465,
2026-03-23,804.7999877929688,814.2999877929688,789.5999755859375,812.0,129553,
2026-03-24,825.5999755859375,837.9000244140625,805.4000244140625,820.0,145544,
2026-03-25,901.2000122070312,927.5999755859376,826.9000244140625,826.9000244140625,565046,
2026-03-27,871.7000122070312,903.0,858.2000122070312,890.5,242661,
2026-03-30,834.5,862.5999755859375,827.5999755859375,861.0,146579,
2026-04-01,892.2000122070312,912.4000244140624,851.0999755859375,870.0,177617,
2026-04-02,889.7999877929688,910.0,852.5999755859375,870.0,137313,
2026-04-06,894.0,904.0,866.3499755859375,884.4500122070312,75488,
2026-04-07,874.0,907.7000122070312,870.0,886.5,51322,
2026-04-08,930.4500122070312,943.0,892.0,892.0,129055,
2026-04-09,931.2000122070312,940.0,912.2000122070312,913.5499877929688,66488,
2026-04-10,945.4000244140624,951.0,927.1500244140624,942.0,117190,
2026-04-13,937.3499755859376,941.0999755859376,906.0499877929688,915.7000122070312,55869,
2026-04-15,964.9000244140624,966.7999877929688,942.9000244140624,948.3499755859376,67062,
2026-04-16,970.4500122070312,981.9500122070312,955.1500244140624,975.0,60630,
2026-04-17,976.1500244140624,988.9500122070312,965.7000122070312,970.0,40413,
2026-04-20,959.8499755859376,988.0,953.0499877929688,976.0,37828,
2026-04-21,956.9000244140624,972.0,942.7999877929688,969.0,103778,
2026-04-22,948.3499755859376,956.9000244140624,937.0999755859376,955.0,47161,
2026-04-23,942.25,947.4500122070312,924.7999877929688,941.1500244140624,70264,
2026-04-24,907.9000244140624,960.0,900.0,951.5999755859376,69069,
2026-04-27,942.0999755859376,945.9000244140624,910.5,911.0999755859376,94280,
2026-04-28,921.5999755859376,946.5499877929688,917.7999877929688,942.0999755859376,43391,
2026-04-29,919.5,938.9500122070312,917.5,930.0,35042,
2026-04-30,909.5,933.5499877929688,904.6500244140624,917.5499877929688,83316,
2026-05-01,909.5,909.5,909.5,909.5,0,
2026-05-04,959.8499755859376,968.0,918.6500244140624,926.9500122070312,111529,
2026-05-05,952.25,963.0,939.5,963.0,41581,
2026-05-06,976.0,977.9500122070312,953.0,953.0,41523,
2026-05-07,986.0499877929688,995.9500122070312,975.0,989.9500122070312,62181,
2026-05-08,995.0,1009.0,981.0499877929688,986.0,93965,
2026-05-11,1062.6500244140625,1103.449951171875,996.0,1045.0,1401357,
2026-05-12,1053.550048828125,1077.4000244140625,1025.699951171875,1062.6500244140625,247383,
2026-05-13,1030.25,1065.0,1015.4000244140624,1056.5,150149,
2026-05-14,1020.0999755859376,1066.4000244140625,1013.75,1040.0999755859375,73025,
2026-05-15,1018.6500244140624,1037.3499755859375,1013.4000244140624,1029.0,50719,
2026-05-18,1011.4000244140624,1018.5499877929688,985.75,1018.5499877929688,69994,
2026-05-19,992.4000244140624,1012.75,990.0,1011.4000244140624,52148,
2026-05-20,981.2999877929688,994.7999877929688,972.5499877929688,990.0,42016,
2026-05-21,1014.4500122070312,1034.8499755859375,992.5999755859376,993.9000244140624,110512,
2026-05-22,1006.0999755859376,1019.75,999.1500244140624,1014.4500122070312,40513,
2026-05-25,1007.0499877929688,1025.1500244140625,993.5,1010.9500122070312,79130,
2026-05-26,1001.7000122070312,1021.0,995.0,1015.0,24914,
2026-05-27,1006.4500122070312,1021.7999877929688,1003.7999877929688,1005.0,27723,
2026-05-28,1006.4500122070312,1006.4500122070312,1006.4500122070312,1006.4500122070312,0,
2026-05-29,997.2999877929688,1012.75,991.0,1006.4000244140624,32585,
2026-06-01,982.0,1004.0,975.3499755859376,999.9000244140624,32662,
2026-06-02,967.4000244140624,989.0999755859376,961.0999755859376,982.0,46999,
2026-06-03,974.0,978.7000122070312,950.0,968.0,47508,
2026-06-04,968.5499877929688,978.25,962.2000122070312,969.0499877929688,30497,
2026-06-05,964.0499877929688,978.9000244140624,961.0499877929688,972.9000244140624,19188,
2026-06-08,957.75,968.7999877929688,952.8499755859376,964.0,22774,
2026-06-09,954.5999755859376,970.9000244140624,950.0,955.0,37722,
2026-06-10,932.3499755859376,960.0,925.25,960.0,50790,
2026-06-11,928.2999877929688,931.2999877929688,904.0499877929688,927.4000244140624,153911,
2026-06-12,951.0999755859376,958.9500122070312,932.1500244140624,933.2000122070312,29812,
2026-06-15,981.3499755859376,999.0,960.9000244140624,960.9000244140624,88970,
2026-06-16,999.2999877929688,1000.0,973.0,976.1500244140624,75408,
2026-06-17,984.8499755859376,1000.0,980.0,1000.0,47366,
2026-06-18,1049.699951171875,1054.0999755859375,984.7999877929688,994.75,247083,
2026-06-19,1018.2999877929688,1046.0,1009.2000122070312,1046.0,77031,
2026-06-22,1006.75,1036.0,1001.0,1013.0,116905,
2026-06-23,1012.2000122070312,1047.0,1007.0499877929688,1020.0,133737,
2026-06-24,995.5499877929688,1017.5,987.5499877929688,1016.0,122719,
2026-06-25,1003.9000244140624,1015.9000244140624,995.5,1007.0,71756,
2026-06-26,1003.9000244140624,1003.9000244140624,1003.9000244140624,1003.9000244140624,0,
2026-06-29,987.6500244140624,1004.4000244140624,984.0,991.0,40403,
2026-06-30,982.5,994.6500244140624,975.8499755859376,989.9500122070312,16341,
2026-07-01,987.7999877929688,1002.4000244140624,976.0499877929688,988.0,41078,
2026-07-02,981.2999877929688,991.5499877929688,978.5,990.0,37410,
2026-07-03,981.5499877929688,1004.2999877929688,978.1500244140624,983.0,55428,
2026-07-06,976.0999755859376,986.7999877929688,975.0,983.0,19093,
2026-07-07,968.0499877929688,983.9500122070312,956.0,983.9500122070312,55832,
2026-07-08,936.4000244140624,968.0499877929688,933.4000244140624,965.0,45018,
2026-07-09,940.7000122070312,953.4500122070312,932.2999877929688,932.7000122070312,118278,
2026-07-10,965.2999877929688,981.3499755859376,945.0,945.0,157620,
2026-07-13,981.9500122070312,994.9500122070312,951.3499755859376,965.0,58625,981.9500122070312
2026-07-14,967.0499877929688,991.25,958.0,980.0,126466,967.0499877929688
2026-07-15,1018.9000244140624,1051.949951171875,967.0499877929688,967.0499877929688,706116,1018.9000244140624
2026-07-16,1028.050048828125,1034.0,1010.5,1023.9500122070312,69057,1028.050048828125
2026-07-17,1015.1500244140624,1027.300048828125,1003.0999755859376,1027.0,65814,1015.1500244140624
2026-07-20,1017.0,1022.5,1003.0,1006.7999877929688,43981,1017.0
2026-07-21,1009.2999877929688,1028.5,1002.0,1026.0,85351,1009.2999877929688
2026-07-23,982.6500244140624,995.0,979.5,995.0,16513,982.6500244140624
2026-07-24,956.5999755859376,979.0,939.0,966.0,199139,956.5999755859376
2026-07-27,910.2000122070312,955.0,900.0,955.0,462709,910.2000122070312
2026-07-28,883.5999755859375,912.0,881.2000122070312,910.0,244919,883.5999755859375
2026-07-29,889.1500244140625,904.7999877929688,872.0499877929688,880.9000244140625,137754,889.1500244140625
2026-07-30,885.0,892.75,878.0499877929688,891.7999877929688,66229,885.0
2026-07-31,890.5,908.2000122070312,882.2000122070312,894.0,92599,890.5
2026-08-03,906.0999755859376,909.2000122070312,884.0,903.0,129029,906.0999755859376
2026-08-04,902.2999877929688,909.1500244140624,889.0,906.0999755859376,70050,902.2999877929688
2026-08-05,903.0,914.5999755859376,900.9500122070312,902.4500122070312,38991,903.0
2026-08-06,909.0999755859375,913.0,894.0,903.0,67934,909.0999755859375
2026-08-07,914.3499755859375,917.4500122070312,899.0,910.0,51553,914.3499755859375
2026-08-10,897.5,918.0,894.8499755859375,918.0,41469,897.5
2026-08-11,898.2000122070312,904.7999877929688,887.7000122070312,898.0499877929688,72102,898.2000122070312
2026-08-12,904.4000244140625,906.9500122070312,890.0,901.0,37433,904.4000244140625
2026-08-13,902.0499877929688,906.4000244140625,897.5,901.0,22378,902.0499877929688
2026-08-14,,908.7000122070312,896.6500244140625,898.5,25156,
