Date,Close,High,Low,Open,Volume,Adj Close
2007-12-20,89.54641723632812,99.94641654754416,86.84405993324276,99.7416922254457,21702,
2007-12-24,90.48814392089844,93.14955991857192,89.25979807581837,89.3416865492857,1904,
2007-12-26,87.0897216796875,90.07869790516982,86.92594472802692,90.07869790516982,107,
2007-12-27,89.21885681152344,90.0787014609083,89.17791569583731,89.17791569583731,995,
2007-12-28,88.19522857666016,94.17318081438866,81.88972244729449,84.7558627329498,328,
2007-12-31,91.26610565185548,96.95744588902068,88.35902385595847,88.35902385595847,4092,
2008-01-01,95.81096649169922,95.81096649169922,90.28341073256271,94.1731721926958,200,
2008-01-02,93.35428619384766,100.72436141967772,90.28342151641846,100.72436141967772,698,
2008-01-03,97.325927734375,97.44876355982868,90.20152483033732,93.35427769597032,1601,
2008-01-04,88.97319030761719,96.62987859045867,87.62200855236506,94.99208403807802,540,
2008-01-07,93.7637176513672,96.13852048334137,85.61569403139386,85.65663513765003,754,
2008-01-08,88.97319030761719,101.37948529143873,84.4283079256847,88.85035446665056,849,
2008-01-09,84.91963195800781,90.07868650221018,83.77318094613123,87.78577198307813,83,
2008-01-10,82.79051971435547,89.99681879584787,82.17634671017228,83.60941705326638,338,
2008-01-11,80.37476348876953,90.77475569614528,69.68815225589861,69.77004072845867,252,
2008-01-14,78.9007568359375,80.17005020198309,76.15745201815503,76.15745201815503,712,
2008-01-15,79.02359008789062,94.17319026018052,75.33855220814442,92.4535071658371,2421,
2008-01-16,73.70075988769531,91.18421667818264,65.59367505051067,65.59367505051067,1302,
2008-01-17,82.74956512451172,87.17160503657608,70.46610704057765,70.67083134197655,1240,
2008-01-18,80.98894500732422,83.52752541247908,76.52595093029797,82.70862810451361,301,
2008-01-21,74.51964569091797,81.07082333407558,74.51964569091797,81.07082333407558,120,
2008-01-22,67.55900573730469,75.66608767531898,67.55900573730469,73.70073353160512,515,
2008-01-23,60.598388671875,67.55901439769848,60.59838867187499,67.55901439769848,102,
2008-01-24,59.451927185058594,60.59838435482276,59.451927185058594,60.59838435482276,23,
2008-01-25,69.5653076171875,69.5653076171875,53.22831262574581,53.22831262574581,620,
2008-01-28,64.20156860351562,70.42518867910758,62.23621325130437,62.23621325130437,265,
2008-01-29,64.6928939819336,70.42517572716821,63.13698768726022,63.13698768726022,1063,
2008-01-30,63.955867767333984,63.955867767333984,63.955867767333984,63.955867767333984,0,
2008-01-31,66.8219985961914,72.79994961087748,59.00153545109493,63.95585889692607,582,
2008-02-01,67.14958953857422,71.20312933481395,59.8204600087455,61.45825487553999,453,
2008-02-04,66.37162780761719,67.35430205586053,65.59367163404158,65.75745484054247,280,
2008-02-05,74.23302459716797,79.3511315571535,57.40468641365988,77.79522579178007,398,
2008-02-06,67.2314682006836,75.33855285530328,67.19052708361578,67.19052708361578,245,
2008-02-07,66.9448471069336,77.30389809228454,57.32280486220613,57.32280486220613,584,
2008-02-08,64.2834243774414,64.2834243774414,62.72751858883172,63.87397581452777,1194,
2008-02-11,70.26139068603516,75.2566629556165,57.32281087514132,57.32281087514132,508,
2008-02-12,63.05507659912109,63.05507659912109,63.05507659912109,63.05507659912109,69,
2008-02-13,63.05507659912109,72.3086163133924,58.592089910336846,58.592089910336846,260,
2008-02-14,68.25508880615234,75.5842234005787,64.07871381952944,69.97477188915111,902,
2008-02-15,63.05507659912109,72.79995332306854,59.98421247903403,59.98421247903403,4231,
2008-02-18,70.42517852783203,73.53699124092913,63.055101705151934,63.055101705151934,277,
2008-02-19,70.05667877197266,77.83620448316508,66.86297749362902,77.83620448316508,6296,
2008-02-20,66.12594604492188,76.15743631179856,65.96216911106909,66.33067033608262,2181,
2008-02-21,67.96846771240234,67.96846771240234,67.96846771240234,67.96846771240234,100,
2008-02-22,67.96846771240234,67.96846771240234,67.96846771240234,67.96846771240234,0,
2008-02-25,64.03775024414062,69.1558570810345,61.41728204272656,61.41728204272656,433,
2008-02-26,64.24248504638672,65.3889424152829,62.23618933658595,63.096033925180585,495,
2008-02-27,64.07870483398438,67.96846646927416,59.861383074605925,59.90233043300065,10805,
2008-02-28,69.0330581665039,69.27872365513947,69.0330581665039,69.27872365513947,10,
2008-02-29,67.14958953857422,67.14958953857422,61.99053320909492,61.99053320909492,32,
2008-03-03,65.30705261230469,66.00311399249033,59.90233226634159,65.47082955551663,350,
2008-03-04,64.44721221923828,64.44721221923828,56.50391125239764,56.50391125239764,39,
2008-03-05,55.357460021972656,63.05509641873278,54.04722550177096,54.04722550177096,647,
2008-03-07,53.22831726074219,57.3228032038762,52.49130854144011,57.3228032038762,341,
2008-03-10,57.24092483520508,57.24092483520508,53.22832665333833,57.24092483520508,46,
2008-03-11,54.1700553894043,61.744855099060565,54.08816691235148,54.08816691235148,402,
2008-03-12,55.68501663208008,61.17162606587055,54.53855915776384,54.53855915776384,6040,
2008-03-13,53.35115432739258,63.71020525359764,53.31020696793454,62.80941332703991,1036,
2008-03-14,51.99997329711914,51.99997329711914,51.91808482492939,51.99997329711914,130,
2008-03-17,60.4755744934082,60.4755744934082,52.409435985762734,52.409435985762734,176,
2008-03-18,54.456668853759766,57.32280931974712,49.21572503784481,57.32280931974712,708,
2008-03-19,57.07712936401367,57.07712936401367,44.2613907267373,44.2613907267373,4050,
2008-03-24,45.85824966430664,55.68501744951521,45.69446957645077,55.68501744951521,3750,
2008-03-25,48.0283317565918,49.66612648829013,37.75116731610834,48.31494458510079,1939,
2008-03-26,46.349586486816406,46.67714666028637,46.26769800537158,46.26769800537158,200,
2008-03-27,46.84092712402344,47.49604435239079,43.44250201134009,46.26769837775999,11044,
2008-03-28,50.11650848388672,50.362177015289895,42.58265373650528,42.58265373650528,109,
2008-03-31,50.60785675048828,50.77163684896373,49.13384211190039,49.13384211190039,338,
2008-04-01,49.13383483886719,49.13383483886719,49.13383483886719,49.13383483886719,0,
2008-04-02,52.20470428466797,53.22832593730852,49.133839326746326,49.133839326746326,416,
2008-04-03,57.32281494140625,57.32281494140626,49.133841378348215,54.2110024883678,263,
2008-04-04,53.43303298950195,55.64405254516447,45.98107101751529,52.40941166786399,353,
2008-04-07,55.603126525878906,55.603126525878906,55.603126525878906,55.603126525878906,1,
2008-04-08,58.51020431518555,61.417291967384415,52.98264803812095,56.70863291655161,520,
2008-04-09,66.69917297363281,70.09759752841005,56.50390555699078,60.59839146691765,959,
2008-04-10,67.96846771240234,73.70074812188206,61.04878886003491,61.04878886003491,369,
2008-04-11,69.64720916748047,72.06295340175896,69.64720916748047,71.94011757255892,158,
2008-04-15,69.64720916748047,69.64720916748047,69.64720916748047,69.64720916748047,0,
2008-04-16,67.14958953857422,72.88187157235494,65.1023459550811,72.88187157235494,104,
2008-04-17,70.34327697753906,70.34327697753906,62.31808120565256,62.31808120565256,35,
2008-04-21,73.61885833740234,73.61885833740234,64.93854940750354,70.42515805958107,267,
2008-04-22,74.51964569091797,78.61413171789148,69.8519341192441,73.61886001452176,1026,
2008-04-23,76.40312194824219,79.43303951306638,72.47241233924098,73.00469684324811,1153,
2008-04-24,70.50704956054688,76.11649428138149,70.01571247691355,76.11649428138149,311,
2008-04-25,74.51964569091797,76.0346042713602,68.91020108350222,76.0346042713602,12,
2008-04-28,72.14482879638672,77.79521968629766,69.03302375754801,74.51963148897985,602,
2008-04-29,69.52436065673828,76.64876247854203,69.19680058784978,76.64876247854203,148,
2008-04-30,74.64249420166016,75.87084021842574,67.1905296161538,67.1905296161538,353,
2008-05-02,74.64249420166016,74.64249420166016,74.64249420166016,74.64249420166016,0,
2008-05-05,71.24405670166016,77.79523432939902,70.22043519732597,76.116492563215,996,
2008-05-06,70.42517852783203,76.15746050102766,67.96848625360533,67.96848625360533,367,
2008-05-07,73.65979766845703,73.70074502588056,66.00311040697291,66.00311040697291,282,
2008-05-08,73.65979766845703,73.65979766845703,73.65979766845703,73.65979766845703,0,
2008-05-09,72.84092712402344,72.84092712402344,64.3243984731579,64.3243984731579,110,
2008-05-12,72.84092712402344,72.84092712402344,72.84092712402344,72.84092712402344,0,
2008-05-13,69.60627746582031,69.60627746582031,62.64564971923828,62.64564971923828,41,
2008-05-14,74.84722137451172,76.1574559258483,63.259822260986894,63.87399529264696,1661,
2008-05-15,68.1731948852539,77.79523740659604,59.90233405261697,60.639342814428005,6577,
2008-05-16,67.59996795654297,68.09130503861589,66.3716221275157,68.09130503861589,192,
2008-05-20,71.53068542480469,72.06296997529682,68.05037153395229,68.21415475978361,119,
2008-05-21,72.88186645507812,83.52753234177493,58.14171368888255,61.41730319248156,1928,
2008-05-22,76.28028106689453,82.66767595032954,66.74012673230867,66.74012673230867,1822,
2008-05-23,73.74170684814453,87.58106668618571,71.28501486538823,80.2519381033724,1759,
2008-05-26,73.08657836914062,73.6598039357049,68.17319494936646,73.6598039357049,284,
2008-05-27,68.09130859375,73.70075358964611,67.96847275489586,70.0157159101638,151,
2008-05-28,68.54168701171875,72.88184428268465,65.92121870512489,72.88184428268465,252,
2008-05-29,66.4535140991211,72.63618468216868,66.41256673692139,72.63618468216868,45,
2008-05-30,66.37162780761719,69.56532223825332,64.07871289812871,64.07871289812871,500,
2008-06-02,62.2361946105957,66.3306810981349,60.72123585974432,66.3306810981349,312,
2008-06-03,69.360595703125,72.8818564344262,50.89446616414018,60.59839748480381,3768,
2008-06-04,63.87397766113281,68.78736055814302,63.873977661132805,68.78736055814302,290,
2008-06-05,64.61100769042969,68.33698720298153,56.50392198252859,56.50392198252859,572,
2008-06-06,60.84407043457031,65.06138643060095,60.39367443126101,60.47556290976531,852,
2008-06-09,60.55744552612305,64.2834302904411,54.86611247719177,64.2834302904411,258,
2008-06-10,55.43934631347656,60.55745458642273,51.99998005313304,55.11179238216062,2495,
2008-06-11,58.18265151977539,58.96060140028645,58.1417041586158,58.96060140028645,224,
2008-06-12,58.22358703613281,62.11334856014035,53.35115141566234,53.35115141566234,341,
2008-06-13,62.03146362304688,62.23618792543317,57.609417441964965,62.113352094463416,226,
2008-06-16,59.94327163696289,70.83460673179447,56.50390594790541,56.50390594790541,229,
2008-06-17,64.32437896728516,64.44720855182233,61.45823870453873,64.44720855182233,73,
2008-06-18,61.00785446166992,61.13069031750682,60.8440774856815,60.8440774856815,3,
2008-06-19,61.00785446166992,61.00785446166992,61.00785446166992,61.00785446166992,0,
2008-06-20,58.96060562133789,58.96060562133789,58.96060562133789,58.96060562133789,275,
2008-06-23,61.41729736328125,61.41729736328125,58.96060546875,58.96060546875,470,
2008-06-24,58.55115509033203,58.96060372732736,55.84879158708671,55.84879158708671,109,
2008-06-25,58.55115509033203,58.55115509033203,58.55115509033203,58.55115509033203,0,
2008-06-26,58.55115509033203,58.55115509033203,58.55115509033203,58.55115509033203,0,
2008-06-27,52.45037460327149,52.49131571968773,52.45037460327149,52.49131571968773,150,
2008-06-30,51.95903015136719,55.685011943399154,43.60627773508831,49.95273130216689,260,
2008-07-01,48.60155487060547,48.60155487060547,48.60155487060547,48.60155487060547,1,
2008-07-02,52.409423828125,52.409423828125,45.20312867652683,45.20312867652683,250,
2008-07-03,52.409423828125,52.409423828125,52.409423828125,52.409423828125,0,
2008-07-04,47.37321090698242,47.414158273955564,47.37321090698242,47.414158273955564,100,
2008-07-07,48.60155487060547,54.374783496842895,45.03935276508676,45.03935276508676,50,
2008-07-08,56.913352966308594,57.65036166433108,49.13382989897145,57.65036166433108,3,
2008-07-09,54.661380767822266,55.64405477693224,54.047207950206285,55.64405477693224,16,
2008-07-10,54.04722213745117,54.04722213745117,54.04722213745117,54.04722213745117,0,
2008-07-11,54.04722213745117,54.04722213745117,54.04722213745117,54.04722213745117,0,
2008-07-14,51.26295852661133,51.75429867353294,50.15744866276576,50.19839289404808,82,
2008-07-15,51.67241668701172,51.67241668701172,51.67241668701172,51.67241668701172,100,
2008-07-16,53.514930725097656,59.77949554932517,49.58422479319868,59.77949554932517,210,
2008-07-17,55.64406204223633,55.64406204223633,55.64406204223633,55.64406204223633,0,
2008-07-18,56.42202377319336,56.42202377319337,56.42202377319337,56.42202377319337,10,
2008-07-21,56.42202377319336,56.42202377319337,56.42202377319337,56.42202377319337,0,
2008-07-22,56.42202377319336,56.42202377319337,56.42202377319337,56.42202377319337,0,
2008-07-23,53.514930725097656,63.38264447580876,49.133831958349454,49.42044472856853,2271,
2008-07-24,53.63776779174805,57.32280527362387,53.63776779174805,56.094459446331925,185,
2008-07-25,58.10075759887695,63.05508847839865,55.93068487666866,55.93068487666866,177,
2008-07-28,67.14958953857422,67.23147803237562,64.61100874458107,64.61100874458107,255,
2008-07-29,66.78108215332031,67.14958346594726,61.00785327089111,61.00785327089111,104,
2008-07-30,67.14958953857422,67.14958953857422,60.14801398395112,60.14801398395112,28,
2008-07-31,66.00311279296875,66.33067292112958,60.59839254522949,60.59839254522949,181,
2008-08-01,60.6802978515625,60.6802978515625,60.6802978515625,60.6802978515625,150,
2008-08-04,60.6802978515625,60.6802978515625,60.6802978515625,60.6802978515625,0,
2008-08-05,61.41729736328125,66.33068115234376,56.50391357421875,60.68028854538376,2491,
2008-08-06,61.41729736328125,61.41729736328125,61.41729736328125,61.41729736328125,0,
2008-08-07,61.41729736328125,61.41729736328125,57.486587832955024,57.486587832955024,100,
2008-08-08,66.33067321777344,66.33067321777344,57.40469248584374,57.40469248584374,100,
2008-08-11,59.94327163696289,59.94327163696289,59.94327163696289,59.94327163696289,10,
2008-08-12,59.94327163696289,59.94327163696289,59.94327163696289,59.94327163696289,0,
2008-08-13,65.34800720214844,65.34800720214844,57.48658810437826,57.48658810437826,2,
2008-08-14,59.77949523925781,61.41728962937446,59.779495239257805,61.41728962937446,114,
2008-08-18,59.77949523925781,59.779495239257805,59.779495239257805,59.779495239257805,0,
2008-08-19,58.22358703613281,64.07870300075575,55.8897313712662,55.8897313712662,10060,
2008-08-20,58.22358703613281,58.22358703613281,58.22358703613281,58.22358703613281,0,
2008-08-21,58.22358703613281,58.22358703613281,58.22358703613281,58.22358703613281,0,
2008-08-22,55.76689529418945,55.76689529418945,55.76689529418945,55.76689529418945,50,
2008-08-25,53.88344192504883,53.88344192504883,53.88344192504883,53.88344192504883,12,
2008-08-26,53.88344192504883,53.88344192504883,53.88344192504883,53.88344192504883,0,
2008-08-27,57.32281494140625,57.32281494140626,52.450378170463125,57.32281494140626,15,
2008-08-28,52.409423828125,58.96060180664063,52.409423828125,58.96060180664063,50,
2008-08-29,52.409423828125,52.409423828125,52.409423828125,52.409423828125,0,
2008-09-01,52.409423828125,52.409423828125,52.409423828125,52.409423828125,0,
2008-09-02,52.409423828125,58.96060180664063,52.409423828125,58.96060180664063,0,
2008-09-04,57.2818603515625,57.2818603515625,51.14013407755501,51.14013407755501,158,
2008-09-05,59.37005615234375,61.33541098485605,59.37005615234375,61.33541098485605,20,
2008-09-08,59.37005615234375,59.37005615234375,59.37005615234375,59.37005615234375,0,
2008-09-09,59.37005615234375,59.37005615234375,59.37005615234375,59.37005615234375,0,
2008-09-10,60.20040512084961,60.20040512084962,60.20040512084962,60.20040512084962,0,
2008-09-11,60.20040512084961,60.20040512084962,60.20040512084962,60.20040512084962,0,
2008-09-12,56.6298942565918,61.94413803768173,47.579076875327694,53.9727755335822,78,
2008-09-15,54.88615798950195,55.09374558124369,50.692889269825855,50.692889269825855,190,
2008-09-16,54.88615798950195,54.88615798950195,54.88615798950195,54.88615798950195,0,
2008-09-17,54.88615798950195,54.88615798950195,54.88615798950195,54.88615798950195,0,
2008-09-18,54.88615798950195,54.88615798950195,54.88615798950195,54.88615798950195,0,
2008-09-19,54.3049201965332,54.3049201965332,54.3049201965332,54.3049201965332,10,
2008-09-22,54.3049201965332,54.3049201965332,54.3049201965332,54.3049201965332,0,
2008-09-23,56.42230224609375,56.42230224609375,56.42230224609375,56.42230224609375,10,
2008-09-24,49.98708724975586,49.98708724975586,49.98708724975586,49.98708724975586,10,
2008-09-25,47.57907485961914,55.63347396229415,46.49962002818615,55.63347396229415,107,
2008-09-26,47.57907485961914,47.57907485961914,47.57907485961914,47.57907485961914,0,
2008-09-29,46.4996223449707,46.4996223449707,46.4996223449707,46.4996223449707,3,
2008-09-30,46.4996223449707,46.4996223449707,46.4996223449707,46.4996223449707,0,
2008-10-01,46.4996223449707,46.4996223449707,46.4996223449707,46.4996223449707,0,
2008-10-03,46.4996223449707,46.4996223449707,46.4996223449707,46.4996223449707,0,
2008-10-06,49.28129196166992,52.56117647476082,37.61487018804958,37.61487018804958,4232,
2008-10-07,39.8568115234375,39.8568115234375,39.27556572188041,39.27556572188041,2,
2008-10-08,39.27556991577149,39.98136959571934,38.6112902862886,39.98136959571934,300,
2008-10-10,32.88187026977539,32.88187026977539,32.88187026977539,32.88187026977539,1,
2008-10-13,39.48316192626953,39.48316192626953,38.98495294016352,38.98495294016352,202,
2008-10-14,39.48316192626953,39.48316192626953,39.48316192626953,39.48316192626953,0,
2008-10-15,39.48316192626953,39.48316192626953,39.48316192626953,39.48316192626953,0,
2008-10-16,39.48316192626953,39.48316192626953,39.48316192626953,39.48316192626953,0,
2008-10-17,32.38365936279297,38.40369860331218,31.59482600121797,36.41085676012639,232,
2008-10-20,32.38365936279297,32.38365936279297,32.38365936279297,32.38365936279297,0,
2008-10-21,32.38365936279297,32.38365936279297,32.38365936279297,32.38365936279297,0,
2008-10-22,32.38365936279297,32.38365936279297,32.38365936279297,32.38365936279297,0,
2008-10-23,30.764488220214844,38.03005576326661,30.764488220214844,38.03005576326661,205,
2008-10-24,28.231910705566406,29.062261020436008,28.231910705566406,29.062261020436008,101,
2008-10-27,28.231910705566406,28.231910705566406,28.231910705566406,28.231910705566406,0,
2008-10-29,28.231910705566406,28.231910705566406,28.231910705566406,28.231910705566406,0,
2008-10-31,28.231910705566406,28.231910705566406,28.231910705566406,28.231910705566406,0,
2008-11-03,28.231910705566406,28.231910705566406,28.231910705566406,28.231910705566406,0,
2008-11-04,28.231910705566406,28.231910705566406,28.231910705566406,28.231910705566406,0,
2008-11-05,28.231910705566406,28.231910705566406,28.231910705566406,28.231910705566406,0,
2008-11-06,28.231910705566406,28.231910705566406,28.231910705566406,28.231910705566406,0,
2008-11-07,28.231910705566406,28.231910705566406,28.231910705566406,28.231910705566406,0,
2008-11-10,36.867557525634766,36.867557525634766,25.201133930472828,25.201133930472828,6646,
2008-11-11,34.044368743896484,44.00857422991497,30.80600069392624,40.230480283306754,11092,
2008-11-12,35.372920989990234,37.36576294753967,33.21401150892415,35.705062372093465,137299,
2008-11-14,34.044368743896484,37.36577057256932,34.044368743896484,37.36577057256932,536,
2008-11-17,33.25552749633789,37.15817437729233,33.21401061657415,33.21401061657415,427,
2008-11-18,33.214019775390625,33.75374886375503,30.722968292236327,30.722968292236327,800,
2008-11-19,29.93412971496582,33.21401425628058,29.062262474245504,33.21401425628058,254,
2008-11-20,32.34215545654297,33.21402292481207,28.231919486090263,33.21402292481207,504,
2008-11-21,29.1037826538086,32.383667566485386,27.40156486394917,32.383667566485386,754,
2008-11-24,32.134559631347656,32.134559631347656,27.40156193614315,29.06226265954577,130,
2008-11-25,28.85467338562012,37.32424721433073,25.782376593068665,37.32424721433073,629,
2008-11-26,27.401561737060547,31.55331351540305,27.401561737060547,30.76448004401093,27,
2008-11-27,27.401561737060547,27.401561737060547,27.401561737060547,27.401561737060547,0,
2008-11-28,29.685028076171875,29.851098796818405,27.44308126628256,28.231914813701923,181,
2008-12-01,31.553316116333008,32.923395583135346,28.273431307575503,32.923395583135346,189,
2008-12-02,27.81673812866211,30.63993072813749,27.40156293271193,29.892614108413014,338,
2008-12-03,27.401561737060547,27.401561737060547,27.401561737060547,27.401561737060547,0,
2008-12-04,31.553316116333008,31.553316116333008,31.553316116333008,31.553316116333008,1,
2008-12-05,32.25910568237305,35.62202670147212,27.48459178381513,27.48459178381513,323,
2008-12-08,29.85109138488769,33.629184295714055,28.39797848322104,33.629184295714055,1289,
2008-12-10,31.013578414916992,31.01357841491699,31.01357841491699,31.01357841491699,0,
2008-12-11,35.16533660888672,35.829619433368784,24.370783472779245,33.21401452269263,13048,
2008-12-12,31.59483337402344,40.1889622647666,30.515378443541326,40.1889622647666,1333,
2008-12-15,37.36576843261719,37.36576843261719,26.69576693609512,26.69576693609512,7121,
2008-12-16,40.2719955444336,41.51752117982845,34.87471779105589,34.87471779105589,20427,
2008-12-17,40.56261444091797,41.51751863657328,37.57335436609881,41.51751863657328,160,
2008-12-18,37.94701385498047,38.528259767591074,36.70148825690147,36.70148825690147,40,
2008-12-19,39.52467727661133,41.47600259262666,37.78094272552435,39.64923110206127,1196,
2008-12-22,35.62203598022461,37.53184140360289,35.62203598022461,37.53184140360289,1350,
2008-12-23,33.38008499145508,33.38008499145508,33.38008499145508,33.38008499145508,1000,
2008-12-24,33.38008499145508,33.38008499145508,33.38008499145508,33.38008499145508,1000,
2008-12-26,36.120235443115234,36.120235443115234,30.88902956417102,33.38008028438587,1400,
2008-12-29,37.78094482421875,37.78094482421875,37.78094482421875,37.78094482421875,1,
2008-12-30,37.78094482421875,37.78094482421875,37.78094482421875,37.78094482421875,0,
2008-12-31,34.044368743896484,34.044368743896484,34.044368743896484,34.044368743896484,1,
2009-01-02,33.46310806274414,37.3657541273274,31.926961660078813,32.5497242288676,5100,
2009-01-05,34.791683197021484,34.791683197021484,30.76448183682158,33.21401616229815,385,
2009-01-06,32.84034729003906,33.380076146188216,31.80240961862484,31.968480279558,1200,
2009-01-07,33.214019775390625,37.73943060329475,31.59483567783317,31.59483567783317,353,
2009-01-09,29.0622673034668,34.87472076416015,26.77880344390869,33.38009050777473,1500,
2009-01-12,31.553316116333008,31.553316116333008,31.553316116333008,31.553316116333008,130,
2009-01-13,35.49748611450195,35.53900300861406,35.49748611450195,35.53900300861406,2,
2009-01-14,30.141712188720703,38.23762678973226,29.1868113414299,31.553308188557864,500,
2009-01-15,32.79884719848633,34.874723603453816,29.72654948562724,29.72654948562724,7,
2009-01-16,33.38008499145508,37.28273230362769,28.31494591224033,28.31494591224033,1057,
2009-01-19,31.968486785888672,32.38366193895216,29.892611020571223,29.892611020571223,118,
2009-01-20,33.961334228515625,33.961334228515625,29.97564958653592,33.961334228515625,322,
2009-01-21,31.6363468170166,33.13097996918793,30.05868306505324,30.05868306505324,102,
2009-01-22,29.892616271972656,29.892616271972656,27.11094352478944,29.892616271972656,32,
2009-01-23,28.10736083984375,31.96849161341304,28.10736083984375,28.23191467158554,354,
2009-01-27,28.02432441711425,33.21401412398727,27.94129064881838,27.94129064881838,3302,
2009-01-28,27.85825729370117,33.1725015036106,26.944873054905315,33.1725015036106,1780,
2009-01-29,26.986385345458984,26.986385345458984,26.986385345458984,26.986385345458984,0,
2009-01-30,31.511791229248047,32.21758764356171,31.511791229248047,32.21758764356171,25,
2009-02-02,31.511791229248047,31.511791229248047,31.511791229248047,31.511791229248047,0,
2009-02-03,26.986385345458984,26.986385345458984,26.57121018629808,26.57121018629808,101,
2009-02-04,26.986385345458984,26.986385345458984,26.986385345458984,26.986385345458984,0,
2009-02-05,26.197555541992188,32.217596184539566,25.989967933628485,32.217596184539566,268,
2009-02-06,28.937707901000977,31.01358373801784,25.4502374450732,29.062261718236048,504,
2009-02-09,26.903350830078125,28.56405142039072,26.571209445001603,26.571209445001603,309,
2009-02-10,30.68144798278809,30.68144798278809,30.68144798278809,30.68144798278809,2,
2009-02-11,30.30778694152832,30.30778694152832,30.30778694152832,30.30778694152832,16,
2009-02-12,29.311363220214844,34.002843404325894,27.02790003047731,27.02790003047731,110,
2009-02-13,29.51895332336425,29.51895332336425,29.51895332336425,29.51895332336425,0,
2009-02-16,28.64708137512207,32.63276162858866,26.82031033508563,26.82031033508563,201,
2009-02-17,30.63992691040039,33.13097777571636,28.730118712963503,33.13097777571636,2676,
2009-02-18,31.92696952819824,36.28630858404035,30.390819579428115,33.961328387764894,1372,
2009-02-19,32.88187026977539,32.88187026977539,32.88187026977539,32.88187026977539,0,
2009-02-20,28.89619255065918,34.4595407224971,27.23549179294848,31.553314396503367,571,
2009-02-24,27.775218963623047,32.96490848718732,24.080159389338256,24.080159389338256,788,
2009-02-25,27.94128799438477,29.06225959756249,26.73727946326448,28.979225837154853,1220,
2009-02-26,26.571212768554688,26.571212768554688,26.571212768554688,26.571212768554688,33,
2009-02-27,25.86541175842285,26.571209836457253,25.86541175842285,26.571209836457253,200,
2009-03-02,25.86541175842285,25.86541175842285,25.86541175842285,25.86541175842285,0,
2009-03-03,28.10736083984375,28.8131606071547,25.325688161275263,25.49175888108581,1801,
2009-03-04,28.10736083984375,29.477440318861373,26.405143088740548,26.405143088740548,256,
2009-03-05,26.65424537658692,26.65424537658692,26.65424537658692,26.65424537658692,0,
2009-03-06,26.15603446960449,29.47743567209395,26.15603446960449,26.36362204476008,281,
2009-03-09,26.15603446960449,29.47743567209395,26.15603446960449,26.36362204476008,0,
2009-03-12,22.29491233825684,24.12168257783989,21.58911406179085,24.12168257783989,2227,
2009-03-13,22.7100830078125,25.491757072831025,22.5024954146584,25.491757072831025,3000,
2009-03-16,21.589109420776367,21.589109420776367,21.589109420776367,21.589109420776367,1,
2009-03-17,24.910512924194336,25.49175885926597,24.910512924194336,25.408723499431773,1101,
2009-03-18,24.95203018188477,25.15961779266173,24.95203018188477,25.15961779266173,500,
2009-03-19,24.080162048339844,28.979230766568,21.38152319809486,21.38152319809486,1501,
2009-03-20,24.080162048339844,24.080162048339844,24.080162048339844,24.080162048339844,0,
2009-03-23,24.080162048339844,24.080162048339844,24.080162048339844,24.080162048339844,0,
2009-03-24,26.11451530456543,27.40155752448108,24.952023718331123,25.03505905788605,449,
2009-03-25,25.035062789916992,30.59840919669432,23.74802037813915,27.193974021341933,2153,
2009-03-26,25.035062789916992,25.035062789916992,25.035062789916992,25.035062789916992,0,
2009-03-27,24.080162048339844,27.85825580517573,24.080162048339844,24.12167893560576,82,
2009-03-30,28.14888000488281,28.14888000488281,23.24981134691216,23.664986549535584,155,
2009-03-31,31.677875518798828,33.21402280658916,27.318535025434,28.813165418223303,1804,
2009-04-01,32.25910568237305,35.16533153366917,27.60914558731317,35.16533153366917,2301,
2009-04-02,37.44879913330078,37.78094053690301,30.39082123080242,37.36576536616781,4251,
2009-04-06,37.19969940185547,37.32425323595239,33.91981450183759,33.96133455822695,200,
2009-04-08,35.372920989990234,35.705062372093465,33.50463284261325,33.50463284261325,893,
2009-04-09,34.2934684753418,35.70506468960048,32.383663323126015,35.414443337048034,352,
2009-04-13,34.33498001098633,34.45953380984301,32.632762709308246,34.45953380984301,111,
2009-04-15,34.874717712402344,35.53899741627434,34.874717712402344,35.53899741627434,106,
2009-04-16,32.01000213623047,37.36576198802037,32.01000213623047,37.36576198802037,229,
2009-04-17,34.791683197021484,34.87471697041306,29.93413143276413,29.93413143276413,805,
2009-04-20,34.25194549560547,34.87470814098011,32.75731578021324,32.75731578021324,659,
2009-04-21,35.70507049560547,36.12024573392647,31.63635189304545,35.45596598612001,2215,
2009-04-22,33.214019775390625,36.45238797050551,33.214019775390625,36.41086791175767,140,
2009-04-23,32.38365936279297,33.25552648136121,32.38365936279297,33.25552648136121,148,
2009-04-24,32.38365936279297,32.38365936279297,32.38365936279297,32.38365936279297,0,
2009-04-27,32.38365936279297,32.38365936279297,32.38365936279297,32.38365936279297,0,
2009-04-28,35.20685195922852,35.28988571743207,29.269846389164247,29.269846389164247,68,
2009-04-29,31.968486785888672,32.01000366768801,31.88545302228999,31.88545302228999,170,
2009-04-30,31.968486785888672,31.968486785888672,31.968486785888672,31.968486785888672,0,
2009-05-04,35.16533660888672,35.16533660888672,33.21401452269263,33.21401452269263,148,
2009-05-05,35.70507049560547,35.74658738593043,35.70507049560547,35.70507049560547,255,
2009-05-06,35.70507049560547,35.70507049560547,35.70507049560547,35.70507049560547,25,
2009-05-07,34.418025970458984,35.663551615945785,33.172500324972184,33.172500324972184,60,
2009-05-08,35.66354751586914,35.66354751586914,35.66354751586914,35.66354751586914,0,
2009-05-11,36.5354118347168,37.36576210368764,34.50105304223127,37.36576210368764,1290,
2009-05-12,34.99927520751953,43.46884786194054,33.629195601197175,38.19612339889062,1175,
2009-05-13,40.56261444091797,40.81172208676565,37.36576677291595,37.36576677291595,215,
2009-05-14,43.63491439819336,47.32997443971316,38.27915349913977,38.652811825591975,1276,
2009-05-15,43.88401412963867,45.586234857860525,41.80813828306096,44.54829693457167,420,
2009-05-18,43.88401412963867,43.88401412963867,43.88401412963867,43.88401412963867,0,
2009-05-19,49.69647216796875,51.3156561464753,43.26125630963762,51.3156561464753,202,
2009-05-20,49.82102584838867,49.82102584838867,49.82102584838867,49.82102584838867,100,
2009-05-21,50.23619842529297,51.48172400608536,45.2956129879761,45.2956129879761,490,
2009-05-22,52.31206893920898,53.806702014357256,43.676424545722384,43.71794459478152,2450,
2009-05-25,48.65852355957031,53.30848370943132,48.16031467477622,50.07011962320003,229,
2009-05-26,51.48171615600586,52.97634599154422,48.99066537426364,52.93482911202216,536,
2009-05-27,51.48171615600586,51.48171615600586,51.48171615600586,51.48171615600586,0,
2009-05-28,48.99067306518555,52.97635430816815,48.99067306518555,52.1460039172328,251,
2009-05-29,52.22903060913086,53.35000214993664,45.37864122801059,45.75229629658936,640,
2009-06-01,49.73798751831055,53.723665420210224,49.40584610938463,53.723665420210224,1226,
2009-06-02,49.8625373840332,53.14242186715363,48.99067015878225,53.14242186715363,231,
2009-06-03,50.070125579833984,52.27055527910933,49.40584593190366,52.27055527910933,400,
2009-06-04,49.82102584838867,50.40227178346031,49.82102584838867,50.40227178346031,2,
2009-06-05,49.98708724975586,53.391525281948255,46.4996154569757,46.4996154569757,1500,
2009-06-08,52.31206893920898,52.31206893920898,47.3299671354748,47.3299671354748,251,
2009-06-09,51.64778900146485,52.31206860420167,47.37148371363118,47.454520643682656,541,
2009-06-10,49.032188415527344,52.893318879459486,48.90763776130921,48.94915464604859,3000,
2009-06-11,47.95273971557617,49.8210282759233,45.91838042746884,45.91838042746884,431,
2009-06-12,48.492462158203125,51.31565147394984,46.16747862254258,51.31565147394984,361,
2009-06-15,49.69647216796875,49.69647216796875,45.42016933682486,45.42016933682486,483,
2009-06-16,45.91837310791016,46.49961897865032,45.62775175630766,45.62775175630766,117,
2009-06-17,47.20541000366211,50.23618965480914,46.49961356478202,49.65494385174241,247,
2009-06-18,47.41300201416016,49.82101920964013,47.41300201416016,49.82101920964013,700,
2009-06-19,49.73798751831055,51.3156512918706,49.73798751831055,51.3156512918706,130,
2009-06-22,46.997833251953125,51.14958541793964,45.04651100095367,45.04651100095367,259,
2009-06-23,46.16748046875,46.16748046875,46.16748046875,46.16748046875,50,
2009-06-24,46.16748046875,46.16748046875,46.16748046875,46.16748046875,0,
2009-06-25,49.73798751831055,49.73798751831055,45.33712810395063,45.37864815571778,255,
2009-06-26,48.57549285888672,51.2326144692901,45.91837124848335,45.91837124848335,183,
2009-06-29,46.4996223449707,46.4996223449707,46.4996223449707,46.4996223449707,1,
2009-06-30,47.32997512817383,50.52682305841345,45.25409902606094,50.52682305841345,241,
2009-07-01,47.32997512817383,47.32997512817383,47.32997512817383,47.32997512817383,0,
2009-07-02,47.32997512817383,47.32997512817383,47.32997512817383,47.32997512817383,0,
2009-07-03,47.32997512817383,47.32997512817383,47.32997512817383,47.32997512817383,0,
2009-07-06,43.46883773803711,45.669267340550384,43.46883773803711,45.669267340550384,30,
2009-07-07,44.83892059326172,44.83892059326172,44.83892059326172,44.83892059326172,5,
2009-07-08,44.83892059326172,44.83892059326172,44.83892059326172,44.83892059326172,0,
2009-07-09,44.83892059326172,44.83892059326172,44.83892059326172,44.83892059326172,0,
2009-07-10,40.68716812133789,47.53755867237948,39.85681775151467,45.04650756290981,246,
2009-07-13,46.66569900512695,48.70005837547519,40.687174736821525,45.66927776582008,606,
2009-07-14,44.00857162475586,55.550443563168265,43.67643019453598,48.99067407284143,700,
2009-07-15,45.544715881347656,49.737987724386365,38.1961164781156,41.51751791099522,600,
2009-07-16,45.66927719116211,45.66927719116211,45.66927719116211,45.66927719116211,1,
2009-07-17,47.288455963134766,47.288455963134766,47.288455963134766,47.288455963134766,5,
2009-07-20,44.83892059326172,44.83892059326172,44.83892059326172,44.83892059326172,50,
2009-07-21,46.5826530456543,52.18751786937108,43.42732237099485,45.6692689339886,2545,
2009-07-22,52.64421463012695,55.5504409198887,47.5790754817353,55.5504409198887,4066,
2009-07-23,49.82102584838867,52.06297264507327,49.82102584838867,50.31923483985835,791,
2009-07-24,51.025028228759766,51.025028228759766,46.66568901191555,46.66568901191555,225,
2009-07-27,50.9835090637207,50.9835090637207,50.9835090637207,50.9835090637207,100,
2009-07-28,49.032188415527344,53.93125366808498,46.25051596003061,46.25051596003061,489,
2009-07-29,51.39868927001953,53.142423783398165,46.4996208104734,46.4996208104734,579,
2009-07-30,51.97993087768555,52.2705554020189,46.997828755190376,52.2705554020189,432,
2009-07-31,49.8625373840332,55.63347289217646,49.8625373840332,53.64063080514412,239,
2009-08-03,49.44736862182617,51.60628169050649,47.78666772324235,48.2018429478883,401,
2009-08-04,49.44736862182617,49.44736862182617,49.44736862182617,49.44736862182617,0,
2009-08-05,49.44736862182617,49.44736862182617,49.44736862182617,49.44736862182617,0,
2009-08-06,46.12595748901367,53.1424179989437,42.763039483525006,52.97634730919001,1366,
2009-08-07,45.046512603759766,51.39869491075121,43.17822406259001,50.23620299589799,3359,
2009-08-10,47.95273971557617,50.90048325506117,45.8768635374127,50.90048325506117,6161,
2009-08-11,48.94915771484375,50.56834166147394,44.92195629193939,44.92195629193939,1500,
2009-08-12,48.94915771484375,48.94915771484375,48.94915771484375,48.94915771484375,0,
2009-08-13,48.82460403442383,48.82460403442383,48.82460403442383,48.82460403442383,60,
2009-08-14,46.04292678833008,52.187517377361566,44.50677676542084,44.58981369958454,2114,
2009-08-17,47.86970138549805,48.70005177783949,45.83534229075445,48.1603227558034,618,
2009-08-18,45.46167755126953,46.084440257451305,38.7773584717588,44.423739707633246,4385,
2009-08-19,44.00857162475586,47.08086876791572,43.59339642074873,47.08086876791572,596,
2009-08-20,46.16748046875,48.78308546719683,44.00857071934352,44.00857071934352,17551,
2009-08-21,50.6928939819336,54.512507925551205,47.45452915026462,49.53040526064303,9195,
2009-08-24,53.80670166015625,57.29417036578471,50.77592181582176,50.77592181582176,6744,
2009-08-25,54.80312347412109,55.6334738297896,53.35001035170122,53.35001035170122,1700,
2009-08-26,54.34644317626953,55.46742153246943,52.97636661350636,52.97636661350636,1553,
2009-08-27,53.55760192871094,54.72009378022428,52.31207630246185,54.72009378022428,500,
2009-08-28,53.97277069091797,53.97277069091797,52.6442114486171,53.14242037259616,600,
2009-08-31,51.938419342041016,53.972778551728666,51.48172723395657,53.972778551728666,1105,
2009-09-01,51.7308235168457,53.9727699803038,51.6477897531208,53.9727699803038,700,
2009-09-02,53.80670166015625,53.931249136373694,49.821017709378005,53.931249136373694,8000,
2009-09-03,52.436622619628906,53.64062801847962,50.319226824331416,50.319226824331416,1300,
2009-09-04,50.36075210571289,51.855382164863,49.82102308857255,50.651373473382094,212,
2009-09-07,52.97635269165039,52.97635269165039,50.31923088822949,50.31923088822949,500,
2009-09-08,51.39868927001953,51.523239925240695,49.82102229693578,49.82102229693578,1800,
2009-09-09,54.38794708251953,61.40440489730499,52.353588123025126,55.59195253734107,18663,
2009-09-10,54.63705062866211,61.11377897257683,53.142417599644176,58.95486952460526,32346,
2009-09-11,53.6406364440918,56.297761617820775,53.26698128508619,53.26698128508619,1262,
2009-09-14,54.13883590698242,56.04864409153683,50.81743794316704,50.81743794316704,3527,
2009-09-15,54.67856597900391,55.84105766582695,54.26339082907211,54.3049108780933,899,
2009-09-16,53.24299240112305,54.8052391734865,53.200770211890855,54.25634104942837,573,
2009-09-17,53.20077133178711,53.62299967569018,53.20077133178711,53.62299967569018,200,
2009-09-18,54.72079849243164,54.76301746316996,50.8362956150151,50.8362956150151,646,
2009-09-22,54.04523086547852,54.88968759775162,52.609653776344885,54.04523086547852,467,
2009-09-23,53.20077133178711,54.8896847073994,53.20077133178711,54.8896847073994,259,
2009-09-24,53.20077133178711,53.83411384764172,53.20077133178711,53.791891657520736,499,
2009-09-25,56.36747741699219,63.84091695452681,51.51185202152095,54.8896783835879,41611,
2009-09-29,54.6785774230957,57.50750639505683,52.44076562998232,53.20077803328231,2228,
2009-09-30,52.90521240234375,55.31191265689122,52.14520010019897,55.31191265689122,870,
2009-10-01,52.98965835571289,55.10080012287277,52.22964603099666,52.22964603099666,1826,
2009-10-05,52.82076644897461,54.38301329181462,52.10297953560669,54.38301329181462,1791,
2009-10-06,52.39854049682617,55.73414529109276,52.35631830375381,55.73414529109276,2451,
2009-10-07,53.20077133178711,53.62299967569018,52.52520662581152,52.77854298788404,1000,
2009-10-08,54.04523086547852,55.73414433002472,51.596305053347805,51.596305053347805,231,
2009-10-09,54.04523086547852,54.04523086547852,54.04523086547852,54.04523086547852,0,
2009-10-12,53.20077133178711,54.80524032715743,53.20077133178711,54.80524032715743,245,
2009-10-13,53.20077133178711,53.20077133178711,53.20077133178711,53.20077133178711,0,
2009-10-14,51.258522033691406,56.57859856822536,50.667401702888384,51.51185839793652,4706,
2009-10-15,51.59629440307617,54.594117760926096,51.38518026358512,51.5118500358182,267,
2009-10-16,53.20077133178711,55.31191305130247,51.80741650836832,55.31191305130247,550,
2009-10-20,54.551902770996094,55.48080387356403,51.34296788235163,51.34296788235163,1361,
2009-10-21,55.26969909667969,55.56526415283405,52.5252175137533,53.20078235976659,3930,
2009-10-22,54.889686584472656,56.57860001784105,54.045229867788464,56.57860001784105,400,
2009-10-23,54.889686584472656,57.42305673452525,54.045229867788464,57.42305673452525,770,
2009-10-26,55.81858825683594,57.00082896085913,54.08745583549263,54.08745583549263,2500,
2009-10-27,57.380821228027344,59.02751540151549,54.63633738157276,54.72078819254061,1238,
2009-10-28,68.8654556274414,68.8654556274414,52.69410638164364,52.69410638164364,35900,
2009-10-29,62.06756210327149,68.56987555606092,60.84310257082827,68.56987555606092,18055,
2009-10-30,58.73196792602539,64.17871123680872,57.591946190690415,61.22311269300832,2183,
2009-11-03,58.60528945922852,66.45873199112619,56.57859232617046,66.45873199112619,1073,
2009-11-04,59.87198638916016,61.3075603236631,57.42306046321938,57.5075048518324,4824,
2009-11-05,58.351959228515625,60.800885053949536,57.04305515199815,60.800885053949536,3100,
2009-11-06,58.056396484375,58.22528524252502,56.57859730113636,57.50749835634774,3834,
2009-11-09,57.000823974609375,59.02752122668964,53.03187706840432,53.03187706840432,1582,
2009-11-10,57.000823974609375,57.000823974609375,55.73413899739584,56.57859564887153,212,
2009-11-11,58.01416778564453,58.85862441392287,53.70744026996358,54.04522420981347,500,
2009-11-12,57.42305755615234,57.42305755615234,57.42305755615234,57.42305755615234,100,
2009-11-13,57.42305755615234,57.42305755615234,57.42305755615234,57.42305755615234,0,
2009-11-16,62.65869140625,66.71208658602266,58.68974705985538,61.22311743653979,5798,
2009-11-17,60.96977233886719,64.09426605474634,60.88532795577714,64.09426605474634,272,
2009-11-18,58.68974685668945,60.04087643103846,58.26751846203701,58.68974685668945,725,
2009-11-19,58.56307220458984,61.47645175227216,58.56307220458984,59.956427080203696,215,
2009-11-20,64.13648223876953,65.86762100903293,59.11196757220903,62.48979429062098,9692,
2009-11-23,65.61427307128906,66.62762482336572,61.26532687938008,61.26532687938008,2899,
2009-11-24,66.54318237304688,68.40098430804008,63.75647302786452,66.71207111524897,523,
2009-11-25,64.1787109375,65.86762438322368,64.1787109375,65.86762438322368,1267,
2009-11-26,61.64533233642578,65.86761537316728,61.096434253110864,63.41868992331869,217,
2009-11-27,59.02753448486328,59.11197888043931,59.02753448486328,59.11197888043931,206,
2009-11-30,62.44757461547852,62.8698029940624,58.7741890103375,58.7741890103375,270,
2009-12-01,62.44757461547852,62.44757461547852,62.44757461547852,62.44757461547852,0,
2009-12-02,63.84092712402344,66.5009670964189,59.4919737015602,66.5009670964189,1410,
2009-12-03,65.57206726074219,67.55653931456892,62.48979886597625,63.29203019325929,1400,
2009-12-04,64.05205535888672,69.92103475119595,60.12532943738096,69.92103475119595,555,
2009-12-07,68.35877990722656,73.46774646243954,67.30320883736393,67.30320883736393,5992,
2009-12-08,67.42986297607422,70.84991502430586,67.13430443377231,69.24544608263308,2424,
2009-12-09,67.72543334960938,76.00111263593308,65.1920629284116,65.1920629284116,3053,
2009-12-10,68.4010009765625,72.41217078691648,66.75431278938956,67.9787725754726,2351,
2009-12-11,66.58541107177734,70.0899077477011,65.02316742859017,65.02316742859017,3071,
2009-12-14,74.5655288696289,79.8011578102619,72.66550130271791,75.74776309044111,53928,
2009-12-15,77.05667877197266,82.41897786920954,69.75212656422774,72.96106480523396,74156,
2009-12-16,75.2833023071289,79.75891813190654,73.46771944607259,78.49223331387081,6269,
2009-12-17,72.79216003417969,77.26778281821348,65.0231614972944,77.18333844246985,3303,
2009-12-18,73.17218017578125,76.8455658250325,71.7788252211842,75.83222028134037,7900,
2009-12-21,73.17218017578125,75.4944362858784,72.70772637668429,73.55218314399234,2491,
2009-12-22,70.59657287597656,73.55217107664406,68.90765961845227,70.93435681601997,2701,
2009-12-23,71.65215301513672,72.36993995474323,70.08990933653578,70.93436607553019,706,
2009-12-24,73.93218231201172,75.57887020304558,68.61210283796038,68.61210283796038,1498,
2009-12-29,75.49443054199219,78.70336214799948,73.0455048145831,78.70336214799948,2047,
2009-12-30,76.50777435302734,77.69001500026567,75.91665725075478,75.91665725075478,695,
2009-12-31,81.61673736572266,91.11687477770737,75.24108701438017,77.69001261356371,25824,
2010-01-04,82.33453369140625,85.88124948872779,81.87007989863363,82.7567620693109,7259,
2010-01-05,82.9256591796875,85.24791549161321,81.0678567072247,83.68567162485661,3919,
2010-01-06,83.51676940917969,84.0234421436176,82.33452873369563,82.33452873369563,2413,
2010-01-07,83.72787475585938,84.445661590843,82.75674835902615,82.75674835902615,294,
2010-01-08,82.79898834228516,84.36123206818426,81.06784939785754,81.91230616241856,1880,
2010-01-11,80.43450164794922,82.63008780596873,80.22338747039554,81.91230089082492,699,
2010-01-12,80.77227020263672,81.74339652255219,79.80114388272125,81.0678287062565,630,
2010-01-13,80.22337341308594,80.26559881827501,80.22337341308594,80.22337341308594,140,
2010-01-14,82.75675201416016,83.60120866736587,79.80115372794015,81.06783870774872,230,
2010-01-15,82.75675201416016,82.75675201416016,82.75675201416016,82.75675201416016,0,
2010-01-18,83.60121154785156,84.44566823015309,78.66114124492624,78.66114124492624,2058,
2010-01-19,83.01009368896484,84.44566745868524,81.11006617114442,84.40344204787864,6867,
2010-01-20,86.345703125,89.09018757640587,82.7567619193154,82.7567619193154,5590,
2010-01-21,85.92346954345703,97.61919359326608,80.26561220956472,97.61919359326608,19580,
2010-01-22,82.29230499267578,88.41461622798323,80.56117257796357,80.68784237481897,1326,
2010-01-25,81.70118713378906,86.05014050231756,81.49007295514878,82.12341549106962,866,
2010-01-27,79.67449188232422,81.44784974226258,78.5344765754134,79.8433870954144,545,
2010-01-28,77.60557556152344,81.87007822559794,76.0855508550513,76.0855508550513,1509,
2010-01-29,72.79216003417969,77.69001113962447,70.59657405138105,76.16998660546771,350,
2010-02-01,77.8589096069336,79.80116270487035,70.08991010057396,70.08991010057396,730,
2010-02-02,77.73223876953125,83.43232127142224,77.73223876953125,83.43232127142224,1944,
2010-02-03,81.4478530883789,82.75676366215379,80.43450753898111,81.912306890091,1049,
2010-02-04,84.19233703613281,86.13459017600256,79.37893604455138,79.37893604455138,3905,
2010-02-05,76.00111389160156,81.70119743347168,73.67885763380264,79.63228079905579,15242,
2010-02-08,76.00111389160156,76.00111389160156,76.00111389160156,76.00111389160156,0,
2010-02-09,79.33670806884766,79.33670806884766,79.33670806884766,79.33670806884766,10,
2010-02-10,77.183349609375,79.12559630325458,74.31219531984232,74.31219531984232,935,
2010-02-11,78.95670318603516,83.17898677887126,77.73224352119007,82.75675841958765,48,
2010-02-15,76.42332458496094,77.39445099253491,76.00109627233685,76.08554064632311,596,
2010-02-16,78.49224853515625,78.49224853515625,78.49224853515625,78.49224853515625,1,
2010-02-17,78.57669830322266,82.71453096806975,76.00110279799118,78.53447289125756,1352,
2010-02-18,80.47673034667969,87.40127307611574,77.69002051210288,82.08119300744862,17256,
2010-02-19,75.2410888671875,79.71671184634499,74.6921907368843,79.71671184634499,1252,
2010-02-22,74.77662658691406,79.21002326733921,70.17433473876237,76.00108595014521,3086,
2010-02-23,73.2988510131836,75.95888471356454,73.12995579172367,73.63662857071557,696,
2010-02-24,73.55217742919922,78.49224784558325,72.36993675828589,78.49224784558325,2033,
2010-02-25,72.03216552734375,76.84556657062396,69.83657275688509,69.83657275688509,4395,
2010-02-26,71.06104278564453,75.15665707952948,70.13214157095325,70.13214157095325,337,
2010-03-02,73.46772003173828,75.91664532133467,71.90547669891217,75.91664532133467,67,
2010-03-03,83.17899322509766,86.97904875314781,73.04551181696394,77.52113534930058,60898,
2010-03-04,78.49224853515625,84.10788693930928,77.85890600332004,81.06784407503417,1730,
2010-03-05,77.8589096069336,86.09236290188053,76.97223388694015,81.91230457536957,4631,
2010-03-08,77.69001770019531,82.71453257220665,77.0144497518119,82.71453257220665,313,
2010-03-09,74.77662658691406,82.92562675963724,71.60991467232468,71.60991467232468,1550,
2010-03-10,75.53665161132812,76.00110538799886,65.86762466959901,74.77664571160297,2046,
2010-03-11,74.31218719482422,75.40998344637046,71.1454746723175,71.35658884048462,365,
2010-03-12,74.35440826416016,81.91229246617895,70.63879783282586,70.63879783282586,4208,
2010-03-15,74.35440826416016,74.35440826416016,74.35440826416016,74.35440826416016,0,
2010-03-16,76.80332946777344,79.97004189403171,72.03215456636532,72.03215456636532,3135,
2010-03-17,74.5232925415039,78.49223585615579,74.3966227670592,78.49223585615579,351,
2010-03-18,74.22774505615234,83.43232435455437,73.12994877147663,83.43232435455437,4695,
2010-03-19,75.15664672851562,75.15664672851562,73.34106352462517,73.34106352462517,164,
2010-03-22,73.46772003173828,75.15663313591617,72.83437761767158,75.15663313591617,160,
2010-03-23,74.31218719482422,77.5211251280416,72.79216260694375,77.5211251280416,5894,
2010-03-25,75.15664672851562,75.15664672851562,71.7788199092565,72.62327661407127,150,
2010-03-26,72.74993896484375,75.74775609459532,72.66549459154096,72.66549459154096,1023,
2010-03-29,70.38546752929688,74.9877605977589,68.56988426165381,71.94771119952235,1729,
2010-03-30,70.38546752929688,71.77882242970637,70.38546752929688,71.77882242970637,56,
2010-03-31,69.37212371826172,75.11442578718128,66.96542325482591,66.96542325482591,460,
2010-04-01,72.07437133789062,76.42332422603211,70.93435618769831,70.93435618769831,2912,
2010-04-05,76.80332946777344,77.014443629524,72.07437353309967,72.07437353309967,870,
2010-04-06,74.26997375488281,77.26779800311976,73.25662816142776,73.63663114829987,357,
2010-04-07,75.19886779785156,77.26778402808371,73.00327533798112,73.08772615773998,13415,
2010-04-08,75.15664672851562,76.38110637341971,72.87661620259306,76.00110343333041,329,
2010-04-09,80.01228332519531,81.91231116141367,73.50996841832573,73.50996841832573,3995,
2010-04-12,92.97467803955078,96.01472076173988,82.75675362536569,92.72134490427268,175152,
2010-04-13,83.13674926757812,92.63688596897346,81.5745058541094,92.63688596897346,61462,
2010-04-15,77.60557556152344,84.74123242521553,76.42333483901106,84.74123242521553,17211,
2010-04-16,77.26778411865234,80.181157008344,76.84555579013512,77.35222849581719,8296,
2010-04-19,75.36775970458984,78.19668833213383,74.39663322097805,75.07220115114971,4117,
2010-04-20,76.93001556396484,78.49225940360526,74.94554331130301,75.24110191187914,3831,
2010-04-21,76.88777923583984,79.37892373337391,76.00109719152822,76.04332260037842,3390,
2010-04-22,76.4655532836914,77.6477874557574,76.00109954274187,76.88778161448441,1908,
2010-04-23,77.60557556152344,78.45003230007605,76.00110646973475,76.04333188373984,3160,
2010-04-26,77.52112579345703,81.02561586095801,76.29665974196149,77.77445893181623,2251,
2010-04-27,77.56334686279297,80.22338676512254,76.4233316025641,77.52112789326944,5755,
2010-04-28,76.04334259033203,77.35224685376078,76.04334259033203,76.84557402783047,2171,
2010-04-29,76.29666900634766,76.84556720348276,76.0011104210269,76.0011104210269,482,
2010-04-30,76.93001556396484,78.53448482198512,76.33889836281257,78.53448482198512,456,
2010-05-03,76.80332946777344,78.11223984770403,76.16998698252178,76.16998698252178,780,
2010-05-04,76.04334259033203,77.43669125096673,74.39664785269038,74.39664785269038,566,
2010-05-05,73.12995147705078,74.56553178263808,72.62327872795262,72.66550414149978,2000,
2010-05-06,74.77662658691406,76.00108595014521,74.31217292903087,76.00108595014521,834,
2010-05-07,77.43667602539062,77.43667602539062,71.14547625144954,71.86326315061098,4956,
2010-05-10,76.16998291015625,78.53446397242456,75.15663756500845,77.69000737057053,2967,
2010-05-11,77.09889221191406,81.74340363569942,76.1699847730028,81.06783576061719,3418,
2010-05-12,75.87442016601562,78.87224351286065,75.15663338291944,78.11223132494436,1425,
2010-05-13,78.45001983642578,78.95669251052163,76.63443684844746,76.71888122034801,1808,
2010-05-14,76.8455581665039,78.7878111148225,76.8455581665039,78.74558570358779,2609,
2010-05-17,79.21003723144531,82.75675262396668,71.94770480620811,73.04550104054202,12081,
2010-05-18,80.5189437866211,81.06784192150326,77.26778683143279,79.3789285481386,3052,
2010-05-19,77.4789047241211,81.0678458148842,76.84556217869232,80.22338908764583,1511,
2010-05-20,76.21221923828125,78.74558940686678,76.0011050575658,77.52112973579452,1883,
2010-05-21,77.52112579345703,78.53447123228015,76.00110119252918,76.00110119252918,2026,
2010-05-24,75.62109375,77.05666744309563,74.31218339717715,74.31218339717715,1101,
2010-05-25,75.36775970458984,76.00110222311581,73.46773214901195,74.73441718606388,11256,
2010-05-26,73.08773040771484,77.22556310878977,72.6232766428056,74.52330422939063,1142,
2010-05-27,73.25662231445312,75.11442456840503,72.28549577333087,72.28549577333087,284,
2010-05-28,74.73442077636719,79.8011611679853,74.312192410399,74.312192410399,5260,
2010-05-31,74.26997375488281,75.24110037351551,73.21440274391124,73.97441516034961,1646,
2010-06-01,75.15664672851562,79.16781607638585,74.31219002370084,74.69219296379015,991,
2010-06-02,73.21438598632812,74.31218216354853,72.7921576785807,73.93217926365291,666,
2010-06-03,74.69219207763672,75.83221376976607,74.10107496835677,74.31218914205579,294,
2010-06-04,74.9877700805664,75.95889029385471,74.35442744962478,74.35442744962478,482,
2010-06-07,75.07220458984375,75.95888029077845,68.82322349894669,72.6232787841646,601,
2010-06-08,76.00111389160156,76.00111389160156,71.3566013760037,71.3566013760037,9086,
2010-06-09,74.31218719482422,83.4323218367208,74.31218719482422,83.4323218367208,746,
2010-06-10,74.31218719482422,75.95887512945046,74.31218719482422,75.95887512945046,70,
2010-06-11,75.62109375,75.91665228179113,73.17216823587265,73.17216823587265,379,
2010-06-14,75.15664672851562,76.00110343333041,74.22774564175803,75.74776384480863,971,
2010-06-15,75.11443328857422,76.00111554703403,74.48109065901559,74.81887468331908,810,
2010-06-16,75.15664672851562,78.49224813545666,75.15664672851562,78.49224813545666,143,
2010-06-17,75.11443328857422,75.91667115163176,74.31220186821106,75.91667115163176,554,
2010-06-18,74.05885314941406,76.0011062187484,73.67885019539776,75.4944334658288,912,
2010-06-21,74.39662170410156,75.49441781001424,73.80550468872843,73.84772365114522,726,
2010-06-22,76.00111389160156,76.00111389160156,74.64998426651195,74.64998426651195,4065,
2010-06-23,75.9588851928711,82.67232049563135,75.62110763320771,80.09672472568725,43167,
2010-06-24,78.07001495361328,79.63226491503404,76.84555538445466,78.45002431288846,3460,
2010-06-25,77.01445007324219,78.02780200004669,76.16999335558518,76.55000274414691,1343,
2010-06-28,77.9011459350586,79.80117388469417,76.25445762245226,78.02781575357322,1081,
2010-06-29,76.21221923828125,79.92783010741206,76.21221923828125,79.92783010741206,277,
2010-06-30,78.02780151367188,79.67448952576127,76.00110411538947,76.00110411538947,1707,
2010-07-01,76.97224426269531,80.89896995967995,76.46557143401542,80.18117647279765,1069,
2010-07-02,75.9166488647461,78.11223471411793,73.12993953570597,73.12993953570597,2507,
2010-07-05,77.943359375,85.29013040726088,77.26779140855812,79.97005038893845,8977,
2010-07-06,77.183349609375,80.18116725950235,76.29666742904935,76.33889284437679,1778,
2010-07-07,77.26778411865234,80.181157008344,75.07219809890137,76.84555579013512,776,
2010-07-08,76.42332458496094,78.91446905236599,76.00109627233685,78.91446905236599,1312,
2010-07-09,76.54998779296875,77.94334239350178,76.50776238825567,77.94334239350178,2098,
2010-07-12,76.71888732910156,78.83002900817806,76.00110044675417,77.43667421144895,1772,
2010-07-13,75.87442016601562,77.69000304751223,75.36774752163551,75.53663625553148,752,
2010-07-14,76.8455581665039,77.6900148496523,75.70554293279221,75.70554293279221,2954,
2010-07-15,76.16998291015625,77.64778196340079,76.00109416686247,76.08553853850935,969,
2010-07-16,78.83001708984375,79.16780099596495,77.90111618002952,78.11223031601877,908,
2010-07-19,78.99893951416016,78.99893951416016,77.56335902862862,78.95671409532021,717,
2010-07-20,79.37895202636719,81.06786589926861,78.6611649189231,79.80118049459254,882,
2010-07-21,78.19668579101562,80.2233830729768,77.77445745905258,78.61891412297867,4212,
2010-07-22,77.31001281738281,79.37892913805263,77.0144478206929,79.37892913805263,1383,
2010-07-23,79.33670806884766,80.64561859165352,78.1544737881511,78.1544737881511,3956,
2010-07-26,78.91447448730469,80.13894054386073,78.53447155684883,79.3789282402558,1611,
2010-07-27,77.8589096069336,78.91448054218321,77.8589096069336,78.91448054218321,440,
2010-07-28,76.8455581665039,77.01444692605631,76.8455581665039,77.01444692605631,446,
2010-07-29,77.943359375,79.92783141771933,76.5077790569844,76.5077790569844,1653,
2010-07-30,78.07001495361328,79.54781409562203,77.01444413789275,78.61891306632656,2707,
2010-08-02,75.78998565673828,80.22338314640821,74.94552899203924,80.22338314640821,3623,
2010-08-03,74.31218719482422,78.32335638999939,73.88995885848999,78.23891201127117,4233,
2010-08-04,77.2255630493164,78.28113392993961,73.50995870367741,77.39445825583213,3181,
2010-08-05,87.105712890625,92.21467223579532,76.38110856600261,76.42333397953281,311353,
2010-08-06,81.23673248291016,90.0190835076637,79.63226989679482,87.65460859814495,183503,
2010-08-09,81.78562927246094,86.47236648674576,79.4633733711419,81.32118195781308,34767,
2010-08-10,80.60338592529297,82.92564174909096,79.37892634073125,82.92564174909096,3822,
2010-08-11,78.19668579101562,81.78562661270144,77.73223849147212,81.78562661270144,6370,
2010-08-12,77.01445007324219,79.71671543536071,76.4655583609199,76.55000274414691,3926,
2010-08-13,76.8455581665039,79.75893114628859,76.21221565414261,77.6900148496523,3625,
2010-08-16,77.01445007324219,82.50341873801277,76.1277743853184,82.50341873801277,667,
2010-08-17,76.88777923583984,80.94116722043898,76.00109719152822,80.94116722043898,1930,
2010-08-18,76.04334259033203,78.49226232277759,75.57888874165744,78.49226232277759,1907,
2010-08-19,76.8455581665039,82.58786618899028,76.42332982492971,82.58786618899028,3093,
2010-08-20,77.09889221191406,83.60120562813647,75.4944233406133,83.60120562813647,1084,
2010-08-23,79.04114532470703,80.18116057385942,76.00110251273624,76.00110251273624,3671,
2010-08-24,76.93001556396484,79.37894164802798,76.33889836281257,78.53448482198512,1706,
2010-08-25,77.53101348876953,81.22296245694186,77.35929081897427,81.22296245694186,1597,
2010-08-26,77.9603271484375,81.56641883458818,77.18759134410479,81.56641883458818,1688,
2010-08-27,76.67242431640625,80.66488000415475,75.55624982378919,80.62195424708514,5185,
2010-08-30,77.01585388183594,85.68765567378966,75.72796330487849,85.68765567378966,1459,
2010-08-31,77.2734603881836,80.7078364054362,76.41486638387045,80.7078364054362,283,
2010-09-01,76.71536254882812,80.36438657121748,75.55626211065005,80.36438657121748,305,
2010-09-02,76.62950134277344,80.02094444024432,76.41485287962841,80.02094444024432,845,
2010-09-03,76.75828552246094,78.99062804850418,75.47039484775706,78.13203426536826,3707,
2010-09-06,85.94523620605469,90.15234704492812,77.44515646027989,78.13203410560439,250957,
2010-09-07,84.6573486328125,88.43516271928029,83.88461289117461,86.7179750936632,33765,
2010-09-08,84.35684967041016,87.49071867819981,81.86692607995187,83.32653962290055,12167,
2010-09-09,81.69520568847656,85.00079068269328,81.22297645335223,83.28360299213382,6548,
2010-09-13,84.91493225097656,87.53363953773021,80.96540188941859,81.56641495836503,14625,
2010-09-14,83.62703704833984,88.43516099627985,81.8239913866812,87.70535757972168,32327,
2010-09-15,84.05633544921875,85.43008423739839,82.12449937349868,85.43008423739839,8418,
2010-09-16,81.18003845214844,84.09925184553754,80.70780928822069,83.79874535510633,4170,
2010-09-17,82.21035766601562,83.71289684006814,80.83660887413495,82.4250061194517,3402,
2010-09-20,83.06895446777344,83.8846159999497,80.7507537074979,81.99571216198825,4610,
2010-09-21,82.8113784790039,84.95786321459812,81.7381361112068,82.42501384681758,1877,
2010-09-22,80.40731048583984,83.79875336742552,79.93508127676046,81.5664108029292,2007,
2010-09-23,81.1371078491211,81.99570158297423,80.62195291891929,81.56640471604767,2211,
2010-09-24,82.8113784790039,83.28360774105526,79.24821905835877,79.24821905835877,5328,
2010-09-27,90.45286560058594,97.87970410839462,86.07403804268912,86.07403804268912,113859,
2010-09-28,89.55134582519531,93.157437562222,88.4351711420172,90.15235893118258,21482,
2010-09-29,94.87460327148438,98.30897805054263,90.19527025523752,90.32405406901216,89644,
2010-09-30,98.18020629882812,101.3140751889351,93.58673047113496,93.58673047113496,44119,
2010-10-01,97.19281768798828,100.32668643736493,96.16250772543614,100.32668643736493,14972,
2010-10-04,105.52118682861328,106.89493569612388,97.87970015548692,97.87970015548692,78577,
2010-10-05,111.8318328857422,115.09449166692828,105.69288643065664,108.8696871492958,48702,
2010-10-06,112.69044494628906,120.20314127604166,111.61720261346728,113.80661959264428,17176,
2010-10-07,113.42024230957033,118.82937258217544,110.62981255578778,111.61719015130112,24212,
2010-10-08,110.41515350341795,117.58440293666052,109.25604678432308,117.58440293666052,10151,
2010-10-11,110.9732437133789,115.86722553545084,110.32929839202468,115.86722553545084,1536,
2010-10-12,110.9732437133789,115.05156408195568,109.90000151112186,113.29144425003392,4079,
2010-10-13,115.48088073730467,117.62736550937356,110.80154655441524,115.91017769171846,10274,
2010-10-14,111.53133392333984,115.0515738871949,109.90001087732053,115.0515738871949,5726,
2010-10-15,111.48841857910156,114.87986172467008,109.04142082410382,109.04142082410382,6743,
2010-10-18,111.53133392333984,112.5187246942271,107.36716168435272,112.5187246942271,1468,
2010-10-19,109.42777252197266,115.86722574728805,105.30652638810116,115.86722574728805,8891,
2010-10-20,107.1095733642578,111.6171906801885,106.46562803341055,108.8267609131838,5257,
2010-10-21,106.8520050048828,109.04142200392228,104.83431071098352,109.04142200392228,4000,
2010-10-22,105.993408203125,109.04141899202008,105.6070435906966,109.04141899202008,696,
2010-10-25,108.6550521850586,109.04141678968348,107.3242291237042,108.99848447781356,2814,
2010-10-26,105.4782485961914,107.06664583981876,104.70551285453324,104.70551285453324,772,
2010-10-27,105.0489501953125,106.98078624669952,103.031256073974,104.31914677489868,2414,
2010-10-28,107.32423400878906,107.32423400878906,103.28884543027914,103.28884543027914,2953,
2010-10-29,102.25852966308594,106.42270866548616,99.1675930092709,103.93279165720968,2787,
2010-11-01,103.3317642211914,112.90508655892114,102.1726638822176,112.90508655892114,4353,
2010-11-02,102.90248107910156,108.569199700312,101.78631290174825,108.569199700312,3690,
2010-11-03,103.46055603027344,106.03633750820556,103.03125911728476,104.10450139975646,3133,
2010-11-04,103.76105499267578,108.182814184121,102.2585159067852,102.2585159067852,2839,
2010-11-08,104.66258239746094,107.28128947875008,98.18019678126448,98.18019678126448,1279,
2010-11-09,104.7055206298828,104.74845294393286,99.63982199844524,99.63982199844524,2187,
2010-11-10,102.98833465576172,105.69290672384903,102.60197002484276,105.26360977813842,10400,
2010-11-11,108.78382110595705,113.33437041716952,103.88983954907206,104.74843326435364,28591,
2010-11-12,107.66767120361328,115.91017093798172,106.72321926904368,108.4404069866434,3697,
2010-11-15,108.9126205444336,111.617192282938,107.28129103941896,111.617192282938,2125,
2010-11-16,100.28376007080078,111.18789888570343,99.59688239954905,111.18789888570343,3878,
2010-11-18,99.42516326904295,111.18789554423606,96.1195719448548,111.18789554423606,3308,
2010-11-19,98.60948944091795,103.03124849911508,98.30898294290564,103.03124849911508,1701,
2010-11-22,101.7433624267578,105.56410210863945,94.87461222073196,98.7382842116215,5615,
2010-11-23,101.5716552734375,111.402552254902,91.26852905333097,100.11204179525834,2071,
2010-11-24,102.47315979003906,120.11725691214346,99.59687212079848,120.11725691214346,2968,
2010-11-25,93.75843048095705,103.03124516612868,93.58671435923355,103.03124516612868,2693,
2010-11-26,92.98571014404295,99.55394740182253,87.27606012632967,99.55394740182253,4923,
2010-11-29,94.10187530517578,99.59687670960916,91.09679712859274,99.59687670960916,320,
2010-11-30,91.69782257080078,103.84691987999211,90.1523510750088,103.84691987999211,1485,
2010-12-01,96.20545196533205,103.03127105232804,91.09681417865636,103.03127105232804,2759,
2010-12-02,109.04141235351562,115.18035276919808,96.16250538262796,97.02109918068712,476182,
2010-12-03,103.20298767089844,113.33439865580476,101.74338061146108,110.58690070255145,18968,
2010-12-06,102.77367401123048,106.80906875332217,100.4554733991624,106.80906875332217,1646,
2010-12-07,102.6448974609375,113.29145596809076,98.82415089538142,113.29145596809076,47809,
2010-12-08,96.63473510742188,105.1348085131233,94.87461519178828,105.1348085131233,5334,
2010-12-09,89.2079086303711,103.0312692823031,87.79122736762909,103.0312692823031,6830,
2010-12-10,91.8266143798828,99.08173671742156,80.7078260683471,92.72814058916477,4024,
2010-12-13,95.4756317138672,99.5968847369979,91.01094639760151,91.01094639760151,5684,
2010-12-14,97.70797729492188,99.59688103923882,94.53117629696048,99.59688103923882,6497,
2010-12-15,95.1322021484375,102.12973685524348,89.55134206781105,89.55134206781105,713,
2010-12-16,93.15744018554688,96.16251890120968,92.1700558688616,94.44533106368807,308,
2010-12-20,90.92508697509766,96.97816948422089,89.29375740470911,91.86953886830648,2048,
2010-12-21,92.34176635742188,95.64735119690005,91.26852410106204,95.64735119690005,775,
2010-12-22,94.91754913330078,96.16250754830398,88.90739241153179,91.86953846132612,2227,
2010-12-23,93.45793151855467,106.89492546778844,91.869534337778,106.89492546778844,14612,
2010-12-24,95.86198425292967,98.65241367132792,92.29881922394196,98.65241367132792,4795,
2010-12-27,94.78876495361328,98.56657930748636,93.7584483749835,94.18774531177472,520,
2010-12-28,93.9730987548828,101.95802456184131,93.58673412413224,101.95802456184131,832,
2010-12-29,96.67765808105467,98.69535214900172,94.44531556863348,98.69535214900172,691,
2010-12-30,96.0337142944336,100.88477052779518,94.53117515891324,100.88477052779518,396,
2010-12-31,94.78876495361328,100.36962513189924,94.65997456246564,100.36962513189924,141,
2011-01-03,95.56148529052734,99.08171829262086,94.44531081521826,99.08171829262086,446,
2011-01-04,95.5185546875,98.6524231851101,94.61702862977982,98.6524231851101,42,
2011-01-05,96.54886627197266,98.73828299334976,93.5867204023924,98.73828299334976,561,
2011-01-06,93.62965393066406,100.02617494421553,92.98570859840515,100.02617494421553,688,
2011-01-07,94.61701965332033,100.88475605391088,93.62964217493467,100.88475605391088,4686,
2011-01-10,90.79630279541016,96.16251454454788,88.86446656572058,94.4453267848238,1945,
2011-01-11,88.22051239013672,94.27360126194309,86.88968938836203,90.79629377379035,3070,
2011-01-12,89.07910919189453,92.5564167974371,87.57657000070596,89.42254803141927,690,
2011-01-13,88.3063735961914,91.86953928025544,88.09172513992912,89.33669011658097,184,
2011-01-14,90.83922576904295,94.44531707344512,86.15988567461909,91.69781956061976,1660,
2011-01-17,86.37454223632812,96.11958137603968,83.36946368351963,96.11958137603968,7787,
2011-01-18,88.22051239013672,90.0235580485841,85.8593794551209,87.57656704422331,372,
2011-01-19,85.08663940429688,89.89476309923904,85.00078133931675,89.89476309923904,497,
2011-01-20,85.08663940429688,87.36191415429776,85.04371364708204,85.04371364708204,161,
2011-01-21,88.1346435546875,92.59932812074908,87.5765563462923,89.63718251160918,10876,
2011-01-24,89.2079086303711,99.42517747764316,88.43517280064349,90.83923837078456,9183,
2011-01-25,88.56395721435547,90.15235453170868,87.6624310488179,90.15235453170868,1865,
2011-01-27,88.0488052368164,89.7230606868285,87.96294060815818,89.16497335330732,510,
2011-01-28,84.57149505615234,94.31653403931446,81.82399732937095,85.55887930346641,2318,
2011-01-31,88.43517303466797,89.25083463175733,83.41239995397434,88.04880839405757,1148,
2011-02-01,87.40486145019531,91.01095320213471,85.08665399490432,85.08665399490432,1563,
2011-02-02,85.859375,87.57656250000001,85.859375,86.71796875000001,121,
2011-02-03,83.32653045654297,85.90231184251894,82.42500435123105,84.65734690896674,567,
2011-02-04,82.8972396850586,84.87200162991299,82.25329429097647,83.32653661444667,584,
2011-02-07,80.57903289794922,83.28360488206468,79.84922942301047,82.42501101730113,1389,
2011-02-08,74.39716339111328,85.73060034930276,73.839076041157,85.73060034930276,2196,
2011-02-09,71.82137298583984,78.56133303442039,69.11680119421685,71.82137298583984,641,
2011-02-10,69.84660339355469,71.8213717275848,68.81629346743942,71.8213717275848,1453,
2011-02-11,72.76582336425781,77.18758267231401,68.85921901769683,69.54609666672428,1776,
2011-02-14,77.18757629394531,77.445150478133,75.85675341538325,77.18757629394531,393,
2011-02-15,77.83151245117188,77.91737050249725,75.42744771076487,76.5006897287056,1870,
2011-02-16,77.61688995361328,79.84923278590459,77.27345108313347,77.27345108313347,12,
2011-02-17,78.04617309570312,80.23558322536473,73.15218479597924,73.15218479597924,628,
2011-02-18,77.7885971069336,77.7885971069336,77.27344213613618,77.27344213613618,125,
2011-02-21,79.8492202758789,79.8492202758789,77.57394548478945,77.57394548478945,117,
2011-02-22,78.34668731689453,78.38961962879546,78.34668731689453,78.38961962879546,138,
2011-02-23,80.14971923828125,80.27850960122744,78.34667380868453,80.19265154277997,87,
2011-02-24,76.58658599853516,80.57904960771764,76.414869810194,77.27346385300517,685,
2011-02-25,76.45777893066406,79.6345733048137,76.45777893066406,79.6345733048137,200,
2011-02-28,75.64209747314453,78.90475588651266,74.99815225081262,75.59917172198546,457,
2011-03-01,76.41485595703125,79.80629919108338,75.47040399126813,75.5562620698736,1717,
2011-03-03,78.13203430175781,78.99062808529362,78.13203430175781,78.90477001705018,1525,
2011-03-04,77.31639099121094,77.31639099121094,77.31639099121094,77.31639099121094,400,
2011-03-07,77.23051452636719,77.23051452636719,77.18758876400945,77.18758876400945,59,
2011-03-08,75.04109954833984,77.87445516247338,75.04109954833984,77.87445516247338,251,
2011-03-09,72.80874633789062,76.84413399447553,72.20772683441955,72.42237525339853,1486,
2011-03-10,72.9804916381836,73.75322756563956,71.26330359963809,71.69260060927446,625,
2011-03-11,71.69258880615234,73.19512809250882,71.69258880615234,71.69258880615234,2562,
2011-03-14,72.55117797851562,75.55625635632397,72.37946183428984,75.55625635632397,560,
2011-03-15,73.75321197509766,74.65473157443213,72.8087600636539,74.65473157443213,626,
2011-03-16,74.74058532714844,77.27343415994892,74.69765302128395,77.27343415994892,1531,
2011-03-17,76.15725708007812,76.32897974704913,72.20772744744436,72.20772744744436,21,
2011-03-18,72.42239379882812,75.55626282853092,71.00571256068287,72.98048114119464,661,
2011-03-21,72.03601837158203,72.03601837158203,70.96277616268048,70.96277616268048,60,
2011-03-22,75.126953125,75.55625,72.20773306488991,73.1092591226101,95,
2011-03-23,72.164794921875,76.15724993369844,72.164794921875,76.15724993369844,476,
2011-03-24,72.164794921875,72.164794921875,72.164794921875,72.164794921875,0,
2011-03-25,69.88953399658203,75.55625155294261,69.54609517941309,72.20773454900889,3006,
2011-03-28,69.80368041992188,73.538562239316,69.76074810855773,70.83399038715093,4727,
2011-03-29,69.6319580078125,71.17742951548372,69.15973533364426,69.15973533364426,7162,
2011-03-30,70.1900405883789,72.12187656787557,69.58902757053352,70.4046890305452,2241,
2011-03-31,72.55117797851562,72.55117797851562,70.49055149505114,71.2632872451692,104,
2011-04-01,73.71028137207031,74.13957830091236,70.40469633009675,70.40469633009675,564,
2011-04-04,75.2986831665039,75.55626395931314,72.98048223342747,72.98048223342747,749,
2011-04-05,77.14464569091797,81.56640473119269,74.01077725166208,75.94261315319032,341,
2011-04-06,77.14464569091797,77.14464569091797,77.14464569091797,77.14464569091797,0,
2011-04-07,78.64718627929688,82.08156128320111,77.27343758784528,77.27343758784528,6300,
2011-04-08,75.81383514404297,81.56641098259513,75.6421124537491,77.35930005338268,396,
2011-04-11,75.98555755615234,77.27344836218882,75.98555755615234,76.41485449149783,100,
2011-04-13,77.2734603881836,81.52349808931272,76.58658256451211,81.52349808931272,84,
2011-04-15,87.40486145019531,92.72814099840144,80.92247489906791,80.92247489906791,25561,
2011-04-18,85.4730224609375,97.879701274151,85.08665128873503,97.879701274151,4611,
2011-04-19,85.90231323242188,87.57656854017544,83.49824794639277,85.85938092174064,1905,
2011-04-20,82.8113784790039,85.00079552953062,78.64719940206146,78.64719940206146,4262,
2011-04-21,82.72550964355469,85.81644595081032,82.51086119790428,83.28359691235588,2483,
2011-04-25,82.98309326171875,85.00078741033883,81.65227023254862,82.42500597366188,1061,
2011-04-26,82.42499542236328,82.42499542236328,81.566401720047,82.42499542236328,3803,
2011-04-27,81.00833892822266,84.0992758783984,80.70783235191637,82.51087836030621,3917,
2011-04-28,81.00833892822266,81.00833892822266,81.00833892822266,81.00833892822266,0,
2011-04-29,80.27851867675781,80.70781556807738,80.27851867675781,80.70781556807738,261,
2011-05-02,78.64718627929688,79.84921884077345,78.13203133882133,79.84921884077345,534,
2011-05-03,77.7027359008789,78.13203278430917,77.27343901744864,77.27343901744864,430,
2011-05-04,79.24821472167969,81.5234831764594,77.27344625277712,77.27344625277712,2250,
2011-05-05,82.72550964355469,85.00078447755908,77.91738577109582,77.91738577109582,181,
2011-05-06,79.89215087890625,79.89215087890625,78.64718601386245,78.64718601386245,36,
2011-05-09,79.89215087890625,84.65734225041057,78.73304407856018,81.13710919339961,275,
2011-05-10,79.54871368408203,84.95785047642867,79.24820717626565,84.95785047642867,707,
2011-05-11,81.56639862060547,84.91491524250873,79.8492112812243,80.19265005921051,106,
2011-05-12,80.66488647460938,80.70781878567321,79.2052796061527,79.2911376777294,253,
2011-05-13,83.15480041503906,84.82906209822454,80.14972239709356,84.14218450247405,9062,
2011-05-16,81.56639862060547,84.14217962967723,78.13202394184314,84.14217962967723,208,
2011-05-17,81.56639862060547,85.60178624793127,81.56639862060547,85.60178624793127,311,
2011-05-18,81.56639862060547,83.97046351595905,80.79366300777397,83.97046351595905,416,
2011-05-19,80.27851867675781,80.27851867675781,80.27851867675781,80.27851867675781,20,
2011-05-20,81.56639862060547,84.70026682508608,80.70780495091489,84.14217962967723,352,
2011-05-23,81.56639862060547,81.56639862060547,81.56639862060547,81.56639862060547,0,
2011-05-24,76.2001953125,78.561328125,75.55625,77.6168763101101,1761,
2011-05-25,76.2001953125,90.15234375,74.09664324522019,90.15234375,2395,
2011-05-26,78.21790313720703,78.5613420080081,76.41485725369094,78.5613420080081,96,
2011-05-27,78.30375671386719,78.99063441596564,78.13204056361819,78.99063441596564,593,
2011-05-30,78.13203430175781,79.84922186882942,78.13203430175781,79.41992497706151,640,
2011-05-31,77.48809051513672,77.48809051513672,77.48809051513672,77.48809051513672,28,
2011-06-01,80.9224624633789,82.42500155421088,78.00324234822382,81.39469165500347,1372,
2011-06-02,80.70783233642578,82.8543172389903,79.84923837539998,80.70783233642578,112,
2011-06-03,81.00833892822266,81.39471014108967,80.70783235191637,80.70783235191637,212,
2011-06-06,78.13203430175781,80.70781565236521,77.78859547823335,80.70781565236521,66,
2011-06-07,79.03356170654297,81.13711389090156,75.98555110417766,77.78859676942086,710,
2011-06-08,77.4022216796875,79.80628005700942,77.31636362166707,79.03355098427555,2546,
2011-06-09,77.35930633544922,79.84922986722567,77.31638057230305,79.84922986722567,66,
2011-06-10,77.74567413330078,79.80629409033526,77.70274182146628,79.41992948602906,438,
2011-06-13,78.69012451171875,79.67750870979239,78.43254374681224,78.99063103707569,1669,
2011-06-14,80.27851867675781,82.42500313335562,79.16234413910668,81.5664093507165,750,
2011-06-15,79.5916519165039,80.53611044702498,78.99063880667377,79.41993575671005,2505,
2011-06-16,80.62196350097656,84.91493273371704,79.41993080569898,80.27852465224709,505,
2011-06-17,79.80628967285156,82.4250033365777,78.56133130517563,82.4250033365777,1098,
2011-06-20,77.4022216796875,78.99061867999036,77.35928937540231,78.99061867999036,1275,
2011-06-21,78.99063110351562,80.70781873620075,78.99063110351562,80.70781873620075,1389,
2011-06-22,72.80874633789062,78.13202450834942,71.30620740503775,77.61686961290985,7941,
2011-06-23,73.88200378417969,76.20020457061449,71.26328990829299,74.3971587866595,863,
2011-06-24,73.28097534179688,76.3719115354579,72.98046883904033,76.3719115354579,712,
2011-06-27,75.85675811767578,78.13203291373533,73.8390640723213,78.13203291373533,903,
2011-06-28,74.6976547241211,75.98554532281284,73.83906099165993,75.98554532281284,1212,
2011-06-29,74.6976547241211,75.55624845658225,74.6976547241211,74.6976547241211,314,
2011-06-30,73.83907318115234,81.30883726646697,71.82137888689392,71.82137888689392,875,
2011-07-01,77.2734603881836,77.2734603881836,77.2734603881836,77.2734603881836,79,
2011-07-04,77.14464569091797,78.04617173185129,76.45777463403813,77.27343606112993,403,
2011-07-05,77.2734603881836,78.99064839680989,76.50072447419127,78.99064839680989,156,
2011-07-06,80.02094268798828,80.66488806332258,77.27344504011572,77.27344504011572,352,
2011-07-07,82.08157348632812,83.24067391236001,80.0638791816724,81.35176999960815,3314,
2011-07-08,83.24065399169922,83.24065399169922,83.24065399169922,83.24065399169922,350,
2011-07-11,81.39469909667969,83.71289985711786,80.4073148651778,83.71289985711786,512,
2011-07-12,81.39469909667969,81.39469909667969,81.39469909667969,81.39469909667969,0,
2011-07-13,78.51840209960938,81.56641277620369,78.04617942965668,81.56641277620369,306,
2011-07-14,79.8492202758789,81.48054974216289,78.13203274306431,81.48054974216289,740,
2011-07-15,83.11187744140625,83.88460657430336,80.36437351698719,80.36437351698719,125,
2011-07-18,81.00833892822266,82.42502027429757,80.87954852393365,82.08158137971091,957,
2011-07-19,80.19267272949219,83.24067718822761,77.27345211717737,77.48810059528064,808,
2011-07-20,80.89151763916016,85.04092061019144,80.89151763916016,85.04092061019144,960,
2011-07-21,81.19725036621094,82.98804774663219,79.93059335596679,82.98804774663219,454,
2011-07-22,79.75588989257812,82.0708144748281,79.66852871498806,79.79956381665103,1357,
2011-07-25,78.79495239257812,81.98344137478391,78.48920833449715,81.98344137478391,358,
2011-07-26,81.32829284667969,82.55127604698691,80.36737985526767,81.63403698057593,563,
2011-07-27,78.6202621459961,80.80415831671822,76.96049972330285,80.36737908257379,1360,
2011-07-28,78.6202621459961,78.6202621459961,78.6202621459961,78.6202621459961,0,
2011-07-29,76.87313842773438,78.57657462473303,76.34900472594414,78.57657462473303,492,
2011-08-01,79.36278533935547,79.45013985305087,76.8731450430643,76.8731450430643,413,
2011-08-02,78.31452178955078,79.40646992754027,76.87314891446015,79.40646992754027,657,
2011-08-03,75.60649108886719,81.59036550054894,75.56281049783495,81.54668490951669,415,
2011-08-04,76.82946014404297,78.62025756559241,75.56280310470827,75.65015761350345,27,
2011-08-05,73.68464660644531,76.87313596521972,71.0202975973927,76.87313596521972,1727,
2011-08-08,71.63178253173828,78.62024912020055,71.63178253173828,73.37889917885386,2738,
2011-08-09,71.63178253173828,72.94212001707496,69.92834646668905,72.50534085529607,950,
2011-08-10,70.93294525146484,73.33523104915848,70.75823622297602,73.33523104915848,1184,
2011-08-11,69.97203063964844,69.97203063964844,69.97203063964844,69.97203063964844,20,
2011-08-12,76.74210357666016,76.74210357666016,76.74210357666016,76.74210357666016,1,
2011-08-16,76.74210357666016,76.74210357666016,76.74210357666016,76.74210357666016,0,
2011-08-17,70.4087905883789,71.63177341871567,69.9283375703782,70.7582152062923,203,
2011-08-18,68.53064727783203,69.97201983330191,68.13754870121345,69.8846653345779,872,
2011-08-19,67.1766357421875,67.26399024072475,64.64331529628093,67.26399024072475,1875,
2011-08-22,67.26399230957031,71.63178401798396,63.02723568535331,68.5743298220944,662,
2011-08-23,74.03407287597656,74.25246247148091,74.03407287597656,74.25246247148091,101,
2011-08-24,69.53526306152344,75.86856289644672,69.44790853467603,73.37892222531806,791,
2011-08-25,72.33063507080078,72.33063507080078,72.33063507080078,72.33063507080078,10,
2011-08-26,68.92375183105469,69.88466463686743,68.00651294180742,68.00651294180742,20,
2011-08-29,67.30768585205078,68.13756377054663,67.26400526066783,68.13756377054663,1627,
2011-08-30,68.22491455078125,68.57433926853349,67.26400157550418,67.26400157550418,283,
2011-09-02,68.3996353149414,69.01112361781782,67.26400656420218,69.01112361781782,564,
2011-09-05,68.3996353149414,68.3996353149414,68.3996353149414,68.3996353149414,0,
2011-09-06,68.18122863769531,68.18122863769531,68.18122863769531,68.18122863769531,50,
2011-09-07,68.6180191040039,69.7973216818355,65.77895413361722,68.1375592892804,919,
2011-09-08,68.0938720703125,70.58351874908352,67.48238387904468,70.58351874908352,2262,
2011-09-09,70.32145690917969,75.99958697016935,66.5651528183284,66.5651528183284,2118,
2011-09-12,68.312255859375,72.4616577518942,68.13754686663096,72.4616577518942,120,
2011-09-13,68.13755798339844,70.62719819215515,67.56974366725906,69.88467485476762,201,
2011-09-14,66.43411254882812,69.40420548926689,65.86629831090153,67.52606044302503,365,
2011-09-15,67.35134887695312,68.48697742186721,66.69618010059226,66.69618010059226,390,
2011-09-16,69.62260437011719,70.75823299769739,67.35135377967869,70.71455241020512,239,
2011-09-19,70.27777862548828,70.75823846614739,67.48239409271464,67.48239409271464,255,
2011-09-20,67.96283721923828,69.84098219966862,67.3513424210826,69.01110449504688,1354,
2011-09-21,70.10305786132812,70.14673844488726,69.44788909626898,70.14673844488726,17,
2011-09-22,67.6134033203125,70.75821138212986,66.87088021282672,66.87088021282672,261,
2011-09-23,68.13755798339844,69.88467485476762,66.39044111202925,69.88467485476762,1237,
2011-09-26,68.18122863769531,68.18122863769531,66.52146651876222,66.52146651876222,282,
2011-09-27,68.18122863769531,68.18122863769531,68.18122863769531,68.18122863769531,0,
2011-09-28,68.9674301147461,69.01111069879845,67.48238356306557,67.52606414711792,402,
2011-09-29,68.5743408203125,68.96743947122792,68.22491609465307,68.22491609465307,34,
2011-09-30,70.71454620361328,70.71454620361328,70.71454620361328,70.71454620361328,1,
2011-10-03,68.22491455078125,68.96743791055341,65.82262878022752,65.82262878022752,635,
2011-10-04,68.22491455078125,68.22491455078125,68.22491455078125,68.22491455078125,0,
2011-10-05,68.26859283447266,69.88467460169241,67.08929028351348,69.88467460169241,342,
2011-10-07,67.35134887695312,69.57892538246867,67.35134887695312,67.43870338085696,667,
2011-10-10,68.66169738769531,71.10766387569362,67.83181947108294,69.88468063169447,637,
2011-10-11,67.04560852050781,67.04560852050781,66.95825401173164,66.95825401173164,2,
2011-10-12,68.3996353149414,75.12603330547256,68.13756509101,75.12603330547256,1022,
2011-10-13,70.27777862548828,70.32145921635636,70.23410469934264,70.32145921635636,270,
2011-10-14,69.4478988647461,69.88467810288915,68.13756115031693,68.66169490314414,518,
2011-10-17,69.4478988647461,69.88467810288915,69.4478988647461,69.88467810288915,33,
2011-10-18,68.3996353149414,69.14215872978353,68.3996353149414,69.14215872978353,200,
2011-10-19,70.49616241455078,70.49616241455078,68.53065595320024,68.57433654045234,110,
2011-10-20,68.26859283447266,68.31226675726556,68.26859283447266,68.31226675726556,10,
2011-10-21,69.0111083984375,71.58810281831346,68.31225906522307,71.58810281831346,7,
2011-10-24,69.0111083984375,69.05478898103384,69.0111083984375,69.0111083984375,113,
2011-10-25,69.0111083984375,69.0111083984375,69.0111083984375,69.0111083984375,0,
2011-10-28,67.96283721923828,71.63177934928916,67.26398792555202,71.63177934928916,19,
2011-10-31,69.88467407226562,69.88467407226562,69.88467407226562,69.88467407226562,2,
2011-11-01,68.35594940185547,68.48698450362134,67.96285076127998,68.48698450362134,150,
2011-11-02,69.4478988647461,69.4478988647461,66.82722343588775,66.87090402559096,20,
2011-11-03,67.438720703125,67.56975582499906,67.39504677231575,67.56975582499906,60,
2011-11-04,68.26859283447266,70.97662264234386,68.1375577366501,70.93294205482901,173,
2011-11-08,71.19501495361328,73.33523052866124,69.88467725508052,72.46167206297274,1016,
2011-11-09,67.87548065185547,69.8846675086167,67.30767306012496,69.79731300717518,329,
2011-11-11,66.82721710205078,67.0019261148603,66.82721710205078,66.87089768761398,150,
2011-11-14,67.26399230957031,67.26399230957031,61.4111540861845,65.60423012742888,2492,
2011-11-15,64.0318374633789,67.30768167198174,63.76976726080184,65.51688417205668,1132,
2011-11-16,63.76974487304688,66.39041931988442,62.15366363044101,62.54676213157874,1199,
2011-11-17,63.24564743041992,66.91459108510226,61.14910534286277,62.284734250833935,411,
2011-11-18,58.65945053100586,64.4686154852028,57.91692719055708,62.72149860663061,1311,
2011-11-21,58.96519088745117,62.241034825642906,56.781294928656685,57.69853389723899,78,
2011-11-22,63.027252197265625,65.21114862361077,56.99969672760841,59.40198279658808,3448,
2011-11-23,61.23644256591797,61.23644256591797,61.23644256591797,61.23644256591797,254,
2011-11-24,64.1628646850586,67.26399980970659,59.44565444576585,59.44565444576585,1328,
2011-11-25,61.280120849609375,67.26399433760815,60.05713780143585,65.8226216974294,86,
2011-11-28,60.58126831054688,64.64331584164874,59.40196590854209,59.40196590854209,210,
2011-11-29,60.36288833618164,64.46861710266894,60.36288833618164,64.42493651371994,19,
2011-11-30,57.78588485717773,64.46860741401292,56.781291444825065,61.14908309442699,10662,
2011-12-01,56.912330627441406,60.88701731609825,56.0387722345865,60.88701731609825,682,
2011-12-02,56.51922225952149,59.2709323794061,55.90773408386769,55.99508858542948,226,
2011-12-05,58.22267150878906,58.70312465319239,57.65485718838331,57.65485718838331,86,
2011-12-07,57.611175537109375,57.611175537109375,53.94223281326966,55.907739272052766,143,
2011-12-08,56.25715255737305,57.56748993061285,55.03416967607179,55.51462604645433,410,
2011-12-09,54.90315246582031,55.16522269160803,53.54913740614961,54.20430630589621,705,
2011-12-12,52.45718002319336,56.73761408338325,52.45718002319336,53.28706115020144,1070,
2011-12-13,52.45718002319336,52.45718002319336,52.45718002319336,52.45718002319336,310,
2011-12-14,53.11234664916992,57.69853128756872,53.11234664916992,57.69853128756872,248,
2011-12-15,55.03417205810547,55.03417205810547,51.53993891155909,51.53993891155909,166,
2011-12-16,52.45718002319336,55.95141687360012,52.41350277068994,53.37441565520828,10,
2011-12-19,49.57442855834961,52.45716999306796,48.0893789306583,52.45716999306796,1082,
2011-12-20,51.321556091308594,51.321556091308594,51.321556091308594,51.321556091308594,1,
2011-12-21,51.8020133972168,55.86406136416038,48.0893901295831,50.66638812300103,297,
2011-12-22,50.18593978881836,53.85488639634989,45.07562022864041,45.07562022864041,1184,
2011-12-23,49.7928352355957,50.666393748500894,49.7928352355957,50.666393748500894,88,
2011-12-26,48.96294021606445,52.4134960383977,48.91926296917119,52.4134960383977,61,
2011-12-27,48.52616882324219,50.6663875860204,46.691697502209934,50.6663875860204,47,
2011-12-28,49.05030822753906,51.5399484733942,45.4687165884459,47.34686858609874,228,
2011-12-29,48.395137786865234,58.48473353609686,45.86181703665786,54.946825934959215,2958,
2011-12-30,49.18133544921875,51.758333301148944,48.52616667325484,48.52616667325484,1425,
2012-01-02,52.32614135742188,54.8157810773953,50.01121062439651,54.77210383065829,125,
2012-01-03,50.14225006103516,51.58361932296635,49.792825392006655,50.6663837322173,211,
2012-01-04,52.15143966674805,52.19511692238663,49.79283120629352,49.79283120629352,203,
2012-01-05,52.15143966674805,52.19511692238663,47.25951039092366,51.97672731183271,339,
2012-01-06,50.27328109741211,52.4134996669514,49.88017918343786,50.75373751122039,750,
2012-01-09,51.45259475708008,53.50545581032782,49.83650960257598,53.50545581032782,138,
2012-01-10,55.12152862548828,55.4709532862197,53.243380238048346,53.243380238048346,1499,
2012-01-11,54.99050521850586,56.78129937858916,54.379013635648846,56.78129937858916,959,
2012-01-12,52.36982727050781,57.5675004689902,52.36982727050781,57.5675004689902,74,
2012-01-13,51.45259475708008,52.457184989204286,50.66639080814716,52.457184989204286,704,
2012-01-16,54.81578826904297,56.25716092699,50.6663859697927,50.6663859697927,11231,
2012-01-17,54.02959060668945,58.31002848780216,52.8502879926896,58.31002848780216,1559,
2012-01-18,52.89396286010742,54.16062326421035,52.45718364023476,53.28706482446502,1105,
2012-01-19,52.41350173950195,54.68475214860276,51.80201021940229,54.16061846415202,269,
2012-01-20,53.6364860534668,55.25256772920272,50.31696153191066,51.53994460115353,293,
2012-01-23,53.8985481262207,54.02957987265469,53.28705664578064,54.02957987265469,293,
2012-01-24,53.94222640991211,53.94222640991211,53.28705766809132,53.28705766809132,5,
2012-01-25,54.116943359375,54.90314391724039,51.14684347669911,52.58821616466023,108,
2012-01-27,54.64107131958008,56.388191262206014,52.6318878842469,52.6318878842469,494,
2012-01-30,55.38360595703125,57.30543184276694,55.07785850621987,55.68935007548167,679,
2012-01-31,54.24798202514648,56.73762244052017,53.37442351696467,55.03418601545462,936,
2012-02-01,56.51922225952149,58.09162994651877,56.51922225952149,58.09162994651877,502,
2012-02-02,56.73761749267578,58.09163572816848,55.03418121615961,55.55831494241674,4490,
2012-02-03,56.78129959106445,58.22267237516667,54.42269109542495,55.90774113581731,400,
2012-02-06,54.116943359375,58.35370358414386,53.4617745616401,56.78129580369143,1573,
2012-02-07,55.03417205810547,56.47554456400001,54.16061377146888,54.33532609526827,472,
2012-02-08,55.9077377319336,56.344516932964325,55.2525689303875,56.344516932964325,554,
2012-02-09,55.9077377319336,55.9077377319336,53.06867292523384,55.03417932987213,1105,
2012-02-10,55.9077377319336,57.56750002879471,55.03417932987213,55.03417932987213,1199,
2012-02-13,56.824981689453125,56.824981689453125,56.78130109964141,56.78130109964141,450,
2012-02-14,57.96060180664063,58.39738103150562,57.82956670623671,57.82956670623671,301,
2012-02-15,61.54218673706055,62.02264652390909,53.942231307766,56.7812961134379,6688,
2012-02-16,62.765174865722656,63.2456346911003,61.58587226174016,61.58587226174016,1464,
2012-02-17,61.498512268066406,65.51687954736018,60.62495387410161,65.51687954736018,718,
2012-02-21,62.06632614135742,64.55596621453677,61.19276775324386,61.19276775324386,727,
2012-02-22,58.52840423583984,64.16285242549137,58.52840423583984,64.16285242549137,830,
2012-02-23,58.52840423583984,58.61575873011338,58.52840423583984,58.61575873011338,2710,
2012-02-24,58.52840423583984,58.52840423583984,58.52840423583984,58.52840423583984,330,
2012-02-27,57.65485382080078,58.52841221202504,57.65485382080078,58.52841221202504,384,
2012-02-28,55.9077377319336,64.59964116655647,55.16521442312569,56.86865064125686,1353,
2012-02-29,56.16980743408203,60.05713962384595,55.252568453938274,55.90773724983477,779,
2012-03-01,55.470951080322266,57.78588186779956,55.470951080322266,57.043358658723655,106,
2012-03-02,54.37901306152344,55.470961114967686,53.68016697379132,55.470961114967686,621,
2012-03-05,54.72843933105469,55.90774192943425,53.81120027413603,55.90774192943425,582,
2012-03-06,53.37441635131836,53.50545144289835,53.37441635131836,53.50545144289835,51,
2012-03-07,53.28706359863281,54.72843632399921,53.28706359863281,54.72843632399921,108,
2012-03-09,53.24338150024414,55.601989685193445,53.068669165736665,55.601989685193445,849,
2012-03-12,52.58821487426758,54.59739847154841,52.41350253268647,52.54453762196249,5401,
2012-03-13,52.63189697265625,54.16062427061722,51.53994890268413,52.588219716329576,922,
2012-03-14,54.116943359375,54.116943359375,53.287062215771954,53.287062215771954,3,
2012-03-15,51.75834274291992,51.93305511485352,50.0112256883066,51.93305511485352,886,
2012-03-16,50.011226654052734,50.666395562184434,49.79283701800884,49.83651427874534,4,
2012-03-19,52.41350173950195,52.41350173950195,52.41350173950195,52.41350173950195,1,
2012-03-20,51.23420715332031,52.32615527395919,49.83651155948584,51.36523892838025,6,
2012-03-21,51.53993988037109,52.32614368606671,49.66178819585407,49.836500522937584,2842,
2012-03-22,48.56984329223633,49.61811398659006,47.04111616824234,49.53075948387753,793,
2012-03-23,48.91926193237305,50.6663784299578,44.15836880998255,44.15836880998255,429,
2012-03-26,48.48249053955078,50.62270925686797,48.48249053955078,50.57903200393513,2505,
2012-03-27,47.34685897827149,49.53075465686002,45.59974243540066,45.64341968250036,656,
2012-03-28,47.4778938293457,47.9146729936722,46.2985914186084,46.9100829151376,1356,
2012-03-29,47.871002197265625,52.10776266181232,46.9100892391496,52.06408207360257,60423,
2012-03-30,48.045711517333984,51.19052039279698,47.73996741334982,51.19052039279698,30335,
2012-04-02,48.26409149169922,50.62269934419094,48.26409149169922,48.30776873607941,101,
2012-04-03,48.87559509277344,49.26869705489953,48.87559509277344,49.22501646727143,104,
2012-04-04,48.70088577270508,50.22961312879896,47.390548038910325,48.0457169058077,5820,
2012-04-09,49.9675407409668,53.68016391083746,46.16755973238857,48.482490806546366,79316,
2012-04-10,50.27328109741211,51.97672050306014,49.66178960149223,50.27328109741211,13538,
2012-04-11,49.9675407409668,51.53994518173398,49.9675407409668,50.66638678882323,2321,
2012-04-12,50.05489730834961,51.539947303917735,48.96294927224966,51.539947303917735,8647,
2012-04-13,49.83650588989258,50.7100642870243,49.13765983865937,50.666387033639886,2501,
2012-04-16,50.62271118164063,51.40891176140702,49.88018452410685,50.666388436234165,1555,
2012-04-17,50.27328109741211,51.365229007140265,47.25950420009029,51.365229007140265,4078,
2012-04-18,51.40890884399414,51.539943932699536,49.792827189218194,51.40890884399414,2315,
2012-04-19,50.31695938110352,51.23419831000852,50.054892543856646,51.23419831000852,676,
2012-04-20,49.48708724975586,51.365235907376224,49.3997294058259,51.365235907376224,493,
2012-04-23,49.57442855834961,49.61810580250168,48.04570168650623,48.04570168650623,2100,
2012-04-24,46.9974365234375,51.05948400755419,46.560657367397454,48.56984081870959,4859,
2012-04-25,47.4778938293457,48.5261644902014,47.346862079464096,48.5261644902014,1200,
2012-04-26,47.56525039672852,50.49166938694978,47.25950299041435,47.65260489432658,912,
2012-04-27,49.05030822753906,49.35605235164021,48.13306919051356,49.35605235164021,1203,
2012-04-30,50.972129821777344,55.03417759635755,47.47789632359592,55.03417759635755,3971,
2012-05-02,52.15143966674805,53.28706497515623,51.53994809072487,51.53994809072487,5065,
2012-05-03,50.79742813110352,53.15603341628985,50.22961377290015,50.22961377290015,823,
2012-05-04,48.48249053955078,50.666386509800816,47.4342198073586,50.666386509800816,979,
2012-05-07,47.9146728515625,48.91926625947815,46.42962636314536,48.482487096447095,1556,
2012-05-08,47.4778938293457,48.13306257583544,47.08479524734031,48.13306257583544,370,
2012-05-09,47.60893630981445,48.04571554201458,47.60893630981445,47.69629082331004,65,
2012-05-10,48.74455261230469,53.81119010025743,45.905488129221816,53.81119010025743,1398,
2012-05-11,46.34226989746094,47.3905405861144,46.29859264634218,47.3905405861144,173,
2012-05-14,46.779052734375,47.9583586010398,46.08020666470007,46.29859626974604,1314,
2012-05-15,45.59974670410156,49.26869245406112,42.14919054244483,44.55147601377588,988,
2012-05-16,48.045711517333984,50.36064258702258,45.59974868837824,45.59974868837824,2403,
2012-05-17,48.045711517333984,50.79742178263471,45.25032399894421,47.17215312610973,3391,
2012-05-18,49.05030822753906,49.79283157599101,46.99744387367369,46.99744387367369,5,
2012-05-21,47.172149658203125,48.83191181245449,46.38594583095552,46.38594583095552,751,
2012-05-22,46.779052734375,48.04571311011382,46.779052734375,48.04571311011382,160,
2012-05-23,46.29859924316406,47.259512234134334,45.73078490063364,46.7790557386492,133,
2012-05-24,46.691688537597656,48.52615950641903,46.03651985839571,48.00202589600156,930,
2012-05-25,46.5169792175293,48.045706234067815,46.08020006994686,46.08020006994686,802,
2012-05-28,46.779052734375,47.521579390947856,46.73537547983799,47.521579390947856,1007,
2012-05-29,47.12847900390625,48.04571470915427,46.73537703526824,48.04571470915427,557,
2012-05-30,46.0802001953125,46.866403996044,44.900897826575694,46.7353689184686,823,
2012-05-31,44.81354522705078,47.08479906512537,43.67791997419391,44.55147837367779,320,
2012-06-01,46.29859924316406,48.002038938394215,46.29859924316406,48.002038938394215,226,
2012-06-04,46.29859924316406,46.29859924316406,46.29859924316406,46.29859924316406,555,
2012-06-05,47.9146728515625,49.79282458554026,43.066424808389904,43.110102058220896,632,
2012-06-06,48.00203704833984,49.53076432164773,46.60434154189889,47.17215586207193,48,
2012-06-07,49.9675407409668,51.1031659852786,46.997440872125935,47.04111812529931,1563,
2012-06-08,51.1468391418457,51.5399410536422,48.04570776186985,48.04570776186985,202,
2012-06-11,48.045711517333984,52.41350347345526,46.42962982651344,46.42962982651344,7370,
2012-06-12,47.60893630981445,49.70547795731952,47.34686943696659,48.48249477421472,861,
2012-06-13,47.65260696411133,48.04570888509789,46.91008370519497,48.04570888509789,1780,
2012-06-14,47.43422317504883,49.26869791971764,47.2158335625188,48.87559595069139,454,
2012-06-15,47.9583625793457,53.28706805155692,42.105520012128686,50.666392573611496,809,
2012-06-18,46.82272720336914,48.04571025181416,46.779049951430544,48.04571025181416,151,
2012-06-19,47.172149658203125,48.48248714870877,46.77904774457932,48.48248714870877,259,
2012-06-20,47.172149658203125,54.07326177447707,45.73077708570269,54.07326177447707,504,
2012-06-21,48.91926193237305,48.91926193237305,48.04570368358068,48.04570368358068,1041,
2012-06-22,48.045711517333984,49.79282829978249,46.29859473488548,46.29859473488548,1058,
2012-06-25,52.32614135742188,53.98590005995072,47.3468585851147,48.26409409603331,10916,
2012-06-26,51.19051742553711,54.9468209559558,49.967537748129686,51.14684017497981,1691,
2012-06-27,52.2387924194336,53.46177553030885,50.753742451188174,52.850283974871225,771,
2012-06-28,51.97672653198242,53.41809927295657,51.10316810287348,51.53994731742795,2051,
2012-06-29,52.41350173950195,52.41350173950195,49.92386173981989,51.539943377176925,823,
2012-07-02,50.84109878540039,54.335332333093056,49.79282805462044,51.539944828466766,517,
2012-07-03,60.66862869262695,60.97437946681587,50.6663875996243,52.413504413404446,19047,
2012-07-04,61.01805877685547,64.55597330308355,59.533012019886,60.9307042613965,26229,
2012-07-05,58.57209396362305,64.11918852539328,58.091634172995285,63.50769364052871,69540,
2012-07-06,55.776702880859375,58.70312220752729,55.64567111939773,58.52841319224509,3061,
2012-07-09,54.20429992675781,55.90773953209863,53.37441875160603,55.03418110190959,2502,
2012-07-10,54.64107131958008,57.21806898619372,54.07326042066009,57.21806898619372,1677,
2012-07-11,50.92845916748047,56.6065926700079,50.666392287637336,56.6065926700079,14077,
2012-07-12,54.64107131958008,55.82037703092555,49.88017789013461,50.49166937019962,9577,
2012-07-13,53.28706359863281,54.903145342040425,52.85028438880796,54.641078482617694,842,
2012-07-16,54.02959060668945,54.160625711516616,51.80201715115576,53.723846471907606,605,
2012-07-17,53.68016815185547,54.42269151154856,50.92845766384257,52.41350771558983,6297,
2012-07-18,53.59280776977539,54.59740128638932,52.413505234933744,52.85028444522486,1113,
2012-07-19,53.85488128662109,54.85947153289344,52.23879610935687,53.28706694524372,506,
2012-07-20,55.12152862548828,55.42727603671841,52.5008536670842,54.9904968769844,2066,
2012-07-23,53.24338150024414,54.81578584609014,52.67556724618502,53.11234641627338,496,
2012-07-24,52.41350173950195,52.76292641737625,52.41350173950195,52.76292641737625,802,
2012-07-25,53.37441635131836,54.37900983380281,52.0204015118886,54.33533258072975,399,
2012-07-26,52.282474517822266,53.24339086036084,50.01122376702416,52.41350962482881,891,
2012-07-27,52.41350173950195,54.16061846415202,50.797420102144926,50.797420102144926,4114,
2012-07-30,56.912330627441406,58.31002272306493,52.41350357129432,52.41350357129432,5778,
2012-07-31,56.95711135864258,58.97210355410768,54.18090125583916,58.03177796240274,526,
2012-08-01,56.68844223022461,57.36010966204697,54.00178616797454,55.92722437909103,2896,
2012-08-02,54.36000442504883,56.2406621665808,54.00178227606198,54.00178227606198,874,
2012-08-03,53.6883430480957,53.73311996481443,53.151009798691696,53.151009798691696,1438,
2012-08-06,53.01667785644531,56.28544053105024,53.01667785644531,56.28544053105024,335,
2012-08-07,52.9271240234375,54.40478625108196,52.9271240234375,53.2853462047634,121,
2012-08-08,55.47944641113281,55.47944641113281,53.195789522050674,53.195789522050674,649,
2012-08-09,52.8823471069336,53.643568388216345,52.83757018833106,53.01668127900111,568,
2012-08-10,53.01667785644531,54.62867073589182,52.1659027928803,53.106231687869126,1029,
2012-08-13,53.598777770996094,55.3003276815474,53.55400086098353,53.55400086098353,1101,
2012-08-14,56.41978454589844,56.41978454589844,51.71813583374024,54.62868027460008,1892,
2012-08-16,53.55400466918945,55.70333066522267,53.37489360014344,55.70333066522267,274,
2012-08-17,53.55400466918945,53.73311573823548,53.28533977375018,53.73311573823548,170,
2012-08-21,53.55400466918945,54.62866766720607,52.65845274021886,53.37489360014344,479,
2012-08-22,53.64356231689453,54.94210989069938,52.076346429362246,52.837564208231264,230,
2012-08-23,53.77790069580078,55.47945098187515,53.73312377590619,53.73312377590619,1642,
2012-08-24,52.9271240234375,54.62867426034568,52.9271240234375,54.62867426034568,311,
2012-08-27,54.62867736816406,54.62867736816406,53.64357143786515,53.64357143786515,1960,
2012-08-28,52.79279327392578,54.5391204296428,52.65845910184759,53.73312222969344,1491,
2012-08-29,51.2255744934082,54.53911753850592,49.70313542768658,54.53911753850592,13338,
2012-08-30,52.38979721069336,52.56890831175972,50.15091698801416,50.68824687495312,1564,
2012-08-31,51.9420166015625,51.9420166015625,50.24046641535222,51.9420166015625,253,
2012-09-03,49.65835189819336,52.70322620787515,49.61357498792408,51.94200848451952,320,
2012-09-04,51.80768585205078,51.85246618853206,50.1509158900444,50.1509158900444,141,
2012-09-05,50.19568634033203,52.74801145908359,49.92702143737387,52.74801145908359,192,
2012-09-06,49.70313262939453,51.76290140645988,49.65835571568302,49.65835571568302,343,
2012-09-07,50.15091323852539,51.89724036490458,47.46425717217582,49.43447230408414,2164,
2012-09-10,51.89723587036133,52.92711855684677,51.583790640010456,52.703230570707376,1262,
2012-09-11,51.89723587036133,51.942012784337294,51.3151257398951,51.942012784337294,133,
2012-09-12,50.50913619995117,52.524128281072734,50.37480202803911,52.524128281072734,8560,
2012-09-13,51.04646301269531,51.04646301269531,51.04646301269531,51.04646301269531,150,
2012-09-14,50.37480163574219,53.15101155938581,50.19569054667424,53.15101155938581,993,
2012-09-17,50.6882438659668,51.85246424565691,50.24046784801211,51.85246424565691,260,
2012-09-18,51.04646301269531,52.61367898238333,49.5240239588893,52.56890206650132,937,
2012-09-20,52.43457412719727,52.83757325049544,51.046469072512544,51.046469072512544,3244,
2012-09-21,51.136016845703125,53.59878479812991,50.64346393846971,53.59878479812991,1681,
2012-09-24,50.9121322631836,54.53912076928274,50.68824425249896,54.53912076928274,3541,
2012-09-25,50.7330207824707,51.04646260741588,50.7330207824707,51.04646260741588,1414,
2012-09-26,51.449466705322266,51.49424362522263,50.464357386214175,50.64346848207565,2906,
2012-09-27,50.59868240356445,51.04645835403847,49.88224156605789,50.777793467005935,2812,
2012-09-28,51.001686096191406,51.04646301207286,50.37479902507191,50.688240852501806,2153,
2012-10-01,50.59868240356445,52.658451092493074,50.37479442832744,52.658451092493074,1501,
2012-10-03,50.50913619995117,52.16590610014716,50.46435586514055,52.16590610014716,2586,
2012-10-04,51.49424362182617,52.74801787651377,50.41958046298824,52.74801787651377,4328,
2012-10-05,50.82257461547852,51.94201458498245,50.240464464832606,51.0464626093793,1378,
2012-10-08,51.04646301269531,53.73311896073191,51.04646301269531,53.5540078809442,5908,
2012-10-09,50.9121322631836,51.35990828455288,50.59869041472907,51.35990828455288,2871,
2012-10-10,49.927024841308594,52.300239047802975,49.74791375503848,52.300239047802975,2608,
2012-10-11,51.001686096191406,51.04646301207286,51.001686096191406,51.04646301207286,101,
2012-10-12,50.37480163574219,51.762906597564,50.15091362847223,51.762906597564,10532,
2012-10-15,50.06135940551758,50.59868925231253,49.7031372301477,50.37480124677133,3584,
2012-10-16,51.04646301269531,51.67335008382246,49.92702303434673,50.150911030016445,5737,
2012-10-17,49.88224792480469,51.04646486119399,49.792690673537926,51.04646486119399,430,
2012-10-18,51.001686096191406,51.001686096191406,49.613581206308034,49.70313503807095,636,
2012-10-19,50.15091323852539,51.44946435384632,50.15091323852539,51.404687435992464,1491,
2012-10-22,49.25536346435547,50.91213341437979,49.25536346435547,49.6583625759522,1155,
2012-10-23,50.106143951416016,51.6733602287938,49.74792172151123,50.77780807029221,1974,
2012-10-25,50.37480163574219,52.30023986476784,50.28524779933815,52.30023986476784,1602,
2012-10-29,48.58369064331055,51.58378814602505,48.35980266799575,49.7479074316956,6954,
2012-10-30,48.85236358642578,49.25536269170078,47.68814660605575,49.031474679465774,527,
2012-10-31,49.25536346435547,49.25536346435547,49.07625236850581,49.07625236850581,555,
2012-11-01,48.35980987548828,50.77780105251468,48.046368029836295,50.15091394495081,2749,
2012-11-02,48.80758666992188,50.86735569934549,48.80758666992188,50.86735569934549,830,
2012-11-05,48.62847518920898,50.15091434360616,48.359810259905935,50.15091434360616,205,
2012-11-06,48.00157928466797,50.55390418621159,46.38958658784316,48.35980140229983,1426,
2012-11-07,52.1659049987793,52.56890408974716,48.00158675254449,48.00158675254449,5754,
2012-11-08,51.04646301269531,51.85246116361017,50.374799025686166,51.09123992857732,495,
2012-11-09,51.04646301269531,51.04646301269531,51.04646301269531,51.04646301269531,0,
2012-11-12,50.37480163574219,51.40468783568798,49.30013851759438,50.59868964301215,3670,
2012-11-15,50.24047088623047,51.539022100079016,49.70314099869457,51.49424517882771,235,
2012-11-16,49.43447113037109,50.15091204780203,49.25536004694842,49.97180096437936,392,
2012-11-19,50.15091323852539,51.404687435992464,50.016579068703976,50.016579068703976,300,
2012-11-20,49.43447113037109,49.70313604737522,48.40458496288554,49.70313604737522,2339,
2012-11-21,48.44936752319336,49.882252941221466,48.35981367918042,49.25536578435043,107,
2012-11-22,51.67334747314453,52.70323015143693,49.43446762956166,51.94201237112257,3732,
2012-11-23,49.43447113037109,52.7480142167814,49.25536004694842,51.04646404865564,4379,
2012-11-26,47.2851448059082,49.83747004968122,46.61348080748263,49.25535988454183,3565,
2012-11-27,48.62847518920898,49.165808464075006,46.61348309504624,47.106036034811815,5005,
2012-11-29,48.31503677368164,50.330029011002615,48.18070259135617,48.27025985165987,857,
2012-11-30,48.00157928466797,48.80757734121001,47.46424952447946,47.91202546338965,2972,
2012-12-03,49.03147506713867,49.16580924204578,48.35981102512307,48.807587053133474,1413,
2012-12-04,50.016578674316406,50.150912843078586,47.46425679791366,47.91203280544115,5121,
2012-12-05,49.74790954589844,50.82257255633271,49.74790954589844,50.37479658667339,153,
2012-12-06,49.25536346435547,50.10613860744634,48.13592338562012,49.25536346435547,1654,
2012-12-07,48.58369064331055,52.927115997913816,48.40457957980684,52.927115997913816,753,
2012-12-10,49.83747100830078,52.748015057462325,48.44936265184665,52.748015057462325,433,
2012-12-11,48.35980987548828,50.15091394495081,48.315032957003694,50.15091394495081,7934,
2012-12-12,48.80758666992188,52.568905958929314,48.404587564624656,52.568905958929314,7665,
2012-12-13,47.956809997558594,50.15091313025941,47.956809997558594,50.15091313025941,1103,
2012-12-14,48.09114456176758,49.076250425549794,47.50903437736726,48.35980948677547,212,
2012-12-17,49.12102508544922,50.01657707181117,48.001585102496776,48.35980726354544,1237,
2012-12-18,48.44936752319336,49.882252941221466,48.40459060118689,49.25536578435043,274,
2012-12-19,48.31503677368164,49.255365801179394,48.09114874731264,48.53892480005064,1639,
2012-12-20,48.35980987548828,50.822577970999255,48.22547570377463,50.822577970999255,713,
2012-12-21,49.2105827331543,49.2105827331543,47.509032578755686,48.80758365276939,258,
2012-12-24,47.956809997558594,49.25536111007621,47.55381090522418,49.25536111007621,57,
2012-12-26,50.016578674316406,50.956911023132,48.13592080920489,50.91213068937138,2468,
2012-12-27,48.44936752319336,49.882252941221466,47.91203762659542,48.538924783466456,303,
2012-12-28,48.44936752319336,48.44936752319336,48.44936752319336,48.44936752319336,0,
2012-12-31,50.06135940551758,50.06135940551758,48.44936303261301,48.44936303261301,1269,
2013-01-01,49.25536346435547,50.01658135139151,49.25536346435547,50.01658135139151,244,
2013-01-02,50.7330207824707,51.94201458298458,49.0762475779128,49.70313464406283,2465,
2013-01-03,52.255462646484375,52.43457374623335,50.59869266039152,51.13602254337837,1826,
2013-01-04,52.8823471069336,55.16600411826202,50.15091407705999,51.9420181512407,2305,
2013-01-07,53.28534698486328,56.24066806715833,52.38979493469751,56.19589114790203,1271,
2013-01-08,52.43457412719727,53.95701336173475,51.94202116150399,53.73312533948689,1793,
2013-01-09,51.80768585205078,53.64357032746222,49.97180479289938,51.94202002897456,773,
2013-01-10,54.58388900756836,54.62866591933233,53.7331140190154,54.62866591933233,386,
2013-01-11,51.40468597412109,53.73311979890299,50.50913397747271,53.73311979890299,3174,
2013-01-14,50.59868240356445,51.89723334319099,49.88224156605789,51.091235265834,2234,
2013-01-15,51.04646301269531,52.83756697805305,50.59868702135588,50.59868702135588,467,
2013-01-16,51.80768585205078,55.52422830683487,51.58379783468452,55.07645227210234,1984,
2013-01-17,50.86735534667969,51.58379629765209,50.33002548751536,51.49424245987801,1941,
2013-01-18,52.38979721069336,53.24057237856348,50.330028089080514,50.59869303255,5218,
2013-01-21,50.7330207824707,52.345013655242425,49.25535865627848,51.94201458298458,1329,
2013-01-22,51.58378982543945,51.58378982543945,50.195685016547046,50.643460981754885,23,
2013-01-23,49.56880187988281,51.04646404776952,49.479248046302914,51.04646404776952,1302,
2013-01-24,51.67334747314453,52.83756430855572,49.7031325275397,50.46435030785407,4107,
2013-01-25,50.24047088623047,52.52413144890831,49.47925297617793,51.046469133794425,3829,
2013-01-28,50.06135940551758,50.82257725785374,49.25536121906529,50.59868925231253,2748,
2013-01-29,50.50913619995117,50.553913118501896,49.792691838100026,49.971802928562816,563,
2013-01-30,51.35989761352539,52.38978361519967,50.82256786602703,51.40467793936627,3059,
2013-01-31,50.86735534667969,51.49424245987801,50.86735534667969,51.49424245987801,461,
2013-02-01,52.38979721069336,52.56890831175972,50.82258105481792,51.94202116615752,1510,
2013-02-04,52.1659049987793,54.53911921072126,48.27025509069628,52.47934683827662,4054,
2013-02-05,51.09123992919922,56.24066382966537,51.04646301331667,56.24066382966537,460,
2013-02-06,51.2255744934082,51.8076812369496,50.82257541479664,51.2255744934082,688,
2013-02-07,51.67334747314453,51.71812438676428,49.74790944115945,50.59868446497285,15,
2013-02-08,49.34491729736328,51.04646758331098,49.34491729736328,50.8225795675947,2956,
2013-02-11,48.40459060668945,49.6135879985625,46.92693168274706,48.85236665932536,1548,
2013-02-12,49.165809631347656,49.165809631347656,48.35981140804294,48.35981140804294,110,
2013-02-13,48.35980987548828,49.25536191021954,47.777699686409,49.25536191021954,129,
2013-02-14,48.673248291015625,53.46445338893572,46.344814531308806,53.46445338893572,355,
2013-02-15,46.70304489135742,47.91203889893869,46.70304489135742,47.91203889893869,294,
2013-02-18,46.12092971801758,47.41948084964092,45.76270753816979,47.41948084964092,539,
2013-02-19,46.43437576293945,47.016486003776,45.67315783223954,46.43437576293945,1772,
2013-02-20,45.89703369140625,47.86724850385018,44.8223707558678,47.24036150676448,717,
2013-02-21,47.46426010131836,47.46426010131836,45.897043965897474,45.897043965897474,40,
2013-02-22,47.46426010131836,47.46426010131836,47.46426010131836,47.46426010131836,0,
2013-02-25,46.16571044921875,50.15091801005556,45.76271131767162,50.15091801005556,225,
2013-02-26,47.41948318481445,50.15091633781864,44.95671497179657,50.15091633781864,23,
2013-02-27,44.59849166870117,45.67315481826529,44.55371474919016,45.67315481826529,52,
2013-02-28,44.86715698242188,45.0014911583538,44.86715698242188,45.0014911583538,20,
2013-03-01,44.68804550170898,45.22537532721157,43.25516027326922,44.95671041446028,519,
2013-03-04,43.16561508178711,45.8970485046664,42.49395095732858,45.8970485046664,250,
2013-03-05,44.59849166870117,46.25526502068835,43.25516358581101,44.24027289635311,595,
2013-03-06,45.89703369140625,45.89703369140625,44.59848278664143,44.59848278664143,163,
2013-03-07,44.19549179077149,45.807488195169405,44.19549179077149,45.67315402271628,104,
2013-03-08,44.24026870727539,44.777598523048106,43.88204655258714,44.19548837574462,587,
2013-03-11,44.50893783569336,45.225378796746256,44.01638488848574,44.19549256655398,4553,
2013-03-12,41.77750015258789,48.98669272181135,39.449063015076106,48.98669272181135,2072,
2013-03-13,42.22528076171875,42.986498642000186,41.687947478937765,42.53872261447935,244,
2013-03-14,42.22528076171875,42.22528076171875,42.22528076171875,42.22528076171875,0,
2013-03-15,40.61328506469727,42.22528152595584,40.12073210876161,42.22528152595584,866,
2013-03-18,40.70284271240234,47.82248243045623,40.07595557325583,47.82248243045623,2342,
2013-03-19,39.53862380981445,41.19539371216948,38.95651361911679,40.2998416749484,845,
2013-03-20,38.86695861816406,39.85206446310775,38.7326244500991,39.85206446310775,2343,
2013-03-21,37.03107833862305,38.19529881326759,33.40409298062321,38.19529881326759,5612,
2013-03-22,36.76240539550781,39.04606209351871,35.956410722464845,37.03107028652213,2458,
2013-03-25,35.822078704833984,38.06095862388611,34.92652673721314,37.16540665626526,6202,
2013-03-26,36.001190185546875,39.89683992190327,35.82207910676113,37.61318306209919,1458,
2013-03-28,39.49384689331055,40.29984516307615,34.07575728241569,35.86686151188574,2741,
2013-04-01,36.71763229370117,37.65796121797083,35.598192284746865,37.65796121797083,2848,
2013-04-02,36.98629760742188,39.40428873582685,36.98629760742188,39.40428873582685,114,
2013-04-03,38.06096267700195,40.70284194606938,36.89674567836919,36.89674567836919,135,
2013-04-04,36.9415168762207,38.060956781560726,36.80718272107611,38.01617986859902,1122,
2013-04-05,38.37439727783203,38.508731428388295,36.762404552453695,38.463954516956,847,
2013-04-08,36.359405517578125,39.6729482075074,35.822075747863906,39.6729482075074,26,
2013-04-09,38.463966369628906,38.508743294859215,36.53852783838178,37.61319112521133,360,
2013-04-10,36.71763229370117,36.71763229370117,36.49374429191031,36.71763229370117,427,
2013-04-11,35.86685562133789,40.29983854448295,35.15041473046568,40.29983854448295,401,
2013-04-12,35.822078704833984,40.03117363590391,35.150414729118346,39.98639672077479,552,
2013-04-15,35.822078704833984,35.822078704833984,35.822078704833984,35.822078704833984,0,
2013-04-16,37.97139739990234,37.97139739990234,37.97139739990234,37.97139739990234,50,
2013-04-17,37.97139739990234,37.97139739990234,37.97139739990234,37.97139739990234,2,
2013-04-18,37.165409088134766,37.165409088134766,37.0758552520167,37.0758552520167,49,
2013-04-22,37.07585525512695,37.12063217318974,37.07585525512695,37.12063217318974,100,
2013-04-23,36.80718994140625,36.80718994140625,36.80718994140625,36.80718994140625,2,
2013-04-25,36.80718994140625,36.80718994140625,36.80718994140625,36.80718994140625,0,
2013-04-26,36.80718994140625,36.80718994140625,36.80718994140625,36.80718994140625,0,
2013-04-29,36.80718994140625,36.80718994140625,36.80718994140625,36.80718994140625,0,
2013-04-30,37.61318588256836,37.61318588256836,37.61318588256836,37.61318588256836,25,
2013-05-02,39.80728912353516,39.8520660425782,37.1654099048763,37.1654099048763,110,
2013-05-03,37.25496292114258,39.40428915039536,37.21018600308728,38.687848212731055,1299,
2013-05-06,36.8967399597168,39.135619770181904,36.80718271754251,39.135619770181904,125,
2013-05-07,37.12063217163086,39.40428915533585,37.12063217163086,39.40428915533585,101,
2013-05-08,37.52363586425781,38.06096577934444,36.62808372827324,37.25496749045421,929,
2013-05-09,37.74751663208008,38.06095845283487,35.82207854384458,36.3594083554984,877,
2013-05-10,39.49384689331055,40.344622085560864,38.46396401112139,38.5087409336061,1039,
2013-05-13,38.55350875854492,39.49383757387345,38.55350875854492,39.49383757387345,152,
2013-05-14,41.8670539855957,42.49394103868542,37.299740371852735,38.50873414717893,1774,
2013-05-15,39.314735412597656,43.83727247268904,38.68784830947631,40.43417544807868,8815,
2013-05-16,37.97139739990234,39.40427890258361,35.8668486360317,39.40427890258361,7945,
2013-05-17,39.35951232910156,40.43417544636991,36.045969140965774,36.71763316222601,6246,
2013-05-20,39.00129318237305,40.613286275426994,38.95651626072769,40.52373243213627,2711,
2013-05-21,37.38929748535156,39.58340065576788,37.031075304616685,38.508737529823165,2326,
2013-05-22,37.52363586425781,38.86696406823468,36.04597347337915,36.89674868581656,634,
2013-05-23,37.61318588256836,37.61318588256836,36.13552364210634,36.7176338377453,109,
2013-05-24,37.165409088134766,37.47885093080786,37.165409088134766,37.47885093080786,125,
2013-05-27,37.03107833862305,37.120635599274266,35.86686128023868,36.71763646699424,166,
2013-05-28,36.71763229370117,38.06096030444633,36.71763229370117,38.01618338734012,2258,
2013-05-29,35.91163635253906,36.628080735802286,35.19519538553584,36.628080735802286,618,
2013-05-30,35.150413513183594,36.76240631588661,33.224975482900305,35.91163129282516,1903,
2013-05-31,35.64297866821289,35.82208980046737,34.70264949420276,35.82208980046737,2384,
2013-06-03,34.9265251159668,39.941614535345416,34.74741404750481,39.85206070924416,1119,
2013-06-04,37.4340705871582,37.4340705871582,35.10563689856475,36.67285280103407,16,
2013-06-05,35.822078704833984,39.04606442176519,34.97130365234225,36.76240758758395,257,
2013-06-06,36.80718994140625,38.19529842933556,36.672859176169965,37.43407709462269,922,
2013-06-07,36.80718994140625,37.83707622285184,36.62808225442454,37.657965119609976,701,
2013-06-10,36.85197067260742,37.61318859918203,36.80719033412406,36.98630143927696,1098,
2013-06-11,36.22507858276367,37.61318348033356,35.822079505079586,37.61318348033356,346,
2013-06-12,36.09074783325195,36.269858930977925,34.92653082242319,34.92653082242319,249,
2013-06-13,36.26985549926758,36.26985549926758,35.82207950544946,35.82207950544946,1957,
2013-06-14,36.26985549926758,37.21018440303368,35.82207950544946,37.21018440303368,758,
2013-06-17,36.40419769287109,36.71763959116957,33.31454197084985,35.374311313443854,2091,
2013-06-18,37.702735900878906,37.702735900878906,36.71763011787869,36.71763011787869,518,
2013-06-19,37.38929748535156,37.38929748535156,37.38929748535156,37.38929748535156,2,
2013-06-20,36.04596710205078,37.52362923174431,35.822079107628106,36.71763108531881,124,
2013-06-21,35.822078704833984,36.71763067245484,34.030974769592284,34.97130365234225,2055,
2013-06-24,34.52353286743164,36.71763620176473,34.52353286743164,36.71763620176473,3567,
2013-06-25,34.344417572021484,34.92652773409361,34.03097574091172,34.92652773409361,655,
2013-06-26,33.18020248413086,34.03097760757215,32.015985512386955,34.03097760757215,70,
2013-06-27,33.18020248413086,33.18020248413086,33.18020248413086,33.18020248413086,0,
2013-06-28,35.41908264160156,37.34452090187128,33.26975978668878,33.26975978668878,25,
2013-07-01,36.22507858276367,37.34451856729741,36.04596750198633,36.04596750198633,9,
2013-07-02,37.21018600463867,38.46396020779838,35.68774687687613,36.26985706039883,1362,
2013-07-03,37.97139739990234,38.19528534821247,36.44895866814164,38.19528534821247,29,
2013-07-04,36.22507858276367,37.65796039646297,34.56830535589791,37.07585365426126,101,
2013-07-05,36.22507858276367,36.71763149270657,35.822079505079586,36.71763149270657,15753,
2013-07-08,36.22507858276367,36.22507858276367,36.22507858276367,36.22507858276367,0,
2013-07-09,36.22507858276367,36.22507858276367,36.22507858276367,36.22507858276367,0,
2013-07-10,42.89694213867188,42.89694213867188,42.89694213867188,42.89694213867188,1,
2013-07-11,41.19539260864258,42.94171971769569,41.19539260864258,41.19539260864258,10,
2013-07-12,41.19539260864258,41.19539260864258,41.19539260864258,41.19539260864258,0,
2013-07-15,36.71763229370117,36.71763229370117,36.71763229370117,36.71763229370117,50,
2013-07-16,36.71763229370117,36.71763229370117,36.71763229370117,36.71763229370117,0,
2013-07-17,36.71763229370117,36.71763229370117,36.71763229370117,36.71763229370117,0,
2013-07-18,36.71763229370117,36.71763229370117,36.71763229370117,36.71763229370117,0,
2013-07-19,36.71763229370117,36.71763229370117,36.71763229370117,36.71763229370117,0,
2013-07-22,35.822078704833984,35.822078704833984,35.822078704833984,35.822078704833984,1,
2013-07-23,35.822078704833984,35.822078704833984,35.822078704833984,35.822078704833984,0,
2013-07-24,31.34432411193848,31.34432411193848,29.105443818228583,31.34432411193848,75,
2013-07-25,26.86655807495117,37.61318130493164,26.86655807495117,26.86655807495117,301,
2013-07-26,26.86655807495117,26.86655807495117,26.86655807495117,26.86655807495117,0,
2013-07-29,32.239871978759766,32.239871978759766,32.239871978759766,32.239871978759766,100,
2013-07-30,29.55321311950684,38.50873224663012,28.657661206794508,29.55321311950684,201,
2013-07-31,30.448768615722656,30.448768615722656,29.732327684487032,30.448768615722656,300,
2013-08-01,30.448768615722656,30.448768615722656,30.448768615722656,30.448768615722656,0,
2013-08-02,30.448768615722656,30.448768615722656,30.448768615722656,30.448768615722656,0,
2013-08-05,30.448768615722656,30.448768615722656,30.448768615722656,30.448768615722656,0,
2013-08-06,30.448768615722656,30.448768615722656,30.448768615722656,30.448768615722656,0,
2013-08-07,30.448768615722656,30.448768615722656,30.448768615722656,30.448768615722656,0,
2013-08-08,30.448768615722656,30.448768615722656,30.448768615722656,30.448768615722656,0,
2013-08-12,30.448768615722656,30.448768615722656,30.448768615722656,30.448768615722656,0,
2013-08-13,30.448768615722656,30.448768615722656,30.448768615722656,30.448768615722656,0,
2013-08-14,30.448768615722656,30.448768615722656,30.448768615722656,30.448768615722656,0,
2013-08-16,31.65776252746582,34.03097674599295,31.65776252746582,31.65776252746582,1181,
2013-08-19,31.65776252746582,31.65776252746582,31.65776252746582,31.65776252746582,0,
2013-08-20,31.65776252746582,31.65776252746582,31.65776252746582,31.65776252746582,0,
2013-08-21,31.65776252746582,31.65776252746582,31.65776252746582,31.65776252746582,0,
2013-08-22,31.65776252746582,31.65776252746582,31.65776252746582,31.65776252746582,0,
2013-08-23,31.65776252746582,31.65776252746582,31.65776252746582,31.65776252746582,0,
2013-08-26,31.34432411193848,31.34432411193848,31.34432411193848,31.34432411193848,12,
2013-08-27,31.34432411193848,31.34432411193848,31.34432411193848,31.34432411193848,0,
2013-08-28,31.34432411193848,31.34432411193848,31.34432411193848,31.34432411193848,0,
2013-08-29,31.34432411193848,31.34432411193848,31.34432411193848,31.34432411193848,0,
2013-08-30,32.845848083496094,32.845848083496094,32.845848083496094,32.845848083496094,0,
2013-09-02,26.4643669128418,26.4643669128418,26.4643669128418,26.4643669128418,200,
2013-09-03,31.719701766967773,31.719701766967773,31.719701766967773,31.719701766967773,14,
2013-09-04,31.719701766967773,31.719701766967773,31.719701766967773,31.719701766967773,0,
2013-09-05,38.05426406860352,38.05426406860352,38.05426406860352,38.05426406860352,2099,
2013-09-06,39.93115997314453,39.93115997314453,39.93115997314453,39.93115997314453,2930,
2013-09-10,41.90191268920898,41.90191268920898,38.1011765533451,41.90191268920898,590,
2013-09-11,43.91958236694336,43.91958236694336,43.91958236694336,43.91958236694336,2,
2013-09-12,44.764198303222656,45.32726853902138,44.764198303222656,44.764198303222656,1000,
2013-09-13,42.79343795776367,46.96955282471753,42.79343795776367,42.79343795776367,4005,
2013-09-16,44.90496444702149,44.90496444702149,43.21575014561279,44.90496444702149,151,
2013-09-17,42.69960021972656,42.69960021972656,42.69960021972656,42.69960021972656,50,
2013-09-18,42.69960021972656,42.69960021972656,42.69960021972656,42.69960021972656,0,
2013-09-19,42.69960021972656,42.69960021972656,42.69960021972656,42.69960021972656,0,
2013-09-20,42.69960021972656,42.69960021972656,42.69960021972656,42.69960021972656,0,
2013-09-23,44.81111907958984,44.81111907958984,44.81111907958984,44.81111907958984,3,
2013-09-24,46.922630310058594,46.922630310058594,42.60574975349824,46.922630310058594,258,
2013-09-25,46.922630310058594,46.922630310058594,46.922630310058594,46.922630310058594,0,
2013-09-26,46.922630310058594,46.922630310058594,46.922630310058594,46.922630310058594,0,
2013-09-27,46.922630310058594,46.922630310058594,46.922630310058594,46.922630310058594,0,
2013-09-30,46.922630310058594,46.922630310058594,46.922630310058594,46.922630310058594,0,
2013-10-01,46.922630310058594,46.922630310058594,46.922630310058594,46.922630310058594,0,
2013-10-03,46.922630310058594,46.922630310058594,46.922630310058594,46.922630310058594,0,
2013-10-04,46.922630310058594,46.922630310058594,46.922630310058594,46.922630310058594,0,
2013-10-07,46.922630310058594,46.922630310058594,46.922630310058594,46.922630310058594,0,
2013-10-08,44.57649993896485,44.57649993896485,44.57649993896485,44.57649993896485,2,
2013-10-09,44.57649993896485,44.57649993896485,44.57649993896485,44.57649993896485,0,
2013-10-10,44.57649993896485,44.57649993896485,44.57649993896485,44.57649993896485,0,
2013-10-11,44.57649993896485,44.57649993896485,44.57649993896485,44.57649993896485,0,
2013-10-14,44.57649993896485,44.57649993896485,44.57649993896485,44.57649993896485,0,
2013-10-15,44.57649993896485,44.57649993896485,44.57649993896485,44.57649993896485,26,
2013-10-17,44.57649993896485,44.57649993896485,44.57649993896485,44.57649993896485,0,
2013-10-18,44.57649993896485,44.57649993896485,44.57649993896485,44.57649993896485,0,
2013-10-21,44.57649993896485,44.57649993896485,44.57649993896485,44.57649993896485,0,
2013-10-22,44.57649993896485,44.57649993896485,44.57649993896485,44.57649993896485,0,
2013-10-23,42.37114334106445,42.37114334106445,42.37114334106445,42.37114334106445,3,
2013-10-24,42.37114334106445,42.37114334106445,42.37114334106445,42.37114334106445,0,
2013-10-25,42.37114334106445,42.37114334106445,42.37114334106445,42.37114334106445,0,
2013-10-28,42.37114334106445,42.37114334106445,42.37114334106445,42.37114334106445,0,
2013-10-29,40.25962066650391,40.25962066650391,40.25962066650391,40.25962066650391,25,
2013-10-30,38.4765625,38.4765625,38.4765625,38.4765625,39,
2013-10-31,36.64657211303711,36.64657211303711,36.64657211303711,36.64657211303711,100,
2013-11-01,36.64657211303711,36.64657211303711,36.64657211303711,36.64657211303711,0,
2013-11-05,36.64657211303711,36.64657211303711,36.64657211303711,36.64657211303711,0,
2013-11-06,36.64657211303711,36.64657211303711,36.64657211303711,36.64657211303711,0,
2013-11-07,35.191978454589844,38.47656311035156,35.191978454589844,35.191978454589844,1005,
2013-11-08,36.92811584472656,36.92811584472656,36.59965880027912,36.92811584472656,3041,
2013-11-11,36.92811584472656,36.92811584472656,36.92811584472656,36.92811584472656,0,
2013-11-12,36.92811584472656,36.92811584472656,36.92811584472656,36.92811584472656,0,
2013-11-13,36.92811584472656,36.92811584472656,36.92811584472656,36.92811584472656,0,
2013-11-14,38.758094787597656,38.758094787597656,38.758094787597656,38.758094787597656,10,
2013-11-18,38.4765625,38.4765625,38.4765625,38.4765625,2200,
2013-11-19,40.35346221923828,40.35346221923828,36.6934956092493,40.35346221923828,700,
2013-11-20,39.41500854492188,39.41500854492188,38.57039978699426,39.41500854492188,115,
2013-11-21,39.41500854492188,39.41500854492188,39.41500854492188,39.41500854492188,0,
2013-11-22,39.41500854492188,39.41500854492188,39.41500854492188,39.41500854492188,0,
2013-11-25,39.97808456420898,39.97808456420898,39.97808456420898,39.97808456420898,700,
2013-11-26,39.41500854492188,39.88423483712333,39.41500854492188,39.41500854492188,900,
2013-11-27,39.36808013916016,39.36808013916016,37.63194099638872,39.36808013916016,350,
2013-11-28,41.19807434082031,41.19807434082031,41.19807434082031,41.19807434082031,5,
2013-11-29,39.36808013916016,39.36808013916016,39.36808013916016,39.36808013916016,100,
2013-12-02,39.36808013916016,39.36808013916016,39.36808013916016,39.36808013916016,100,
2013-12-03,39.41500854492188,39.41500854492188,38.42963404728133,39.41500854492188,600,
2013-12-04,39.41500854492188,39.41500854492188,37.72579460897916,39.41500854492188,161,
2013-12-05,41.19807434082031,41.19807434082031,38.664251373040265,41.19807434082031,505,
2013-12-06,43.12190246582031,43.12190246582031,39.18040039294287,43.12190246582031,169,
2013-12-09,43.12190246582031,43.12190246582031,43.12190246582031,43.12190246582031,0,
2013-12-10,43.12190246582031,43.12190246582031,43.12190246582031,43.12190246582031,0,
2013-12-11,41.010379791259766,41.010379791259766,41.010379791259766,41.010379791259766,50,
2013-12-12,41.010379791259766,41.010379791259766,41.010379791259766,41.010379791259766,0,
2013-12-13,41.010379791259766,41.010379791259766,41.010379791259766,41.010379791259766,0,
2013-12-16,41.010379791259766,41.010379791259766,41.010379791259766,41.010379791259766,0,
2013-12-17,41.010379791259766,41.010379791259766,41.010379791259766,41.010379791259766,0,
2013-12-18,41.010379791259766,41.010379791259766,41.010379791259766,41.010379791259766,0,
2013-12-19,38.992706298828125,38.992706298828125,38.992706298828125,38.992706298828125,100,
2013-12-20,38.992706298828125,38.992706298828125,38.992706298828125,38.992706298828125,33,
2013-12-23,39.36808013916016,39.36808013916016,38.00732340020738,39.36808013916016,250,
2013-12-24,39.41500854492188,39.41500854492188,39.41500854492188,39.41500854492188,5,
2013-12-26,39.41500854492188,39.41500854492188,39.41500854492188,39.41500854492188,0,
2013-12-27,39.41500854492188,39.41500854492188,39.41500854492188,39.41500854492188,0,
2013-12-30,38.9457893371582,38.9457893371582,37.53811020448984,38.9457893371582,588,
2013-12-31,38.758094787597656,38.758094787597656,38.758094787597656,38.758094787597656,234,
2014-01-01,38.992706298828125,38.992706298828125,38.992706298828125,38.992706298828125,500,
2014-01-02,40.916534423828125,40.916534423828125,39.415011604204494,40.916534423828125,1005,
2014-01-03,39.03963088989258,39.03963088989258,39.03963088989258,39.03963088989258,5,
2014-01-06,39.03963088989258,39.03963088989258,39.03963088989258,39.03963088989258,0,
2014-01-07,40.35346221923828,40.82268852411315,40.35346221923828,40.35346221923828,185,
2014-01-08,38.4765625,42.23037347560976,38.4765625,38.4765625,35,
2014-01-09,40.40038299560547,40.40038299560547,40.40038299560547,40.40038299560547,50,
2014-01-10,40.40038299560547,40.40038299560547,40.40038299560547,40.40038299560547,0,
2014-01-13,40.35346221923828,42.23036743873774,38.94578330461369,42.23036743873774,373,
2014-01-14,42.230377197265625,42.230377197265625,40.35347154405382,40.35347154405382,53,
2014-01-15,42.230377197265625,42.230377197265625,42.230377197265625,42.230377197265625,0,
2014-01-16,44.34188461303711,44.34188461303711,43.26266270900877,43.87265832083566,216,
2014-01-17,44.34188461303711,44.34188461303711,44.34188461303711,44.34188461303711,100,
2014-01-20,43.96649932861328,43.96649932861328,43.638042377094685,43.638042377094685,15,
2014-01-21,41.99575805664063,45.98418200615398,41.85498872057499,45.93726008743641,1407,
2014-01-22,41.29191970825195,41.29191970825195,39.93116254733832,39.93116254733832,150,
2014-01-23,41.29191970825195,41.29191970825195,41.29191970825195,41.29191970825195,0,
2014-01-24,43.1688232421875,43.1688232421875,43.12190132421117,43.12190132421117,23,
2014-01-27,41.104225158691406,41.29191640378205,41.01038132610245,41.29191640378205,1384,
2014-01-28,41.104225158691406,41.104225158691406,41.104225158691406,41.104225158691406,0,
2014-01-29,41.104225158691406,41.104225158691406,41.104225158691406,41.104225158691406,0,
2014-01-30,41.104225158691406,41.104225158691406,41.104225158691406,41.104225158691406,0,
2014-01-31,41.104225158691406,41.104225158691406,41.104225158691406,41.104225158691406,0,
2014-02-03,41.104225158691406,41.104225158691406,41.104225158691406,41.104225158691406,0,
2014-02-04,41.104225158691406,41.104225158691406,41.104225158691406,41.104225158691406,0,
2014-02-05,40.728851318359375,40.728851318359375,39.08655898423058,39.13348090636591,25,
2014-02-06,40.916534423828125,41.05730375437968,38.71117211127228,39.18039843989376,219,
2014-02-07,39.086551666259766,39.086551666259766,39.086551666259766,39.086551666259766,1,
2014-02-10,41.010379791259766,41.010379791259766,39.08655265588489,39.08655265588489,1021,
2014-02-11,38.992706298828125,40.353463336627165,38.992706298828125,40.353463336627165,100,
2014-02-12,40.728851318359375,40.728851318359375,39.41501601909106,40.212699435131206,255,
2014-02-13,39.41500854492188,39.74346551749789,39.41500854492188,39.74346551749789,180,
2014-02-14,39.41500854492188,39.41500854492188,39.41500854492188,39.41500854492188,0,
2014-02-17,41.3857650756836,41.3857650756836,37.53811021101937,37.53811021101937,609,
2014-02-18,43.262672424316406,43.45036369932849,41.385766834022185,41.385766834022185,1760,
2014-02-19,43.262672424316406,43.262672424316406,43.262672424316406,43.262672424316406,0,
2014-02-20,43.262672424316406,43.262672424316406,43.262672424316406,43.262672424316406,0,
2014-02-21,42.230377197265625,42.230377197265625,42.230377197265625,42.230377197265625,56,
2014-02-24,40.40038299560547,42.23036624904666,40.40038299560547,42.23036624904666,541,
2014-02-25,42.18344879150391,42.230370709643154,39.41501266233361,42.230370709643154,1507,
2014-02-26,40.40038299560547,42.23036624904666,40.40038299560547,42.23036624904666,2303,
2014-02-28,42.230377197265625,42.230377197265625,42.230377197265625,42.230377197265625,57,
2014-03-03,42.230377197265625,42.230377197265625,42.230377197265625,42.230377197265625,3400,
2014-03-04,42.27729415893555,43.028055616092445,41.432688862101415,43.028055616092445,381,
2014-03-05,42.230377197265625,42.230377197265625,40.86961988270438,40.91654180805199,311,
2014-03-06,42.230377197265625,42.69960361056858,42.230377197265625,42.65268168522097,1107,
2014-03-07,42.27729415893555,42.27729415893555,41.33884144251117,41.33884144251117,2722,
2014-03-10,44.998809814453125,45.04573173569519,40.49423735686623,40.49423735686623,364,
2014-03-11,42.27729415893555,44.20112151162292,41.99575905999084,42.69959859730912,2310,
2014-03-12,44.34188461303711,45.045724051339285,41.995753152029856,42.27728821136822,1512,
2014-03-13,43.3095932006836,43.3095932006836,42.18344925344506,42.60575368114863,403,
2014-03-14,42.37114334106445,44.48266204085345,41.99576080691448,44.48266204085345,346,
2014-03-18,42.230377197265625,42.230377197265625,41.05731116400825,42.04268591596176,1296,
2014-03-19,43.73189163208008,44.811113601033405,41.198072365690045,41.198072365690045,28,
2014-03-20,44.57649993896485,44.57649993896485,44.57649993896485,44.57649993896485,2,
2014-03-21,42.230377197265625,42.27729912261324,42.230377197265625,42.27729912261324,2000,
2014-03-24,42.230377197265625,43.16883002387153,42.230377197265625,43.16883002387153,1000,
2014-03-25,42.230377197265625,42.27729912261324,41.99576399061415,42.27729912261324,726,
2014-03-26,45.13956832885742,45.98417709522453,44.15419382137083,44.15419382137083,1033,
2014-03-27,46.5472526550293,46.5472526550293,42.793441841562,42.793441841562,142,
2014-03-28,42.46498107910156,42.51190299414567,42.46498107910156,42.51190299414567,150,
2014-03-31,46.6411018371582,46.6411018371582,46.6411018371582,46.6411018371582,1,
2014-04-01,46.6411018371582,46.6411018371582,46.6411018371582,46.6411018371582,0,
2014-04-02,46.35956573486328,46.875714014155854,43.21574697933028,43.21574697933028,2405,
2014-04-03,46.40648651123047,46.68802160391471,42.27729321881857,42.37114063632193,1057,
2014-04-04,45.89034271240234,45.98418655912913,44.20112483201391,45.98418655912913,610,
2014-04-07,44.15419769287109,49.64414799579849,43.16882309898552,43.21574501680619,2322,
2014-04-09,45.46803283691406,45.79648984132304,44.10727574166729,44.20111957723761,1365,
2014-04-10,45.98418045043945,45.98418045043945,43.40343562924132,43.40343562924132,6932,
2014-04-11,44.81111907958984,44.81111907958984,44.81111907958984,44.81111907958984,400,
2014-04-15,44.57649993896485,44.57649993896485,44.57649993896485,44.57649993896485,300,
2014-04-16,44.71726989746094,44.71726989746094,44.71726989746094,44.71726989746094,200,
2014-04-17,45.23342514038086,46.54725689687599,44.71727682247516,44.71727682247516,554,
2014-04-21,46.922630310058594,47.81416100193223,44.29496372867783,45.18649442055146,2443,
2014-04-22,48.23646545410156,49.92567943150126,46.96955228611734,46.96955228611734,2817,
2014-04-23,49.45646286010742,49.73799798175735,46.92263960543146,49.69107605813458,13285,
2014-04-24,49.45646286010742,49.45646286010742,49.45646286010742,49.45646286010742,0,
2014-04-25,48.79954147338867,49.26876783370972,48.79954147338867,49.26876783370972,220,
2014-04-28,49.26876449584961,53.632570783161405,48.84646008418834,53.632570783161405,108,
2014-04-29,50.535675048828125,50.535675048828125,48.79953903437789,48.79953903437789,527,
2014-04-30,50.58259963989258,54.71178918238797,48.89338199350837,54.66486726552458,1484,
2014-05-02,49.0810775756836,49.268768839626695,48.89338631174049,48.94031181266109,2849,
2014-05-05,49.22184753417969,49.26876945577399,48.79954308000471,48.79954308000471,2244,
2014-05-06,50.01952362060547,50.67644116652442,47.86108332393973,48.79953593813463,10377,
2014-05-07,48.94031524658203,54.19564952625338,48.79954589376928,48.94031524658203,2062,
2014-05-08,48.33031845092773,48.33031845092773,47.95493590478046,48.09570525456401,1300,
2014-05-09,48.001861572265625,57.01100691150037,48.001861572265625,56.11947604628437,932,
2014-05-12,50.16029739379883,50.67644566140462,47.908009487993446,47.908009487993446,4510,
2014-05-13,51.05183029174805,51.61490050161865,48.799542292439455,48.799542292439455,21586,
2014-05-14,48.89337539672852,49.315686973013385,48.79953872174671,49.03415188867818,2671,
2014-05-15,48.79954147338867,50.53567757461133,48.79954147338867,48.79954147338867,6617,
2014-05-16,48.79954147338867,48.84646339343817,48.79954147338867,48.79954147338867,411,
2014-05-19,54.43025588989258,55.181017324115416,48.799539763351966,48.799539763351966,4666,
2014-05-20,53.2571907043457,54.43025657889076,50.770289618345,54.43025657889076,2526,
2014-05-21,53.1633415222168,54.805633581492,51.61489329150656,51.661815205789054,13276,
2014-05-22,55.18101501464844,55.368706260327016,51.80258691208511,51.80258691208511,3898,
2014-05-23,54.43025588989258,54.43025588989258,52.83488560472349,53.538725120541066,3163,
2014-05-26,54.4771842956543,58.18407356970701,53.0695050963872,54.43026237166139,7719,
2014-05-27,55.83793640136719,55.83793640136719,52.55335190716912,53.491804619797136,1273,
2014-05-28,48.89338302612305,54.43025525084674,45.84341182672215,53.491802574108,69079,
2014-05-29,47.86109161376953,52.36566422614166,47.39186522539924,52.1779729548109,2018,
2014-05-30,48.33031845092773,48.564931647291466,47.39186566547283,47.43878758876292,1610,
2014-06-02,50.06645202636719,50.67644773664387,48.189546554639634,48.23647205536329,3738,
2014-06-03,48.84645462036133,49.73798526083039,48.2833845210716,48.2833845210716,782,
2014-06-04,50.67644119262695,52.83488149040446,48.7995359632704,49.268762270609535,2601,
2014-06-05,50.67644119262695,51.61489380730523,49.268762270609535,49.268762270609535,8332,
2014-06-06,53.44487380981445,53.49179572165799,51.61489060861736,51.61489060861736,6731,
2014-06-09,54.00794982910156,55.18101565327802,52.55334892310531,52.55334892310531,4988,
2014-06-10,53.77334213256836,56.11947401950339,51.23951897869589,56.11947401950339,14497,
2014-06-11,55.08716583251953,55.13408774440463,52.55334321168782,53.77333082026237,59518,
2014-06-12,54.43025588989258,58.09022280410914,53.67949445566975,58.09022280410914,9528,
2014-06-13,55.41563034057617,60.99942453304519,51.94335468963563,52.55335036693124,50416,
2014-06-16,57.151763916015625,57.24560774264512,53.63256671872187,54.993320104412106,4770,
2014-06-17,56.1663932800293,58.934829491423486,55.65024500534194,57.15177148978415,12487,
2014-06-18,57.24561309814453,57.66791751731013,55.36870775066438,55.88485600523885,4833,
2014-06-19,55.46255111694336,59.96712677672405,55.368707282328266,59.96712677672405,3910,
2014-06-20,54.43025588989258,57.15177011635237,54.43025588989258,55.04025156889964,22191,
2014-06-23,54.52410125732422,59.5917473454368,54.43025741787928,59.31021224718899,4796,
2014-06-24,55.83793640136719,55.83793640136719,50.95798157971888,53.96103097611115,2183,
2014-06-25,54.4771842956543,55.3687151711728,53.49180957214999,55.27487132318699,3211,
2014-06-26,54.05487060546875,54.38333117725495,53.72641361359526,53.72641361359526,120,
2014-06-27,56.68254089355469,57.902528609692446,52.88180483724971,53.961026805321225,10989,
2014-06-30,67.99088287353516,67.99088287353516,57.24560427861097,57.48021741090036,108560,
2014-07-01,65.92630767822266,74.13776948867743,63.20479318907806,74.13776948867743,96340,
2014-07-02,63.34555435180664,68.31935629817502,62.87632802327474,67.47474747485248,20144,
2014-07-03,61.5625,66.16091998404805,61.23404296395937,64.23708895036859,20899,
2014-07-04,61.89095687866211,62.59479645117074,60.99942961741506,61.04635511951285,4635,
2014-07-07,64.4717025756836,65.0816983094793,61.93788295508786,61.93788295508786,16500,
2014-07-08,61.14019775390625,66.53630103634924,60.295588851645576,66.53630103634924,10690,
2014-07-09,60.67097091674805,61.14019728553987,57.62099951960119,60.99942794293708,9301,
2014-07-10,59.63866424560547,60.2486563104829,58.18406337715904,58.18406337715904,1413,
2014-07-11,56.44793319702149,61.93788024095949,56.30716385541771,61.93788024095949,7748,
2014-07-14,56.401004791259766,56.964078548757165,54.52409942609421,55.41563019053043,5602,
2014-07-15,59.07560348510742,59.49790795400677,56.35408897879006,59.07560348510742,6291,
2014-07-16,62.73555755615234,63.34555320415747,57.71483736378792,57.99637243982385,9252,
2014-07-17,62.87632751464844,64.47169415482125,60.2017388956173,61.2340353780718,2773,
2014-07-18,62.59479141235352,64.47169678795423,61.04635020534357,62.78248624580907,5574,
2014-07-21,61.70327377319336,63.25172237969515,60.06098131535171,61.46866056493027,7024,
2014-07-22,61.84403991699219,62.54787950521328,60.76481778308786,60.76481778308786,2587,
2014-07-23,61.14019775390625,62.782490057258464,60.9994284102251,62.782490057258464,11635,
2014-07-24,61.42173385620117,62.688650883866686,60.06098013886081,61.093276803032126,6456,
2014-07-25,61.28097152709961,65.12862662681867,60.99943281938712,60.99943281938712,3676,
2014-07-28,61.89095687866211,63.34556152577718,61.18711730615348,61.18711730615348,8924,
2014-07-30,61.9378776550293,62.59479167531897,61.23403813622215,61.89095215651182,3045,
2014-07-31,61.046348571777344,61.93787573740059,60.9994230747127,61.93787573740059,14909,
2014-08-01,61.28097152709961,61.93788563199308,60.95250731482612,60.95250731482612,23279,
2014-08-04,65.45706939697266,66.48936583363371,62.7355554022661,62.7355554022661,44796,
2014-08-05,68.83548736572266,70.29009156075546,66.3016685561178,66.3016685561178,27771,
2014-08-06,74.60697937011719,79.76846850893033,68.50703766061075,71.13470772248195,66668,
2014-08-07,72.63623046875,76.67157223045422,71.51008308701341,75.92081446912141,8189,
2014-08-08,70.85318756103516,75.07622523023593,69.02320743497887,75.07622523023593,8868,
2014-08-11,74.37237548828125,77.89157306659109,71.88547443431047,74.60698866016857,24470,
2014-08-12,75.07621765136719,75.92082653191028,74.1377649307251,75.92082653191028,4382,
2014-08-13,75.26390838623047,82.58384276825646,73.24624068282164,75.02929519654792,98491,
2014-08-14,74.18467712402344,77.4223355655625,73.71545084786851,73.76236917958914,31239,
2014-08-18,77.9384994506836,78.36080030094998,74.32545083469526,74.32545083469526,14362,
2014-08-19,79.15847778320312,81.55153484984434,76.57773305478922,76.62465855014507,20279,
2014-08-20,78.5015640258789,81.6453789081949,78.07925604597578,81.6453789081949,4454,
2014-08-21,79.111572265625,81.1292400159802,76.01467522582736,81.08232167284781,4434,
2014-08-22,80.56615447998047,82.39614135046256,78.36079229641757,82.39614135046256,9329,
2014-08-25,89.85684204101562,93.46988334385895,80.47231545709755,80.47231545709755,69854,
2014-08-26,85.58687591552734,90.09145134679731,83.6161268492812,89.85683819224836,10973,
2014-08-27,83.4753646850586,86.7599491304938,81.64538478653219,85.39919558131528,16010,
2014-08-28,82.11460876464844,86.75994662511827,81.64538242885044,85.02381061463085,4913,
2014-09-01,84.5545883178711,85.8214980530788,82.77152672469957,82.77152672469957,12925,
2014-09-02,84.69535827636719,85.63381099965103,82.6776834893417,85.39919781883007,6042,
2014-09-03,83.75689697265625,86.33764169730392,81.9269172136544,84.92996275658702,4361,
2014-09-04,83.66209411621094,85.22631601932677,81.52906622089678,82.9510848177729,6276,
2014-09-05,85.79512023925781,87.07493550345708,83.42508929342196,85.13151446752796,8291,
2014-09-08,88.1651611328125,89.96638630143296,84.46791099359392,84.46791099359392,8703,
2014-09-09,85.32112884521484,89.49238547975547,84.37311630249023,88.30736980134971,8810,
2014-09-10,85.0367202758789,86.26913944679488,83.89910814331151,83.89910814331151,5640,
2014-09-11,88.63916015625,89.96637897412566,84.42050783336163,89.01836656603743,10668,
2014-09-12,88.73397064208984,90.06118961988253,87.31195185861802,88.44957122505241,9522,
2014-09-15,85.84254455566406,90.06119776856015,85.32113472810963,89.53978794100571,6668,
2014-09-16,82.14527130126953,87.12233612224203,81.52906182926375,84.37309886981946,13212,
2014-09-17,82.76148986816406,88.07035814738889,81.81347741713246,84.3731081418134,2197,
2014-09-18,87.92816162109375,89.11317727636455,79.15904577208978,82.85629606308702,6912,
2014-09-19,87.45415496826172,89.49238333277351,85.32112679830412,89.49238333277351,5311,
2014-09-22,85.27371215820312,90.0611776528538,84.37310327477883,90.0611776528538,4671,
2014-09-23,100.11012268066406,102.19575460630476,82.00308463072176,88.1177626147056,152988,
2014-09-24,99.01988983154295,112.29206310243872,97.31347189351264,108.83182371444924,521308,
2014-09-25,92.24161529541016,104.3287741662159,90.06118374325841,100.48932080826728,88785,
2014-09-26,92.62081909179688,96.50767615884632,86.74314443826492,93.85323824468009,31761,
2014-09-29,94.2798309326172,98.59329027526428,90.58258833350332,90.62998461417156,51826,
2014-09-30,94.32723999023438,102.38534591904838,93.85323375912768,93.9006372753428,67834,
2014-10-01,95.74925994873048,98.5932973729502,94.09023811793564,94.80124747399056,45129,
2014-10-07,95.51226806640624,99.54132155804125,93.09483307832043,94.3746558559906,39618,
2014-10-08,94.80123901367188,96.88686337886844,93.61622352600098,96.88686337886844,33690,
2014-10-09,95.55966186523438,99.3043083068512,94.80124898028755,95.08565562033294,37672,
2014-10-10,94.80123901367188,95.51224830627442,94.75383550106082,94.80123901367188,31133,
2014-10-13,94.80123901367188,95.27524520874024,93.3792204284668,93.47402022092837,29869,
2014-10-14,94.75382995605467,99.54129513918626,94.51682687238996,94.89603325280554,32190,
2014-10-15,94.75382995605467,94.75382995605467,94.75382995605467,94.75382995605467,0,
2014-10-16,91.4832000732422,95.74925603520686,90.72478723134412,95.03824670821274,8117,
2014-10-17,92.95263671875,93.80584225781402,91.05661155147524,91.05661155147524,8097,
2014-10-20,93.4266357421875,94.7064511839788,92.90522596864665,93.09482557751888,2782,
2014-10-21,92.8578109741211,93.80582336684417,91.62539920323744,91.67279548321724,4961,
2014-10-22,93.52144622802734,95.18046830980718,92.24163064006392,95.18046830980718,11339,
2014-10-27,94.75382995605467,96.60245834829564,93.85322113123276,96.60245834829564,26476,
2014-10-28,94.42204284667967,95.27525553684548,93.37923055103762,94.80124929039351,5619,
2014-10-29,97.21868133544922,98.68809631890942,93.47402775301086,94.2798369030066,13054,
2014-10-30,98.07189178466795,101.43733910605766,95.3226612773485,96.79207633595692,12740,
2014-10-31,96.22328186035156,108.92665253772876,95.74927554576855,108.92665253772876,10512,
2014-11-03,98.21410369873048,98.54590666145263,95.27526609170783,95.37006590494816,6294,
2014-11-05,98.16669464111328,99.25690320072964,97.2660784505574,98.35629424293496,4026,
2014-11-07,97.40828704833984,98.9725091628217,94.89605240784007,96.79207745987588,13259,
2014-11-10,99.3517074584961,99.54130705502033,96.36546680029328,96.41286308304385,11393,
2014-11-11,98.92510223388672,101.62693639336464,98.11929306109664,99.35171219554827,18928,
2014-11-12,106.08261108398438,108.92664887587264,99.39911937994212,101.15294123838746,42100,
2014-11-13,113.66669464111328,118.45415319247029,111.86546953259555,113.28748821309463,87440,
2014-11-14,111.2018814086914,115.61013423371335,110.20646528079229,115.61013423371335,41965,
2014-11-17,112.6712875366211,114.37771298058574,108.64223429153496,111.3914720700284,20968,
2014-11-18,112.10247802734376,113.52449677610498,107.74162197769492,113.52449677610498,11984,
2014-11-19,103.94956970214844,111.8654724501628,102.3853476662507,110.01685101040442,13547,
2014-11-20,101.29512786865234,108.9266309113814,100.48931874039944,106.17739338608244,5379,
2014-11-21,117.98014068603516,121.34558761052509,102.38533954638054,102.38533954638054,213362,
2014-11-24,115.70492553710938,120.25538108021564,110.20645028566628,118.50155944695298,66293,
2014-11-25,109.25843811035156,118.1697568518045,107.31500963697616,118.1697568518045,24509,
2014-11-26,110.15904235839844,111.81806412423433,107.50461187271756,109.06883384134358,11995,
2014-11-27,109.87464141845705,112.52907186673268,107.22020373742058,110.8700501242751,9168,
2014-11-28,112.19728088378906,116.51074076551264,109.06884389104106,109.06884389104106,20275,
2014-12-01,110.82266998291016,113.76150747958027,108.78444152734863,109.96945723026094,8499,
2014-12-02,120.25537109375,122.00919258136862,110.44344423291444,110.44344423291444,68268,
2014-12-03,127.69725799560548,137.27218831764105,121.34557827583384,126.9862487478955,159163,
2014-12-04,125.2324447631836,132.76914050646806,123.57342305077098,127.36547267914268,24548,
2014-12-05,116.93734741210938,124.23704843771452,115.3257289589658,123.2890358810979,36108,
2014-12-08,117.26913452148438,122.10400369341984,115.70491980054616,118.40675377542954,28079,
2014-12-09,113.66669464111328,118.501556708258,111.91287304838328,118.501556708258,20806,
2014-12-10,114.61470794677734,116.60553266772284,112.52907619355167,113.76149528558324,11447,
2014-12-11,112.81348419189452,116.60553408069772,109.63764385657412,112.52907755712982,14417,
2014-12-12,110.72784423828124,113.9036841316808,109.96943147294996,113.9036841316808,20782,
2014-12-15,107.45720672607422,110.72785392585916,102.4801415041396,110.72785392585916,19857,
2014-12-16,102.76454162597656,106.88839395968738,102.05353235351744,106.17738468722824,10136,
2014-12-17,102.29053497314452,103.33334712139556,99.541297685748,101.95873209407743,9254,
2014-12-18,104.85018157958984,105.9878009249553,101.43733800901634,102.38535051377352,30880,
2014-12-19,105.37158203125,110.87004973290033,104.3287698147957,110.87004973290033,10461,
2014-12-22,106.50920104980467,108.07342309376672,104.42357647969614,106.12999460994097,5807,
2014-12-23,103.57035064697266,108.02600585950486,102.48013498308404,104.5657665211232,6498,
2014-12-24,104.80278778076172,107.45721851740906,103.80737173404296,105.18198700545304,7522,
2014-12-26,104.1865692138672,105.27678497281622,103.71256299108596,105.27678497281622,2274,
2014-12-29,103.33336639404295,108.02602555277788,103.33336639404295,105.70339773335589,6255,
2014-12-30,103.33336639404295,105.03979185145292,103.33336639404295,103.33336639404295,3837,
2014-12-31,103.61775970458984,105.7033841215063,103.28594957360524,104.1391621924386,4456,
2015-01-01,100.86852264404295,104.897575417439,100.11010981712296,103.33335348239191,4177,
2015-01-02,115.23091888427734,120.01837752903384,101.43733452122991,101.43733452122991,61724,
2015-01-05,118.9755630493164,130.82571873151923,113.28748832185904,118.50155682202828,122239,
2015-01-06,113.00308227539062,118.97556366313869,111.39146398740075,118.97556366313869,34507,
2015-01-07,112.95569610595705,118.45416452353496,111.81807671307897,116.60554295515549,10397,
2015-01-08,118.16974639892578,123.14680423636143,115.61010859459708,115.65751210741747,28340,
2015-01-09,116.55813598632812,119.8287835072298,114.09330489049309,119.4969805730761,15468,
2015-01-12,118.64376068115234,119.44956982468732,116.60553244790904,116.60553244790904,9308,
2015-01-13,119.307373046875,125.04284439800269,117.69575467149468,120.3975888809318,49735,
2015-01-14,116.2737274169922,120.91898982771198,114.6147056440752,117.45874296907576,8760,
2015-01-15,116.79512786865234,117.60094421612312,111.53366324947967,115.65751585173956,7591,
2015-01-16,115.37312316894533,117.50615138291091,112.48168926300453,114.7569208044535,10637,
2015-01-19,120.39759063720705,122.67281491028358,118.5015655878022,119.4495781125046,16719,
2015-01-20,119.97097778320312,124.00003067362525,118.50155560065068,121.4403999657556,16186,
2015-01-21,130.30429077148438,135.28135546220165,121.44038423970945,123.24160186538006,81358,
2015-01-22,127.69725799560548,134.33334430756514,124.3318113300076,131.7737139089133,17799,
2015-01-23,125.2324447631836,126.65446337382298,120.49237549495832,126.65446337382298,10806,
2015-01-27,123.33641815185548,127.74466999439612,119.59176485874558,124.18962351959846,25679,
2015-01-28,122.15142059326172,126.5596730829763,120.06578868219988,123.24162921937769,4024,
2015-01-29,120.53977966308594,126.74925662361272,118.5015515302141,125.1376384159061,9103,
2015-01-30,117.0795440673828,121.29819681071432,115.6101217952949,121.29819681071432,7439,
2015-02-02,117.41133880615234,123.2416167367912,108.0260142388753,123.2416167367912,6150,
2015-02-03,117.6483383178711,118.97555713485188,113.0978831017722,116.17892342598152,4689,
2015-02-04,114.37770080566406,119.44956584540488,113.85629107752028,119.44956584540488,4602,
2015-02-05,115.32571411132812,118.45415080573456,114.14069856812246,116.93733235698348,3631,
2015-02-06,112.71868133544922,116.0367248982006,111.91287220247608,113.95109317624316,6074,
2015-02-09,109.59024047851562,114.28290656150352,109.0688379578022,113.71409329125444,5568,
2015-02-10,110.72784423828124,111.86545615351804,110.0168349830682,111.86545615351804,4703,
2015-02-11,107.9786148071289,113.66668925983709,106.27218957821218,111.58105762085434,11301,
2015-02-12,106.84101104736328,111.62847729804884,105.2767961325809,108.83184318028948,7728,
2015-02-13,105.98779296875,109.44803256515404,103.57035836998467,106.17739256236416,15834,
2015-02-16,105.32418823242188,109.92204745142335,104.7553821739572,109.92204745142335,9503,
2015-02-18,103.90215301513672,106.93579690111956,103.380750557768,106.36698369997508,7927,
2015-02-19,105.37158203125,106.12998762832552,103.38075739388074,106.12998762832552,2354,
2015-02-20,113.3822784423828,117.5061308212226,101.15291737570314,104.2813611018632,34950,
2015-02-23,107.74161529541016,113.52448973515833,106.79360285503304,110.91745552412128,5090,
2015-02-24,104.37616729736328,110.91745452350688,103.33335506890812,109.73243898372584,9940,
2015-02-25,104.51838684082033,107.97863420092368,104.4235870294672,107.74163105615992,2574,
2015-02-26,105.03977966308594,107.1254041065697,102.38534197796042,103.33335440368228,1556,
2015-02-27,105.32418823242188,105.65599116379614,104.32877943829908,105.27679194666068,1606,
2015-03-02,104.94497680664062,105.70338967047492,99.54130865829478,102.38534604853176,2353,
2015-03-03,109.82723999023438,111.6758685923142,103.33335620724849,103.33335620724849,7971,
2015-03-04,105.22938537597656,109.4954415398675,104.28137289511191,107.6942163796724,5478,
2015-03-05,105.46637725830078,106.84099231597894,101.6743277389012,103.33334940363852,451,
2015-03-09,104.61316680908205,108.0260099997776,103.23855172329483,106.17738871437268,1089,
2015-03-10,103.94956970214844,107.74161961571328,102.00614122834196,102.3853476662507,1804,
2015-03-11,102.95415496826172,106.03519556078608,100.48932394079448,105.37158971088536,5516,
2015-03-12,103.00157165527344,104.8501933540416,102.38536201142998,104.28138723386388,837,
2015-03-13,100.2523193359375,103.4281596839516,97.74008482801187,103.0015569628606,1222,
2015-03-16,97.5978775024414,103.28595212481416,95.98625925254017,99.54130589152312,2805,
2015-03-17,97.83487701416016,99.68350553811078,96.886864611958,96.98167163838671,3401,
2015-03-18,97.1238784790039,99.49390974723497,96.03366988182675,99.4465134615272,1495,
2015-03-19,97.1712646484375,100.44190432154916,96.8394617766778,100.44190432154916,1678,
2015-03-20,94.46944427490234,96.46026901941418,91.7202066597378,96.0336663001478,1282,
2015-03-23,86.88534545898438,93.80583224088522,85.60553005428967,92.90522327570484,5961,
2015-03-24,88.87617492675781,90.25079020585368,87.21715299479166,89.11317805989583,5585,
2015-03-25,88.8287582397461,90.96178612180492,87.21714006640586,90.96178612180492,3396,
2015-03-26,87.4067611694336,91.00921203908568,83.61471066780503,86.74315522475352,8572,
2015-03-27,82.2874984741211,86.26914859300082,79.63306023969307,86.26914859300082,4448,
2015-03-30,86.88534545898438,89.87158622511285,81.71867309021955,84.75231737357278,6394,
2015-03-31,94.516845703125,96.64987388107402,87.21715216502633,89.87159012402306,20850,
2015-04-01,97.69270324707033,99.54132496037232,93.85324924835103,93.85324924835103,4716,
2015-04-06,96.88687896728516,100.96333579385046,96.0336734650958,99.54131697985255,1710,
2015-04-07,94.89604949951172,99.39910886008916,94.80124969636762,96.69727469029498,1581,
2015-04-08,97.55048370361328,100.39452108720108,93.80583014223272,95.32265586635506,6581,
2015-04-09,97.7400894165039,99.35171504100268,97.2660831562563,99.35171504100268,784,
2015-04-10,99.01988983154295,99.49389601978925,97.0764687993895,97.64527477873294,3838,
2015-04-13,102.62234497070312,104.04436360771057,98.40369257401872,98.73549547610163,4315,
2015-04-15,117.41133880615234,120.96638544279055,99.5413058258698,101.62693029292652,110813,
2015-04-16,112.38687896728516,124.33182717143612,105.70338829414725,120.3975812857103,132853,
2015-04-17,113.14527893066406,115.65751324692395,111.1070508162358,114.235494641429,30455,
2015-04-20,111.62847137451172,121.3455994559448,109.96944950694996,121.3455994559448,35718,
2015-04-21,110.3486557006836,113.00308634308492,109.0688402808864,109.96944925669445,7769,
2015-04-22,107.22020721435548,111.58106306081984,105.9877953625074,109.63764186771908,12162,
2015-04-23,108.92664337158205,113.33490317280268,107.64682787645648,107.64682787645648,11076,
2015-04-24,103.57035064697266,111.29665285117072,103.23854776650924,109.21102131313155,4991,
2015-04-27,95.18045043945312,104.28136841851696,94.8012440168336,102.3853435381803,6635,
2015-04-28,100.9633331298828,102.8119546461986,94.32724550632244,94.84865528413536,11717,
2015-04-29,99.6361083984375,100.96332729297244,97.78748698899456,100.48932106155004,8292,
2015-04-30,99.01988983154295,104.18656162308363,97.69267829066176,99.58870304364686,3700,
2015-05-04,99.58870697021484,102.85934690496426,98.11928483561108,102.85934690496426,3586,
2015-05-05,98.92510223388672,101.15293014669268,98.78289891333286,101.15293014669268,1563,
2015-05-06,91.90979766845705,100.48931263048468,91.0091887974201,100.48931263048468,5534,
2015-05-07,91.72021484375,96.5076811473037,87.26455872118936,90.06119286983204,1903,
2015-05-08,96.74468231201172,99.06731013499056,92.004619626127,96.6972787920482,2332,
2015-05-11,96.365478515625,99.49391563517044,94.80125633947137,99.49391563517044,914,
2015-05-12,95.84407043457033,99.44652113329596,94.89605785414378,99.44652113329596,2404,
2015-05-13,96.22328186035156,97.45570117137234,95.84407536213268,95.84407536213268,953,
2015-05-14,95.74925994873048,96.64986890662892,95.22785019451904,96.03366658425692,1939,
2015-05-15,96.365478515625,98.5933065930502,95.79667242414055,96.69728146626078,1090,
2015-05-18,100.06273651123048,101.43735193879137,96.93429192281698,99.06732035143644,7215,
2015-05-19,97.5030746459961,100.96332137925508,95.98625624084112,98.83029346279196,1512,
2015-05-20,98.73550415039062,99.73091294408978,98.16669809216803,98.16669809216803,1566,
2015-05-21,97.3608856201172,100.3945301081901,96.79207953884156,98.30889816649714,2668,
2015-05-22,97.5030746459961,98.59329036096273,96.22325934267036,97.64527795364576,2503,
2015-05-25,95.98625183105467,99.06729201328606,94.84863988764262,98.11927964952255,1778,
2015-05-26,94.75382995605467,97.36086387636672,92.57340592599525,94.84863697572868,2082,
2015-05-27,94.42204284667967,98.54589574425954,94.42204284667967,98.54589574425954,2903,
2015-05-28,94.13764190673828,97.64528518030494,93.80583175341177,97.64528518030494,1518,
2015-05-29,93.8532257080078,95.6070471661003,90.10857969660056,93.8532257080078,2018,
2015-06-01,83.09327697753906,92.90520253322006,82.47706755500148,92.90520253322006,17780,
2015-06-02,79.63304138183594,84.37310336884998,78.16361927275734,83.0932880789083,27390,
2015-06-03,82.14527130126953,83.1406799258079,79.15903096213398,80.39144990614555,13541,
2015-06-04,83.04589080810547,84.18351011015473,80.10705360181022,84.18351011015473,2974,
2015-06-05,80.4388656616211,82.85630062456492,79.63305641822714,81.05507528283835,4477,
2015-06-08,80.05963897705078,82.42966981986176,79.63303631844886,81.05505482413545,2389,
2015-06-09,80.39144897460938,81.14985450364674,79.63303621281187,79.63303621281187,5388,
2015-06-10,82.80889129638672,84.98932296234487,79.77525415769502,79.82265044353497,947,
2015-06-11,80.62846374511719,84.79971284131689,79.77525107261772,83.04589121231095,2888,
2015-06-12,79.91746520996094,80.58107113799248,79.63305853636903,79.82265816358887,6560,
2015-06-15,79.39604949951172,80.58106516368353,78.87463971417147,79.82265224550892,3386,
2015-06-16,80.96025848388672,81.38686116065139,77.92661453627412,79.63303970885373,2931,
2015-06-17,81.05506134033203,82.38228016555628,79.1590365136576,82.38228016555628,4070,
2015-06-18,82.00308227539062,82.47708853131773,80.58106350760929,80.62846702630658,1494,
2015-06-19,80.48625946044922,82.42968066765344,77.73702187443526,80.77065885935757,8342,
2015-06-22,80.58106994628906,81.00767271760577,79.63305735868566,80.96027642788283,1277,
2015-06-23,80.81806182861328,82.00307739794779,79.91745288902348,81.43427137121944,1702,
2015-06-24,81.05506134033203,82.47707996033786,80.58105513366343,80.58105513366343,1611,
2015-06-25,81.86088562011719,82.85630173175129,81.62388247284831,82.47709524956868,522,
2015-06-26,80.96025848388672,82.76148344766288,80.67585187753663,81.24465785747635,2322,
2015-06-29,81.10247039794922,83.33029827502509,76.55200760977455,81.52907312000757,2233,
2015-06-30,80.58106994628906,81.90828901548623,80.48627013408112,80.48627013408112,798,
2015-07-01,82.76148986816406,82.90368594961,80.58105833768695,80.58105833768695,1163,
2015-07-02,86.45873260498047,92.71562056539278,81.38686744062528,81.52907075477302,8198,
2015-07-03,85.51072692871094,87.4541554995841,85.41592712268918,87.21715236814892,2825,
2015-07-06,87.78594970703125,89.87158139590896,85.32111883177654,86.26913126324072,2469,
2015-07-07,92.0046157836914,93.56883061849692,90.01378375255462,90.01378375255462,10955,
2015-07-08,93.75843811035156,96.08106585249784,91.15140372384552,91.95721290584964,12702,
2015-07-09,98.78289794921876,100.06272058895117,92.0520107587221,94.65904508997345,3624,
2015-07-10,96.55506896972656,97.5978812439196,93.85323486707512,97.21868204076664,2990,
2015-07-13,97.69270324707033,98.45110900234911,93.37924293901592,95.74927448569146,2538,
2015-07-14,97.64529418945312,99.30431617810888,94.80125649461468,94.80125649461468,3491,
2015-07-15,96.60247039794922,99.30430444218682,95.74925774377918,97.64528264959658,2063,
2015-07-16,97.55048370361328,98.54589244821236,95.3700521497582,95.3700521497582,2329,
2015-07-17,97.31348419189452,98.5932996153492,96.2232683745956,98.5932996153492,1014,
2015-07-20,109.4480438232422,116.41594171309072,96.6972781729526,96.6972781729526,122178,
2015-07-21,103.04894256591795,109.40062983635114,100.44190852716626,109.40062983635114,24791,
2015-07-22,105.13457489013672,106.84099284262156,99.92050677526102,100.48931275942265,15958,
2015-07-23,105.08717346191406,108.83182679470028,103.42815175609704,103.42815175609704,15783,
2015-07-24,102.43274688720705,107.59941178464278,100.86852491691334,105.84559021972724,4392,
2015-07-27,102.05353546142578,103.23855095161242,100.48931356782732,102.52754165750044,2752,
2015-07-28,108.0260238647461,112.24468392245862,101.01073699621118,101.01073699621118,31448,
2015-07-29,115.65752410888672,118.0275553406262,107.07800815688526,109.96944915271196,149894,
2015-07-30,114.9939193725586,119.44957523834466,112.7186879214664,117.45875043092454,49446,
2015-07-31,110.49085998535156,117.55355023113366,108.68963478525772,117.45875042749954,27153,
2015-08-03,119.25997924804688,125.61166031025314,102.38535330948936,109.96945355463671,156244,
2015-08-04,115.89453125,122.00920914677266,114.89911520505488,120.444994265804,37180,
2015-08-05,110.3012466430664,118.35935243388512,109.30583791444538,118.35935243388512,17438,
2015-08-06,105.89297485351562,116.51071733786408,104.28135677822884,110.96484662848304,49361,
2015-08-07,109.87464141845705,111.86546606285395,106.93580434979862,106.93580434979862,10646,
2015-08-10,114.4725112915039,116.32113280434906,109.06884284414,109.9694518411135,22225,
2015-08-11,108.784423828125,112.86088007600868,106.4143928079044,112.86088007600868,7500,
2015-08-12,101.43733978271484,110.25385912422364,100.7737339108858,107.12541491071754,15588,
2015-08-13,100.4419174194336,104.1865709826346,98.735499328108,102.66975249053594,5217,
2015-08-14,102.62234497070312,104.23396319954055,99.96790728851826,99.96790728851826,7155,
2015-08-17,100.5841293334961,104.28137969656294,99.8257236389963,104.28137969656294,7186,
2015-08-18,102.66975402832033,103.71256630520978,100.4893224407468,100.91592516177757,13891,
2015-08-19,105.5611801147461,108.0260109273711,103.42815219815049,103.80735860765296,6862,
2015-08-20,100.82112121582033,109.0214302413995,99.82571249675102,103.33335562010907,6124,
2015-08-21,100.72633361816406,102.2431522543323,93.0948296838714,98.73550870614564,12712,
2015-08-24,87.64373779296875,96.50765894331728,86.26912279537723,95.74924617948464,24530,
2015-08-25,89.06576538085938,90.8195941719306,80.107050762639,89.01836909876286,8466,
2015-08-26,88.73397064208984,91.90981114529129,87.21715205293887,87.21715205293887,7437,
2015-08-27,88.97097778320312,90.15599348951314,85.79513713684467,89.44498406572713,3272,
2015-08-28,88.1651611328125,91.95721107400874,87.9755615288572,91.95721107400874,5884,
2015-08-31,94.13764190673828,99.25690349891424,87.21714792803937,89.06576936601833,28570,
2015-09-01,88.49694061279297,97.64526011904144,86.26911330905602,92.9051989482142,15750,
2015-09-02,88.8287582397461,90.7247830237984,88.165152458432,89.06576133775263,1940,
2015-09-03,91.62541198730467,93.8058364551359,89.11317734951602,89.11317734951602,4437,
2015-09-04,88.40216827392578,91.72021212334928,87.69115887762075,91.72021212334928,21454,
2015-09-07,85.88992309570312,89.11316674362025,84.42050819650198,87.31194171395238,4562,
2015-09-08,85.0367202758789,86.98014883783989,83.61470149378889,85.55813005574987,7587,
2015-09-09,86.03213500976562,92.71562607718258,84.51531644512646,92.71562607718258,5631,
2015-09-10,87.02754974365234,88.92357472950306,85.36852788103296,88.92357472950306,5764,
2015-09-11,89.72938537597656,91.00920081589784,88.6391695446505,88.6391695446505,2651,
2015-09-14,89.06576538085938,90.7721906570732,88.54436288123246,88.54436288123246,2465,
2015-09-15,90.96180725097656,92.38382616933114,89.8241950093978,89.8241950093978,3007,
2015-09-16,89.87159729003906,91.00920951588274,89.58719061719707,89.77679024391698,2455,
2015-09-18,93.284423828125,94.80124225769598,92.14680458137616,92.81041761683652,15311,
2015-09-21,96.50768280029295,96.69728242174062,91.00920698516764,91.9572195579298,3545,
2015-09-22,99.7309112548828,101.2477370281335,96.41286753322925,97.4556870605294,11353,
2015-09-23,98.5458984375,99.06730821595173,96.6972769189194,99.06730821595173,1824,
2015-09-24,97.7400894165039,98.35629900137808,96.69727709051148,97.12387983162972,313,
2015-09-28,103.04894256591795,105.4189735102377,99.067293472565,99.11469698455556,12167,
2015-09-29,101.72173309326172,105.03977648282884,101.43732648105173,105.03977648282884,7466,
2015-09-30,99.39911651611328,104.23397917647168,97.69269822980192,100.9159351815329,1012,
2015-10-01,99.54131317138672,101.43733818417503,98.2140942158826,98.2140942158826,365,
2015-10-05,97.45567321777344,98.59328515336196,96.03365468190763,98.59328515336196,7796,
2015-10-06,96.64986419677734,98.49849277209124,96.08105818620416,97.64528013985104,15651,
2015-10-07,100.2523193359375,101.43733493092496,96.6972725509752,96.6972725509752,3815,
2015-10-08,100.48933410644533,101.24774706827802,98.6407124570259,100.48933410644533,1150,
2015-10-09,99.20950317382812,100.48931851974436,99.0672998614461,99.54130608087888,3061,
2015-10-12,100.20491790771484,103.0489553949661,97.69269058018531,97.69269058018531,4076,
2015-10-13,100.39452362060548,100.48932342256508,98.30889181368792,98.4036988484088,926,
2015-10-14,99.01988983154295,100.20490530215866,98.5932871552255,98.6406906671543,2507,
2015-10-15,99.3517074584961,101.8639346598664,98.87770123442456,100.4419159876518,2255,
2015-10-16,101.43733978271484,101.43733978271484,97.64528969737972,97.88229282771316,3565,
2015-10-19,98.78289794921876,102.29054848001368,97.64528586141358,100.4419197963787,3623,
2015-10-20,99.06731414794922,102.24315482958468,98.59330786015998,100.4419294894332,2715,
2015-10-21,97.31348419189452,98.45109629435171,96.69727462274632,98.0244935641206,2617,
2015-10-23,97.88228607177734,98.4984956146652,96.6972705019011,96.83947381683846,4695,
2015-10-26,95.18045043945312,98.35629066746486,94.2324379992848,97.31347842983187,479,
2015-10-27,96.46026611328124,97.55048186971328,95.0382474482206,95.0382474482206,404,
2015-10-28,97.5978775024414,97.64528101739889,96.31806215895972,97.64528101739889,1710,
2015-10-29,89.58717346191406,97.6452790113984,86.6483364139484,94.8960415538457,17960,
2015-10-30,90.67739868164062,92.4312203912296,89.58718284073024,91.43580435545022,7252,
2015-11-02,90.2507781982422,93.7584284416589,89.16056971706575,93.7584284416589,1371,
2015-11-03,91.72021484375,97.64529332202842,90.53519914809432,97.64529332202842,3663,
2015-11-04,95.37005615234376,96.46027197502654,92.90522509634006,93.18963173973954,1560,
2015-11-05,95.2752456665039,95.2752456665039,95.2752456665039,95.2752456665039,50,
2015-11-06,92.43121337890624,94.8012444911859,92.43121337890624,94.8012444911859,1474,
2015-11-09,94.0902328491211,96.60246721305532,92.43121111122728,92.43121111122728,1714,
2015-11-10,102.33794403076172,108.45262884896349,96.69727268396808,96.69727268396808,34936,
2015-11-13,115.65752410888672,117.93275553790887,107.26761499508122,109.11623646273348,39240,
2015-11-16,118.78596496582033,121.34559573270256,108.31042431610364,116.60553339939383,28761,
2015-11-17,115.27831268310548,120.2079817717277,111.39146307758864,119.44956891724397,15064,
2015-11-18,107.78900909423828,118.1223459028136,106.74619688040278,118.1223459028136,7707,
2015-11-19,107.03060913085938,111.8654712732351,106.65140269694024,111.8654712732351,4589,
2015-11-20,106.2721939086914,109.02143145274768,102.3853443208413,107.12540655791727,3835,
2015-11-23,110.3486557006836,116.98474315582897,107.31501138153178,108.97403324531813,13608,
2015-11-24,112.19728088378906,116.17893782832503,107.12541532174546,107.12541532174546,9378,
2015-11-26,112.43428802490234,114.66211609148588,110.06425662794923,110.91746937740471,8634,
2015-11-27,112.14988708496094,114.75692158646224,111.15447101855575,114.75692158646224,5278,
2015-11-30,114.23550415039062,115.61011935702112,110.91746046137511,115.61011935702112,3788,
2015-12-01,126.89146423339844,130.5413032569,113.2874806457916,115.18350542647433,179424,
2015-12-02,122.86241149902344,127.83947654526015,119.63916069452893,127.83947654526015,32920,
2015-12-03,120.68199157714844,123.19421886252402,119.44957246024774,121.3455974199342,13650,
2015-12-04,122.5780258178711,128.92970702063593,120.39759405603505,120.39759405603505,12211,
2015-12-07,120.87158966064452,126.938863669166,120.39758342668122,126.938863669166,7445,
2015-12-08,118.12235260009766,123.09942531235252,116.36853097292357,120.53978729752762,8478,
2015-12-09,131.0626983642578,141.20642691779088,113.80887767523156,116.60551102208832,516011,
2015-12-10,152.5352020263672,157.27526441954856,125.75384950489251,132.67434349204177,659261,
2015-12-11,151.63458251953125,165.9021722238901,149.78596120785505,153.8150139618638,905750,
2015-12-14,156.4694366455078,159.26607010241648,144.2400690119031,150.73395920407273,307086,
2015-12-15,186.4740447998047,187.753867385126,154.47862482199238,157.32266215335346,1416901,
2015-12-16,188.5122833251953,198.8456133457501,184.3410198248031,188.46487980912408,887189,
2015-12-17,180.02755737304688,190.9297004816906,178.1315324845871,186.75845151328784,206324,
2015-12-18,181.0703887939453,189.50769431803,175.57191336154816,176.3303262600724,190179,
2015-12-21,181.1180114746093,187.54739152559773,177.4032643698637,179.83214418481649,93606,
2015-12-22,175.64114379882812,184.6899015066269,173.35514766519833,181.16565141144392,67398,
2015-12-23,177.0222625732422,182.8801361197241,175.26013044806896,175.26013044806896,70057,
2015-12-24,184.64227294921875,190.5001466449478,176.30789153350227,179.45113232593772,178861,
2015-12-28,181.4037628173828,189.54764704180988,180.02263965277422,183.83264260838848,82456,
2015-12-29,175.49826049804688,183.2611356779801,174.30763457879283,182.880141197422,47140,
2015-12-30,174.1171417236328,179.92738763551822,172.40263744992583,175.2601397281014,41821,
2015-12-31,167.25912475585938,174.25999601396086,166.687618535848,171.4501219225865,48192,
2016-01-01,174.78387451171875,179.97500030294933,165.1636118448824,169.83087389012266,81558,
2016-01-04,179.1654052734375,185.5471576902981,167.64013984545875,174.78389580478225,138477,
2016-01-05,197.12001037597656,199.072639652576,176.83174323663997,180.8322576702608,773973,
2016-01-06,198.07254028320312,210.88367325476423,196.21516661284448,199.0726690392452,420124,
2016-01-07,181.7847442626953,197.92962643167164,179.16536762798216,194.97686877530185,134725,
2016-01-08,187.499755859375,194.786379905311,181.9752492682177,184.78512323535617,148026,
2016-01-11,184.73748779296875,189.3571214998109,180.02261274687552,184.73748779296875,61194,
2016-01-12,183.83262634277344,190.2620057614974,182.0228809125871,186.5472590220595,46735,
2016-01-13,170.8786163330078,187.1663837893477,161.92511574650948,185.737632768055,98685,
2016-01-14,165.78274536132812,176.21262484393824,150.3998507423856,166.59236221453128,71365,
2016-01-15,154.92422485351562,173.06936513633045,150.59035852477007,168.06873672561807,43777,
2016-01-18,143.1608428955078,156.21009819127008,141.92258921036122,154.6384780169724,49579,
2016-01-19,147.35183715820312,152.9239713776248,138.44596543511713,144.68483262126622,50473,
2016-01-20,140.0176239013672,144.684872217809,133.4453738991925,141.92262558710007,37929,
2016-01-21,153.49549865722656,159.40101526562597,143.63712406225432,143.63712406225432,80425,
2016-01-22,158.44850158691406,164.3063752383297,153.9241231383224,157.06736390697995,53367,
2016-01-25,160.97262573242188,165.16362319232553,157.5436172404949,159.0676242444642,29981,
2016-01-27,163.4491424560547,168.59264094238847,159.5915113243,163.35388656282274,38675,
2016-01-28,159.68673706054688,167.4496265111888,158.59136706558868,161.92511952642687,15609,
2016-01-29,162.1632537841797,162.87762935151088,158.11512556930296,161.7346313505826,19520,
2016-02-01,158.49610900878906,165.40173901156754,157.73412008396403,163.25861245898113,11552,
2016-02-02,155.5909881591797,164.78261368708192,153.5431030259016,159.1152376838362,18225,
2016-02-03,151.97149658203125,155.06712399942077,149.54261677850866,154.30512049756945,12750,
2016-02-04,153.3526153564453,157.16261822244394,150.73323838607124,154.40037195819795,13036,
2016-02-05,150.9713592529297,156.2101130440408,149.5426082189903,153.44786685869414,22404,
2016-02-08,158.25796508789062,168.687858035416,151.44759177452514,152.20959514308484,64545,
2016-02-09,159.44862365722656,162.68713500726614,154.7813756810625,157.11499966914454,15520,
2016-02-10,150.4951171875,160.02012460443038,148.59011570411394,157.73412863797026,17515,
2016-02-11,139.54135131835938,152.3524827134824,137.11247164799605,150.30461204016052,17077,
2016-02-12,144.3990936279297,146.68508920452794,120.6818204841969,140.97008572902686,20712,
2016-02-15,148.3043670654297,156.97212989089752,147.63761943285715,153.3526240560645,21293,
2016-02-16,136.63623046875,149.5426186124894,135.25510728008595,149.5426186124894,13664,
2016-02-17,139.20797729492188,142.8751109564061,128.87335298947988,139.9223528497039,21458,
2016-02-18,140.97010803222656,148.49485798520854,138.20786172898198,143.7799822787701,13778,
2016-02-19,145.54208374023438,146.7803373347543,140.01757776514867,140.01757776514867,11522,
2016-02-22,149.4949951171875,154.16225767841803,144.8753750359593,146.68512071165554,47221,
2016-02-23,138.4459686279297,150.35222617990144,135.35034166441704,149.54259485276503,25529,
2016-02-24,132.92147827148438,140.7796092049035,130.58785441624022,135.73135248632968,26088,
2016-02-25,134.25494384765625,136.96957611212852,132.3975707617562,134.20731591540152,7440,
2016-02-26,133.39773559570312,135.7313595727844,131.54036200308772,134.9693560508373,6275,
2016-02-29,130.96884155273438,136.6838455477628,129.54009055397728,134.30259388316762,15770,
2016-03-01,140.35096740722656,140.87483110324231,134.30258286190045,137.63633491875615,20308,
2016-03-02,144.6848602294922,148.59011917526593,141.92261382765784,146.58986175738022,22652,
2016-03-03,147.208984375,149.44735227349102,140.35098232178183,144.68484882903297,19631,
2016-03-04,154.54322814941406,157.16260489770923,143.54184289977317,145.73259726878493,37393,
2016-03-08,157.97225952148438,161.9251319284882,151.0190009495182,152.4001241679889,21007,
2016-03-09,170.6405029296875,179.07014035020177,154.73374336921052,157.97225462786363,153021,
2016-03-10,167.68775939941406,174.21238079530804,165.4493768305843,171.4501344428869,43350,
2016-03-11,162.87762451171875,166.68762742427356,158.25799016664294,163.06812175054495,26354,
2016-03-14,162.2108612060547,166.73523922673263,161.11547675432888,163.25860318517636,10143,
2016-03-15,167.49725341796875,176.97463244840608,161.8298626423639,161.8298626423639,55145,
2016-03-16,169.59275817871094,173.30750521857848,166.8304973364948,169.83088336162572,13043,
2016-03-17,169.1641387939453,175.21250982818674,166.8305003322691,171.1643816459432,36197,
2016-03-18,161.5441436767578,169.54514469128213,160.68688422476728,169.54514469128213,16214,
2016-03-21,161.78225708007812,165.4970041657346,161.210750820435,163.97299716269157,8700,
2016-03-22,162.5442352294922,164.21111141950342,160.9726149210844,161.9251156010908,6199,
2016-03-23,163.4014892578125,168.6402428277954,157.54360154551867,161.5917293041418,13171,
2016-03-28,159.68673706054688,165.7351223388134,157.16261601094374,165.7351223388134,11315,
2016-03-29,154.82899475097656,159.0676200429236,150.1617325083545,158.78186692047612,11820,
2016-03-30,163.068115234375,166.6399928221636,159.63912147050218,165.59225078348322,123169,
2016-03-31,157.63885498046875,167.49724235931507,154.63848379595356,161.02023513911692,36233,
2016-04-01,168.16400146484375,170.02137492274457,157.1626154748059,157.1626154748059,44697,
2016-04-04,166.78286743164062,170.40235822675737,162.54422796776927,169.54511346665208,10379,
2016-04-05,168.2116241455078,171.35486472948747,164.25873764437097,165.78274453006344,33918,
2016-04-06,170.4499969482422,171.49775352932508,166.7828779824665,167.16387244794723,34935,
2016-04-07,167.78298950195312,171.25962571541314,165.73511884704362,170.5452502031414,7322,
2016-04-08,170.83102416992188,173.49801478078393,166.30664537319754,168.2592603845768,23910,
2016-04-11,168.6402587890625,177.45089062702303,163.25862089195755,173.35513454149387,76140,
2016-04-12,168.6878662109375,173.35511345180677,167.64010971163734,169.30698580252007,25517,
2016-04-13,166.06851196289062,173.21226760452902,165.30650845431424,169.4975059504722,75143,
2016-04-18,164.78262329101562,166.68762471634528,163.8301225783508,166.44949953817908,8771,
2016-04-20,160.3058624267578,165.35411878249417,159.2581058973385,163.73485604902675,19803,
2016-04-21,160.78211975097656,163.73486317640726,160.02011629041127,161.2107421556673,12358,
2016-04-22,162.06796264648438,164.78259502553595,160.02009227913317,160.73446769109358,11350,
2016-04-25,156.73399353027344,163.35387050699146,156.3053711208758,163.35387050699146,13303,
2016-04-26,156.97213745117188,157.63888511585708,154.30513225842202,155.25763307483203,20504,
2016-04-27,157.114990234375,157.25787406221315,155.73386710265146,155.73386710265146,18965,
2016-04-28,155.35287475585938,158.06749311384488,155.2099909260658,158.06749311384488,12849,
2016-04-29,155.73385620117188,156.92448201310745,154.25747728757048,154.5432303892363,8054,
2016-05-02,158.54373168945312,160.54398888576608,154.3051066662254,154.63848771027978,21493,
2016-05-03,162.35372924804688,166.68761001524447,158.44848539095057,158.44848539095057,56009,
2016-05-04,161.16311645507812,168.97361933295403,160.06774645741535,160.54399681013956,104574,
2016-05-05,166.30661010742188,170.97385722073665,162.63947699409906,162.63947699409906,72582,
2016-05-06,162.2108612060547,166.68761128813478,160.21060405699455,166.68761128813478,18719,
2016-05-09,162.63949584960938,166.44949868063975,161.16311684578363,163.782493792117,12255,
2016-05-10,164.2587432861328,165.2588719308443,161.9727474130843,163.7824929347471,8573,
2016-05-11,161.78225708007812,166.59237420704133,160.0201248911851,161.92512637798495,20710,
2016-05-12,162.73477172851562,166.6876443377793,161.87751226580153,161.87751226580153,17586,
2016-05-13,161.02023315429688,162.02036171480924,160.16297387356937,161.02023315429688,4976,
2016-05-16,164.87783813476562,170.4499571964477,161.92508084689717,162.59182827299537,55105,
2016-05-17,163.1633758544922,166.6876256033034,162.59186961024926,164.925493461894,6586,
2016-05-18,159.78199768066406,164.59212928068382,159.06762213216632,163.830125788818,15333,
2016-05-19,157.82936096191406,161.8298609413444,156.73399098523913,160.0677433904323,9527,
2016-05-20,153.9241180419922,159.25811321069048,152.6382362908378,155.3052411421905,14893,
2016-05-23,156.25775146484375,159.0676257799027,154.97186963445688,154.97186963445688,19189,
2016-05-24,146.16123962402344,152.11436941103975,141.6844889309888,152.11436941103975,51416,
2016-05-25,145.0658721923828,147.63762140029593,143.92287415931125,147.63762140029593,10669,
2016-05-26,146.7327423095703,148.2091213674546,143.44661765428455,143.44661765428455,6687,
2016-05-27,147.73287963867188,150.49512614030175,146.01837529482873,146.01837529482873,4768,
2016-05-30,147.875732421875,150.11411486150945,145.58973657484984,148.73297723100765,9966,
2016-05-31,145.39923095703125,149.16162047643533,144.3514888720137,147.35186036484689,12619,
2016-06-01,148.8282012939453,151.44757763671876,144.78007421875,144.78007421875,10859,
2016-06-02,148.2091064453125,149.44734565886068,147.87572540535325,147.87572540535325,1639,
2016-06-03,148.2091064453125,152.30484759906076,144.39910385837908,144.39910385837908,7869,
2016-06-06,145.39923095703125,147.63761349130905,143.82761056250106,147.63761349130905,7785,
2016-06-07,147.9709930419922,149.54261342038683,143.30373078171567,145.39922946424443,9943,
2016-06-08,146.2564697265625,148.44722400871663,145.7325914908726,146.68509208885214,5865,
2016-06-09,146.2088623046875,148.11386376794076,145.11349227691997,145.11349227691997,3229,
2016-06-10,145.16111755371094,147.54236957745297,145.11350414044324,147.49475616418528,3000,
2016-06-13,146.0183563232422,146.11359767029822,143.6847325772694,145.39922216434695,667,
2016-06-14,144.11334228515625,146.58983510066645,143.16084169442024,146.58983510066645,8682,
2016-06-15,144.11334228515625,148.3995949434682,143.35133890576634,143.35133890576634,18790,
2016-06-16,146.0183563232422,150.4951065870688,143.541848755675,144.06572703350733,16414,
2016-06-17,144.97061157226562,148.01861107238264,144.4943611961846,146.20886545687793,5191,
2016-06-20,144.49436950683594,145.78025140981595,142.8751210418303,142.8751210418303,3506,
2016-06-21,145.16111755371094,148.0186199822014,143.92287812857222,143.92287812857222,6839,
2016-06-22,145.82786560058594,147.54235526414786,144.97060623479746,145.49448453600027,4156,
2016-06-23,146.9232177734375,148.54246588909888,143.82759081872973,145.97071717198895,3590,
2016-06-24,144.54197692871094,146.113597223394,139.11272600688855,144.8277300370188,20023,
2016-06-27,146.8756103515625,147.63761384595608,144.54198645886345,146.54224381489564,7299,
2016-06-28,147.25660705566406,148.35197699515567,144.92296882404062,144.92296882404062,5657,
2016-06-29,157.73410034179688,160.06772383351077,147.5899605421348,147.5899605421348,54855,
2016-06-30,155.5909881591797,159.82961317669927,153.49547508624272,159.82961317669927,17026,
2016-07-01,155.11474609375,156.59111056377608,154.3051146784392,155.5909964476958,11346,
2016-07-04,159.44862365722656,163.06812950303154,152.82874618874587,153.35262452092962,24898,
2016-07-05,157.30545043945312,160.97258314723737,156.30533655006113,160.49633290123964,7643,
2016-07-07,157.16261291503906,163.44912324524344,156.35298151975272,159.54386462587297,10893,
2016-07-08,156.59112548828125,159.06763337843526,155.7338805830788,156.30538687588628,3321,
2016-07-11,153.49549865722656,159.97250702727155,152.49538444084462,156.92450736313532,13946,
2016-07-12,150.8284912109375,154.40036882533602,149.54260945615115,153.3526122448429,7687,
2016-07-13,147.44708251953125,152.35245435454422,146.3040848091792,149.54258074417743,9355,
2016-07-14,150.16172790527344,152.1619851670821,147.73286277394354,148.4948516984353,9235,
2016-07-15,148.78057861328125,151.30471371670714,148.11383115475527,150.0188321985463,10387,
2016-07-18,145.35162353515625,154.54325016593685,141.9226149443734,148.63774828981826,105776,
2016-07-19,144.92298889160156,148.54249478808308,144.6848636949121,144.78011958719134,21019,
2016-07-20,147.73287963867188,148.5424965968695,144.7801213501637,144.7801213501637,5366,
2016-07-21,146.16123962402344,148.63774742902552,144.8277443653351,148.54249153882998,22321,
2016-07-22,146.16123962402344,147.92337185458356,145.58974788487484,147.58999077290736,1899,
2016-07-25,150.8284912109375,157.06735915021446,147.01848842224575,148.54248081731814,26107,
2016-07-26,147.30422973632812,152.40011437432253,146.7327380278289,149.54261222980398,8270,
2016-07-27,146.2088623046875,149.44735897861494,145.82786782563994,147.63761340212744,6657,
2016-07-28,150.7808837890625,155.4481320267733,147.63762815382438,148.4948730843397,31581,
2016-07-29,151.20948791503906,154.20985934195497,149.06636131466843,149.06636131466843,12373,
2016-08-01,150.542724609375,153.11447335456336,146.73272216198305,150.4950966719814,25433,
2016-08-02,150.542724609375,152.87634820160136,149.6378519349206,149.68546533830826,18645,
2016-08-03,146.6851348876953,156.30539954782995,144.82776108650376,156.30539954782995,45096,
2016-08-04,146.6851348876953,147.63763576358943,145.3516394750475,147.25664122683577,4460,
2016-08-05,145.16111755371094,147.25663096181108,143.35137182927056,145.87549316083354,13489,
2016-08-08,145.4468536376953,146.446982277121,144.3038557072119,146.446982277121,7557,
2016-08-09,145.7325897216797,147.25659647354783,143.16084104515704,143.8752164849692,12436,
2016-08-10,141.49398803710938,146.68511417076675,140.6367286494729,146.68511417076675,10857,
2016-08-11,140.20809936523438,142.39885387003636,137.3505972808858,141.92260352264495,8525,
2016-08-12,135.73133850097656,140.49384160627395,134.44545684894382,139.20795995424126,8683,
2016-08-16,136.3504638671875,137.11246730311657,134.39784913850306,135.7313442508739,4472,
2016-08-17,136.15994262695312,138.11257154525583,134.3501975030652,138.11257154525583,7152,
2016-08-18,140.4462432861328,141.87499451902127,135.30274466133804,135.73136712440274,17748,
2016-08-19,138.5888671875,142.39887040914948,138.25548609200212,141.4463696037371,4777,
2016-08-22,140.4462432861328,141.73212520933606,135.87423643408795,138.58886959017966,6417,
2016-08-23,139.30322265625,141.73210226577572,137.68397442790177,137.68397442790177,8482,
2016-08-24,138.5888671875,140.97011920103094,138.1602447318662,140.01761839561857,4983,
2016-08-25,139.20797729492188,140.9224815332003,138.11260725785925,138.11260725785925,4029,
2016-08-26,141.0653533935547,142.0178540524335,139.73184375072037,140.49384718462474,18211,
2016-08-29,169.25936889648438,169.25936889648438,141.73210490077398,141.73210490077398,486457,
2016-08-30,167.068603515625,178.11761655966666,165.25885814493137,176.78412150062988,334842,
2016-08-31,163.83010864257812,175.73636653811434,162.0203632560591,171.30724441457735,64072,
2016-09-01,158.82949829101562,169.8308847376147,157.400747181951,161.11549425191586,57500,
2016-09-02,166.97337341308594,174.45049508899848,158.4484951673988,159.9248596057079,125191,
2016-09-06,168.30686950683594,172.87887573896538,166.63999329447677,166.68762123591702,32995,
2016-09-07,166.97337341308594,173.78374751459967,165.6874916714541,167.64012098748475,35243,
2016-09-08,167.5448760986328,173.16463924360949,166.21138086233762,168.16401030649047,31409,
2016-09-09,163.83010864257812,170.2594879061677,162.54422697625773,165.78273784424732,12299,
2016-09-12,157.97225952148438,161.87750398288404,156.21012727218863,160.97263115243828,17204,
2016-09-14,164.0057373046875,168.21960149814177,158.4031997032627,158.88204857130555,33457,
2016-09-15,164.14938354492188,166.97460351270453,163.3353492500026,166.16055460447774,9562,
2016-09-16,164.10150146484375,167.50131649990192,163.76630143529678,165.6816967737213,12334,
2016-09-19,162.95223999023438,165.68168398208223,161.89878140341835,164.72398638681008,11394,
2016-09-20,172.62503051757812,179.85565191684304,160.89323232706312,161.89881795176902,117381,
2016-09-21,169.8477020263672,176.12061060629222,167.69288208609458,170.5180875295682,35905,
2016-09-22,171.33212280273438,176.12061158551967,169.56039072108865,169.56039072108865,38307,
2016-09-23,169.17727661132812,176.12058426946973,168.41113021555714,172.24192064763523,25623,
2016-09-26,164.67611694335938,169.79980549460382,163.33534600582428,166.160551304185,17289,
2016-09-27,165.34649658203125,170.18287272947185,161.70725713323876,166.25632105753607,26959,
2016-09-28,183.9258728027344,189.62417201902807,166.16057497626963,166.54364826633787,484489,
2016-09-29,168.8421173095703,189.4326190640714,164.5803652179282,183.8779691564746,185045,
2016-09-30,175.68963623046875,177.17407055507806,166.87882050931003,167.8844059945813,51244,
2016-10-03,186.5595245361328,189.52837879177105,176.886771420296,177.07830804754556,243021,
2016-10-04,189.5762634277344,200.06305068712305,185.506048060272,185.506048060272,276144,
2016-10-05,187.9960784912109,194.0774506700434,186.7510684455787,189.95936187701847,31468,
2016-10-06,182.68084716796875,189.62415590698723,178.9458317605786,187.99607264256863,31825,
2016-10-07,180.2386932373047,185.2666058560073,179.61619561554974,182.72871295093705,13327,
2016-10-10,182.72872924804688,184.88354913395943,181.24429484842327,181.9625681437276,12520,
2016-10-13,191.5874481201172,203.0319339258213,181.0048844904728,183.87797789508343,539842,
2016-10-14,199.6799774169922,204.7557783267524,187.7566435586391,193.45494214979576,161736,
2016-10-17,203.31922912597656,207.6767566799385,199.20112600230587,201.78690692678967,124141,
2016-10-18,200.3503570556641,205.80923105401817,198.2434250263546,204.6121089222165,30193,
2016-10-19,197.90823364257807,204.8994301208249,194.747842767001,199.6799803204811,23928,
2016-10-20,201.8826599121093,204.085367346515,197.8603328568024,199.9672646845055,31698,
2016-10-21,206.0965576171875,214.524300933672,200.3982587962985,203.5107765553808,176496,
2016-10-24,203.127670288086,208.3950071783981,202.0741970647012,208.2992315714337,14575,
2016-10-25,199.4884185791016,204.94729212903616,197.5251355215594,201.1165016219514,19403,
2016-10-26,197.86036682128903,201.5474944993712,197.28574230904616,199.20113786544465,14285,
2016-10-27,194.36477661132807,200.8292371279797,193.59861540521123,199.1532658829219,10971,
2016-10-28,194.02957153320312,196.99842581374952,192.59302489681704,196.32804030609765,7234,
2016-11-01,196.47169494628903,200.11094945563428,195.3703483377477,195.3703483377477,8909,
2016-11-02,191.77896118164065,195.51397630315128,190.5818390768863,194.12531758429768,11951,
2016-11-03,184.6441192626953,193.0239741277124,183.11179709919787,190.1987688387395,30879,
2016-11-04,180.62179565429688,188.47491402767773,174.49252148452325,184.835659772704,17019,
2016-11-07,185.88912963867188,190.58184252898727,181.2442899427681,187.37354938480968,18361,
2016-11-08,185.88912963867188,192.4972379312888,184.8356563220832,185.6497052133842,21732,
2016-11-09,168.50689697265625,171.37998989499755,149.0177587507582,149.0177587507582,60789,
2016-11-10,174.63616943359375,179.08945758709476,172.43346195237467,172.43346195237467,12921,
2016-11-11,167.54920959472656,175.6417522323505,166.1126630455635,174.7798301481755,11672,
2016-11-15,157.6370391845703,172.33768935800475,154.90759503416356,172.33768935800475,9202,
2016-11-16,150.55007934570312,164.58035977546592,146.71928844828926,161.80302760685632,8230,
2016-11-17,145.04331970214844,152.27394055691508,143.9898609568463,148.49103740913756,17164,
2016-11-18,147.9643096923828,152.41759860479124,143.84620624106577,144.8996796634871,11117,
2016-11-21,140.92520141601562,148.49102151505318,135.22690339946544,147.72486048291813,23864,
2016-11-22,143.12791442871094,147.86851499142458,139.823860376717,141.06887027533543,44015,
2016-11-23,142.93637084960938,147.77274678929254,139.48865354660794,147.77274678929254,16696,
2016-11-24,146.8150634765625,155.0991429136351,141.02098934482663,144.61235579673223,83456,
2016-11-25,147.38966369628906,157.06241588579803,144.9475463594417,148.2037125507759,89271,
2016-11-28,147.724853515625,152.03449267815537,143.5588631465234,144.66022414493116,18740,
2016-11-29,170.6617431640625,177.26986667951337,148.29950854750774,149.83181624270307,559191,
2016-11-30,163.47898864746094,170.2786479207149,162.13821776051546,170.2786479207149,129611,
2016-12-01,161.4678497314453,166.30421177522882,160.6059129711857,164.58036748132608,38033,
2016-12-02,157.54127502441406,164.5324713068216,155.62587958338776,160.0791681384509,25247,
2016-12-05,156.822998046875,162.80860865935114,153.23163167938932,162.80860865935114,34432,
2016-12-06,159.83975219726562,164.72401667660452,155.62588784853625,159.21725449119478,27141,
2016-12-07,153.51893615722656,162.2339760008119,151.69930185495903,161.32416615633136,40253,
2016-12-08,156.48780822753906,160.41437489109202,154.95550057865378,155.67377389906167,17149,
2016-12-09,163.14381408691406,167.50132706606095,156.58357879366088,157.0624276584733,109346,
2016-12-12,157.20608520507812,162.80862307991626,155.76953853084356,160.8932275142702,13435,
2016-12-13,156.9187774658203,159.83974382486926,156.15261636618965,158.690509482077,12885,
2016-12-14,160.79745483398438,165.20287056093275,156.10474145757703,156.15262927025643,52739,
2016-12-15,163.1916961669922,168.8421218473755,159.45668066344214,159.45668066344214,55957,
2016-12-16,159.26515197753906,164.48460222594807,158.11591750473576,161.9467088229529,10404,
2016-12-19,155.67376708984375,159.93551901519186,155.14703042192264,158.54686024580528,10482,
2016-12-20,151.7950897216797,160.70168150498236,150.83739199472902,158.97782267380964,15492,
2016-12-21,151.5556640625,154.9554938883013,150.3585419135071,154.9076060796801,10559,
2016-12-22,147.91641235351562,150.45432012105914,146.19255350662542,150.40643231161346,8736,
2016-12-23,148.44314575195312,151.4598877073957,146.52775032289566,146.52775032289566,15016,
2016-12-26,144.1334991455078,148.9219874892124,143.65465031113737,146.5756311234585,8103,
2016-12-27,145.09121704101562,147.2939249088545,143.65467033763923,144.66025595266447,14321,
2016-12-28,144.9954376220703,148.49104327681877,144.61236435651546,146.57564772242785,10882,
2016-12-29,147.9643096923828,151.31625198314876,144.66025521414667,147.05449970755092,12923,
2016-12-30,150.64585876464844,152.2739420144686,146.76717996048623,146.81506777057376,13102,
2017-01-02,150.9810333251953,153.99778978355135,150.35853567885405,150.64584790536034,7526,
2017-01-03,155.81741333007812,156.77511103292227,151.79508590079425,152.9922080293494,12831,
2017-01-04,154.57240295410156,157.82858390249507,154.1893297193763,156.39203735231456,7641,
2017-01-05,155.2427978515625,157.73280302075443,153.90201234817604,156.0568321015014,12316,
2017-01-06,154.14144897460938,157.4455032687579,153.23163904046817,156.10473227247695,2982,
2017-01-09,152.46546936035156,155.09913800845638,151.36412286192146,153.23163043518892,3798,
2017-01-10,151.69931030273438,154.18933017574005,150.40642717172958,154.18933017574005,13086,
2017-01-11,167.93231201171875,174.30099642021077,152.32183523384035,153.2316452045809,196085,
2017-01-12,162.47341918945312,168.98576688215,160.84533591960593,168.50691800200033,27331,
2017-01-13,160.46226501464844,165.20286607500876,158.97783054174755,163.95785604569485,12327,
2017-01-16,161.51573181152344,163.76632753822025,159.16937507062596,159.93553625077652,5265,
2017-01-17,161.32415771484375,164.7239871157663,159.935499118215,159.935499118215,6740,
2017-01-18,161.70726013183594,164.72400199751414,161.13263567489392,162.76071881848702,9160,
2017-01-19,162.7607421875,163.76632782487596,161.08477099630974,162.90440562901605,5804,
2017-01-20,158.40322875976562,164.58039198126542,156.20053525336616,162.32979604330544,12961,
2017-01-23,156.6314697265625,160.46226072146072,156.00895742190676,156.43993309947916,6007,
2017-01-24,158.7384033203125,162.71284316898203,157.1103200550735,157.1103200550735,6021,
2017-01-25,160.55801391601562,161.8030238514402,157.06242314858048,158.02012085070595,4881,
2017-01-27,159.9833984375,162.28186699646113,157.58915426637105,160.174935048529,8573,
2017-01-30,157.68492126464844,160.89321442134943,157.1103114096994,159.93551671646046,9786,
2017-01-31,155.81741333007812,161.85091178065758,154.71606681713027,157.68492092796274,8641,
2017-02-01,160.70166015625,161.85089435325696,153.94988915553878,154.4287379554005,10918,
2017-02-02,159.74398803710938,163.52689123676234,158.403202415646,163.52689123676234,2581,
2017-02-03,160.07916259765625,162.66495804418605,158.02011841514533,158.02011841514533,5194,
2017-02-06,161.27627563476562,166.5436126189728,160.2228170059079,163.81418313150368,17859,
2017-02-07,160.79745483398438,164.77190947343553,159.07361048399554,163.52689941031457,18532,
2017-02-08,151.7950897216797,158.11590056487708,148.7304599180991,158.11590056487708,62976,
2017-02-09,143.08004760742188,152.27395246978932,141.0210031520533,152.27395246978932,79633,
2017-02-10,137.6211700439453,146.24045018799168,136.56771123876925,143.08004454584628,69041,
2017-02-13,142.3138885498047,142.88849841992703,138.57885863412508,138.57885863412508,22942,
2017-02-14,142.69696044921875,145.0433169433397,141.35618948495178,143.1758093097866,24010,
2017-02-15,144.37294006347656,145.28275003010378,140.73368558365925,140.73368558365925,21938,
2017-02-16,149.01776123046875,149.87968327619132,144.8517705784277,145.09119499260694,25352,
2017-02-17,152.65701293945312,153.2316374251204,148.44314875558538,150.26276860468562,19342,
2017-02-20,154.85971069335938,155.57798394760806,148.586788016926,152.75277873689117,19353,
2017-02-21,150.88528442382812,155.5301097737783,150.45432335616587,155.5301097737783,11899,
2017-02-22,148.63467407226562,152.75277693744104,148.0121764379059,149.40083512376677,10783,
2017-02-23,147.34178161621094,149.7838988057469,146.3361962134755,148.44312801097007,6680,
2017-02-27,146.8629608154297,148.44315631148666,145.37852632965314,148.44315631148666,5994,
2017-02-28,148.44314575195312,152.27393661006806,145.61794041675486,145.61794041675486,7128,
2017-03-01,156.822998046875,158.8820422522439,147.72486991591126,147.72486991591126,44687,
2017-03-02,155.05126953125,161.13265646762508,154.18934734792057,158.02013858637824,13491,
2017-03-03,152.03451538085938,155.14703301857776,149.4008466104823,155.14703301857776,5813,
2017-03-06,157.49339294433594,158.5947541309711,153.66260192294348,155.14703636639467,9606,
2017-03-07,159.45664978027344,159.9354985784124,153.51892760601146,156.10470819330072,15379,
2017-03-08,157.5891571044922,160.89321119749363,156.15261057594316,160.89321119749363,4144,
2017-03-09,156.822998046875,159.36089110124203,156.58357362237595,158.83416905798984,6930,
2017-03-10,158.45108032226562,160.5101391293952,157.06242159061975,160.5101391293952,13132,
2017-03-14,154.90760803222656,160.89321885263718,153.85413468251124,160.89321885263718,2345,
2017-03-15,154.09356689453125,159.64821693895277,153.47106918310567,155.91320144378244,8614,
2017-03-16,154.71607971191406,157.01454854498257,154.09356738519787,156.43993864336966,6441,
2017-03-17,155.72164916992188,158.49896660652615,153.47105376855475,157.82858115079134,13194,
2017-03-20,156.2483673095703,158.40318704354831,155.1470208464153,158.40318704354831,3999,
2017-03-21,154.09356689453125,155.19492810907212,152.80068366003772,155.19492810907212,4158,
2017-03-22,150.11911010742188,156.10472055827603,149.49661246585575,153.23162754186603,10252,
2017-03-23,150.02334594726562,153.13586361931104,149.4487360681035,150.5979704397356,8784,
2017-03-24,149.83181762695312,154.18934553204215,149.4008565403638,150.3585543386995,26321,
2017-03-27,149.68817138671875,151.9866402970813,148.53893693153748,149.4008591195962,15450,
2017-03-28,149.44873046875,152.0823991694981,148.44314495125744,151.79508693402775,9547,
2017-03-29,150.2627716064453,151.7950938566304,148.5868005386276,148.5868005386276,23271,
2017-03-30,156.3920440673828,158.9299372363494,150.8373942455211,150.8373942455211,37831,
2017-03-31,163.52688598632812,167.45345249076647,157.54127522548157,158.02012408634928,156704,
2017-04-03,167.0703582763672,169.8476903316955,162.23398204298584,162.8086064994833,28522,
2017-04-05,173.10386657714844,175.83331098260916,167.54921676017173,167.59710456985326,57612,
2017-04-06,170.6138458251953,172.3855924821404,169.51249927410473,172.3855924821404,9942,
2017-04-07,166.63938903808594,173.2953847005666,165.20284258086105,170.0392185761794,19014,
2017-04-10,164.86766052246094,169.4646126090224,163.76631396393307,168.12384161487472,14137,
2017-04-11,164.14938354492188,166.97460351270453,162.37765152893934,166.3520912260289,11725,
2017-04-12,160.2228546142578,164.34095832755847,158.30745889768164,164.34095832755847,17088,
2017-04-13,170.99693298339844,172.38559177223547,157.30185249216487,158.97782352328383,128622,
2017-04-17,168.41114807128906,174.30098313975452,166.926713698811,171.95462667399622,12252,
2017-04-18,172.62503051757812,176.9825584824312,166.2084581033868,170.18289817566628,54386,
2017-04-19,196.04074096679688,200.15884451830416,170.13501199523495,172.38560771911364,547130,
2017-04-20,195.6097717285156,205.42617398172143,193.6464883552128,196.51958169761448,164755,
2017-04-21,193.45497131347656,199.0096219273176,189.95937990486888,195.6097915385029,26868,
2017-04-24,202.12210083007807,204.27692063719343,195.60975360146816,198.8659199091196,75814,
2017-04-25,220.5099029541016,224.10126945172536,200.1109383249368,200.1109383249368,318874,
2017-04-26,215.9129638671875,225.7293662162492,208.9217670764136,222.4731995750546,100039,
2017-04-27,213.32717895507807,217.87624337724029,211.65120785217627,215.62564776516305,19808,
2017-04-28,212.225814819336,221.0845184881519,208.01193619807705,211.65119035765747,18970,
2017-05-02,209.5921630859375,215.76931078791355,204.27693753277364,210.6935096775651,21303,
2017-05-03,211.26812744140625,214.14122066347448,210.7892785710616,211.1723518220141,22515,
2017-05-04,214.8115997314453,219.12123943558944,210.837145458528,215.48198520720624,13994,
2017-05-05,210.4061889648437,217.5889219605483,209.25695460819256,213.66237002421445,24588,
2017-05-08,211.26812744140625,217.39738713649533,210.83715176744977,211.2202396317102,9797,
2017-05-09,210.59771728515625,213.5665859849788,209.7357952049792,212.6088882899789,5235,
2017-05-10,206.8148193359375,217.2058454243992,205.90500942625044,217.2058454243992,53695,
2017-05-11,204.2769317626953,209.73580598203185,203.9896195167707,209.73580598203185,10896,
2017-05-12,202.74459838867188,210.6934921515981,200.25459315850085,204.46845715621,12341,
2017-05-15,200.3503570556641,205.7134700514584,198.8659226895685,205.7134700514584,6824,
2017-05-16,201.9305725097656,202.93614343708327,200.44613810344327,200.44613810344327,8239,
2017-05-17,196.75900268554688,201.0686426234244,196.51957824455368,197.86036388210047,8895,
2017-05-18,195.3703155517578,200.1588036780264,192.6887592783862,194.41261792650408,4863,
2017-05-19,190.3424224853516,197.7645798401263,187.9960659861811,191.4437690217048,8541,
2017-05-22,198.4349822998047,211.84275157159297,188.76224323599985,188.76224323599985,66293,
2017-05-23,190.1029815673828,196.1843674275813,188.5227863064777,195.41820639280968,14621,
2017-05-24,187.6129608154297,193.9337710505478,185.7933411545989,187.9960486373404,7046,
2017-05-25,189.19317626953125,191.10857159574607,183.8300635108071,183.8300635108071,5089,
2017-05-26,196.806869506836,199.10533804991428,183.92583887783329,188.09181493882616,9261,
2017-05-29,193.88589477539065,201.11651527088628,192.8324360824321,201.11651527088628,3025,
2017-05-30,189.14529418945312,192.88030934331445,188.8579819591621,191.53953841969937,3138,
2017-05-31,189.6720428466797,191.34801391392045,187.90029615884484,188.3791450351993,6942,
2017-06-01,190.3424224853516,196.3280332553312,187.9002903685384,187.9002903685384,2120,
2017-06-02,190.00721740722656,193.4070471572396,189.5283685583038,190.62972967881043,2463,
2017-06-05,191.30010986328125,196.0885982203096,188.23548023744448,190.3424121918756,1055,
2017-06-06,191.06069946289065,197.23784697399168,187.42144512188827,187.75664517679544,6679,
2017-06-07,184.0216217041016,193.6464872698635,180.0471817813785,190.05512061199028,27316,
2017-06-08,186.89471435546875,187.94818774996384,182.9681622583589,184.83566999104724,7305,
2017-06-09,189.5283660888672,190.1029905454104,184.88354108282,186.08066318952908,8630,
2017-06-12,186.990478515625,198.24342664652687,183.159687662552,186.9425907073001,9632,
2017-06-13,188.95376586914065,193.88590335465568,188.42702919270025,190.48607347578533,6223,
2017-06-14,189.14529418945312,192.49723611179783,188.6664453434039,192.44934830453155,5539,
2017-06-15,189.5283660888672,194.41263012956324,185.3623899255036,186.7510486466248,6688,
2017-06-16,186.65528869628903,191.5395531468572,186.27221543531863,189.19319654346984,12425,
2017-06-19,187.9960784912109,194.412650740782,184.93144849579136,191.5395573800808,12015,
2017-06-20,187.9481658935547,192.44934197573264,186.70315601210805,192.44934197573264,9517,
2017-06-21,187.2299041748047,191.53954391284367,186.5595186937712,186.75105531502257,7095,
2017-06-22,194.1253204345703,201.1165165516461,186.36797784984827,187.7087487815364,19452,
2017-06-23,208.29928588867188,212.60892628636853,187.75666958231307,191.53957323096265,97522,
2017-06-27,211.3159942626953,221.2281714251177,204.94731032456792,215.8650583937313,126911,
2017-06-28,209.0175323486328,217.7804608491974,206.0007903043881,210.54985458230792,47111,
2017-06-29,208.29928588867188,213.3750875019544,207.8204369555945,209.7358326879041,10353,
2017-06-30,209.78369140625,213.85390677285693,203.9417293876793,208.2992569969436,21682,
2017-07-03,207.5809783935547,215.48198449157923,203.98961198536168,203.98961198536168,9050,
2017-07-04,202.84036254882807,209.68789481175443,199.3447574039062,205.9049920662223,23103,
2017-07-05,203.6544342041016,208.6823477251901,200.3024918567092,208.6823477251901,15139,
2017-07-06,204.8515472412109,208.68233832277303,197.57305295422788,203.22346395420868,8576,
2017-07-07,203.07980346679688,205.90500880447587,201.2122958444876,202.12210575142723,6337,
2017-07-10,203.07980346679688,208.77810195058484,202.12210575142723,202.12210575142723,1183,
2017-07-11,196.51956176757807,204.5163432715924,195.3703274698288,199.48843043229536,15662,
2017-07-12,196.9984130859375,199.1532329012965,195.56186654236484,198.2434230130285,3368,
2017-07-13,194.1253204345703,199.15323334836148,193.45493496872623,196.8068769112537,9317,
2017-07-14,204.13327026367188,206.76693908515784,184.11739306570163,192.4972484067933,30293,
2017-07-17,214.6679229736328,221.228157738919,202.3136291010677,204.13324879558903,46005,
2017-07-18,213.37506103515625,218.16354977197167,210.69350441987805,211.6512021672411,21712,
2017-07-19,215.1946563720703,219.98314456287432,211.6511780335366,211.6511780335366,11991,
2017-07-20,215.33834838867188,218.7381637650873,212.7046795339056,214.8594995059871,7986,
2017-07-21,216.4875640869141,218.35507164543068,213.5665832321537,215.0031297561368,6194,
2017-07-24,212.6567840576172,217.30160928424883,211.7469741359725,216.4396871718081,4891,
2017-07-25,208.18536376953125,213.5222201402112,204.915945912008,213.4741374449697,3363,
2017-07-26,203.954330444336,211.21436184870245,203.37736750429096,210.5412482005013,3389,
2017-07-27,202.41580200195312,207.03146217930885,200.97340911357816,204.8678728467464,6714,
2017-07-28,203.1370086669922,205.7333130621445,200.0118239182692,200.0118239182692,2023,
2017-07-31,203.85818481445312,206.7429704486199,202.1273104993973,203.85818481445312,6803,
2017-08-01,201.1176300048828,206.69488509372565,200.300282889387,203.85818219118696,5094,
2017-08-02,198.76171875,201.8869030532163,196.2615801110937,201.0695559621957,2935,
2017-08-03,193.37677001953125,203.3292699625432,192.60749104658552,197.1269848375747,12924,
2017-08-04,195.876953125,197.6559102396207,192.6075350834465,192.6075350834465,4417,
2017-08-07,195.1557464599609,197.07893689498945,188.66497874173976,194.9153476555824,2617,
2017-08-08,192.03057861328125,196.5981562915598,190.44395223625435,194.24225073942475,4491,
2017-08-09,188.5688323974609,192.9921616969573,186.6456419178245,190.58817359741167,3373,
2017-08-10,180.6837310791016,192.2228734068213,177.94319357993504,186.54946763147043,6667,
2017-08-11,181.8376617431641,188.28034677453195,159.24017410149173,174.14489999280752,5452,
2017-08-14,183.8570098876953,188.37650465326803,180.4914264939825,188.37650465326803,3882,
2017-08-16,185.1551513671875,189.2419308054565,182.22228318869776,182.22228318869776,6619,
2017-08-17,185.2512969970703,188.8092107368747,182.7030757569397,185.29937968840392,2269,
2017-08-18,183.4243011474609,185.10709290110736,180.3952818600092,180.3952818600092,1347,
2017-08-21,186.8379364013672,190.78046762453528,182.9915558873824,182.9915558873824,2027,
2017-08-22,183.23196411132807,186.21290035960567,181.35685644869287,186.020584258552,1686,
2017-08-23,185.635971069336,187.03028128575352,183.6646978178865,183.6646978178865,1194,
2017-08-24,187.99185180664065,190.29967429730425,182.9434772696337,187.0302566567345,2034,
2017-08-28,185.635971069336,189.91506711535385,183.9531793354024,186.5494836474868,2326,
2017-08-29,185.3955841064453,187.99188858456608,183.28007729733875,187.99188858456608,2031,
2017-08-30,186.0686798095703,190.87665603203985,179.81831072035993,190.87665603203985,9036,
2017-08-31,181.21261596679688,183.9050855127816,179.96253924836344,183.6646867081897,3492,
2017-09-01,182.7030639648437,184.72241948830256,182.1741837398639,184.67433680007235,5545,
2017-09-04,181.3568572998047,184.62627505139525,178.95286934340632,184.62627505139525,2949,
2017-09-05,177.5585174560547,182.2222592478677,172.12551137397529,182.2222592478677,38608,
2017-09-06,174.96224975585938,177.94320084805577,173.51985690597962,175.97192768533097,19935,
2017-09-07,184.09738159179688,187.3187310919512,172.70248829759277,175.1064760819536,92939,
2017-09-08,179.4336700439453,195.20382544207555,177.99127724511223,187.5110638482992,9656,
2017-09-11,178.231689453125,185.5398047133284,177.89512523896656,179.8183157820905,6873,
2017-09-12,178.61631774902344,182.6550148658588,177.07775947938185,182.6550148658588,9079,
2017-09-13,178.61631774902344,182.7511802600035,177.12584217645426,178.952881955751,4216,
2017-09-14,178.135498046875,181.260682223136,177.22198560683108,177.22198560683108,4142,
2017-09-15,178.135498046875,181.6933970976013,177.84701657297236,177.84701657297236,1889,
2017-09-18,177.07774353027344,181.693403250694,175.97191496110435,176.93351012482626,5134,
2017-09-19,177.60662841796875,183.6646810413219,176.45271712608675,176.5488825140678,8957,
2017-09-20,182.02996826171875,183.6646771129856,175.49111818387365,176.01999846090115,15730,
2017-09-21,176.8854217529297,183.52043697325084,176.01999200247693,180.34717010029527,8210,
2017-09-22,172.7986602783203,178.80863047910205,171.78898235003322,175.97192747888883,10584,
2017-09-25,168.3272247314453,171.16392733416976,165.68283821364213,171.16392733416976,3728,
2017-09-26,172.07745361328125,172.17361899988214,167.36564312539662,167.36564312539662,5508,
2017-09-27,168.75997924804688,173.087158203125,167.31758626302084,173.087158203125,3977,
2017-09-28,163.75967407226562,172.02938442176497,159.76904497957,172.02938442176497,3892,
2017-09-29,166.83676147460938,171.64473730961254,163.47117839010718,163.47117839010718,11552,
2017-10-03,166.83676147460938,169.38498279804992,165.77900092179755,166.35596389110907,1835,
2017-10-04,166.30787658691406,169.7215422696697,165.53859754008812,166.83675684865548,4672,
2017-10-05,165.3943634033203,167.46178707675088,164.43276826725452,167.46178707675088,958,
2017-10-06,166.5963897705078,167.65415049530566,163.51928767034164,166.35599093967014,7431,
2017-10-09,166.21173095703125,167.65412371162702,165.39436919364917,165.39436919364917,26110,
2017-10-10,164.2885284423828,167.65411128702112,163.80773089314877,164.43276183804232,40422,
2017-10-11,167.02908325195312,172.99097055548816,162.79807024241944,162.79807024241944,17223,
2017-10-12,167.3656463623047,172.02937424708696,163.66349899823888,168.279158861569,48411,
2017-10-13,164.19236755371094,170.44273586468674,163.56733659172423,165.77899364046314,21489,
2017-10-16,161.8364715576172,165.20205468406232,160.87487637863285,164.33661021930962,4773,
2017-10-17,162.22109985351562,163.95197406856036,160.10559344525103,160.63447371551158,8591,
2017-10-18,165.8751678466797,167.3656433039156,160.58639437910438,162.50958473094994,4234,
2017-10-19,165.3943634033203,168.27914881151776,161.59606555041583,168.27914881151776,4671,
2017-10-23,164.6731719970703,168.2791538656193,162.5576655687438,162.5576655687438,3943,
2017-10-24,165.1058807373047,167.22138708683832,162.79805829650024,167.22138708683832,2229,
2017-10-25,167.7021942138672,168.18299180584822,164.5770098659906,165.10589015172533,4380,
2017-10-26,167.3656463623047,168.279158861569,165.39437328108494,166.35596847457964,7272,
2017-10-27,168.0868377685547,169.2407490319442,165.44245106493057,167.31755870203577,2468,
2017-10-30,163.6634979248047,168.90418876042247,161.0671938539533,168.71187265754054,12160,
2017-10-31,166.45211791992188,168.08682665773148,161.5960597233411,166.8367500913676,7983,
2017-11-01,164.2885284423828,170.10616704989332,162.65380503676568,170.10616704989332,9661,
2017-11-02,164.57704162597656,167.2695115952172,163.5673782261946,164.9136058744245,4849,
2017-11-03,173.4717559814453,181.59724658683567,166.25979248987562,167.17331960369629,100960,
2017-11-06,174.24105834960938,181.7415043195763,172.60634934055,175.01033749292534,22939,
2017-11-07,174.4814453125,184.28971337336992,172.12554001776226,173.76024891577754,114471,
2017-11-08,175.39495849609375,178.90478977746358,170.68314788828894,170.68314788828894,13581,
2017-11-09,173.27944946289062,174.6256915260271,170.82737880572964,174.0487285457146,5114,
2017-11-10,170.87547302246094,174.5295379077014,169.24076403171046,172.125549782251,3600,
2017-11-13,166.83676147460938,174.04872522711412,163.75965987476292,168.27915422511032,4840,
2017-11-14,167.75030517578125,171.74093466536473,163.95200649362292,163.95200649362292,6387,
2017-11-15,162.55767822265625,171.88514911415533,161.5960829828568,164.81741823251764,17338,
2017-11-16,163.8077392578125,167.22139029346715,161.69221819493453,161.69221819493453,2140,
2017-11-17,166.40403747558594,168.27914501404416,164.4327645565803,166.35595478531224,12823,
2017-11-20,167.6060791015625,171.1639791034258,166.5964010093737,168.71190792890474,10252,
2017-11-21,166.1155548095703,169.96193523931436,165.44244116892048,167.3656313837925,4322,
2017-11-22,166.7886962890625,169.1446017609515,164.240474698142,165.8751837190785,67631,
2017-11-23,165.9232635498047,170.29852487786607,164.43278797570304,168.27916898098263,14395,
2017-11-24,170.154296875,172.99100026674049,165.2020866151538,166.4521635240102,14680,
2017-11-27,167.55795288085938,170.92353586555382,163.66348963544317,169.24074437320658,10022,
2017-11-28,167.26947021484375,170.2023383009121,165.97132559079128,170.05810490027648,3450,
2017-11-29,164.91355895996094,167.84642693724447,163.8077304686987,165.39435650794917,10507,
2017-11-30,165.20205688476562,166.69253236660197,162.26918861523828,165.3943729885688,24115,
2017-12-01,164.38470458984375,168.2791682759282,162.89422902198686,163.90390696619824,3424,
2017-12-04,163.519287109375,166.30790766841332,162.60577448988175,164.43279972886822,983,
2017-12-05,162.65382385253906,164.81741307437596,162.1249582254239,163.47118564989995,2427,
2017-12-06,162.50961303710938,167.60607129176418,162.50961303710938,167.60607129176418,2051,
2017-12-07,162.17303466796875,167.22140978104122,160.2017761239448,167.22140978104122,4333,
2017-12-08,159.0478515625,167.7022089801814,158.2785870858185,163.47119566731558,17403,
2017-12-11,155.7303466796875,166.83677467163454,155.1053156408074,158.18241748405694,13704,
2017-12-12,153.37442016601562,158.66319327518858,148.08564705684267,158.66319327518858,23474,
2017-12-13,159.1439971923828,164.4327705129756,153.85522387179003,154.81681902098873,17289,
2017-12-14,155.6822509765625,159.62479701285866,153.90330872918224,159.62479701285866,24598,
2017-12-15,154.38409423828125,159.57670184185898,153.95137938344587,159.57670184185898,2991,
2017-12-18,154.72067260742188,156.74002853744548,150.20117778660355,154.8168380032437,6084,
2017-12-19,155.97073364257812,159.48056481681536,153.8552272030912,159.48056481681536,3951,
2017-12-20,167.6060791015625,170.5389479701943,157.55741022920412,157.65356096435755,77095,
2017-12-21,175.34689331054688,178.71247656278172,164.43278175204532,167.31756739681805,54233,
2017-12-22,172.51014709472656,176.8854075319878,166.45210998304682,176.8854075319878,29918,
2017-12-26,176.2123260498047,176.93352247292805,172.51017854199333,172.51017854199333,8409,
2017-12-27,176.30850219726562,180.7799144242864,174.2891462202229,175.97193797683192,15710,
2017-12-28,175.92384338378906,177.22200280594654,173.23137382069348,175.01033085509022,1949,
2017-12-29,174.2891387939453,177.79895558192555,173.08714473329744,175.2026513454819,9756,
2018-01-01,175.10647583007812,177.84701309664126,166.16363835056396,173.0871202250089,12918,
2018-01-02,171.83705139160156,174.04872318430014,170.20234256144266,173.08712802858577,4686,
2018-01-03,176.93350219726562,178.7605270573657,169.24074123216712,169.24074123216712,9365,
2018-01-04,186.16482543945312,191.35743333934963,177.41430377442214,177.89510134562653,66436,
2018-01-05,189.145751953125,191.35742360268625,178.9047700766648,191.30934091345688,32589,
2018-01-08,187.8957061767578,191.16513883383345,184.86668700521187,188.95346682197209,13346,
2018-01-09,182.1741943359375,189.7708046621,180.7798843328196,189.43424049768865,14565,
2018-01-10,178.6643829345703,182.60691427083947,177.89510387514926,180.05869297633353,5089,
2018-01-11,182.4145965576172,184.9147498103848,178.8566974461999,179.33749501998,12051,
2018-01-12,179.7221221923828,186.54945341856484,175.58727491153323,186.54945341856484,12740,
2018-01-15,180.0106201171875,183.1838872401553,177.89511359280175,177.89511359280175,6670,
2018-01-16,171.9332275390625,178.90479285440185,171.1639484317797,177.94319763849296,6320,
2018-01-17,178.90478515625,182.7030831610961,167.8945233424132,170.39466199252988,37450,
2018-01-18,169.0965118408203,182.22227967949345,167.12523886223863,177.8951015340701,11112,
2018-01-19,172.4140167236328,175.01032074518716,164.04814168850086,173.42369458556448,8314,
2018-01-22,172.6544189453125,175.97191940945982,168.6157220901428,170.29851366919505,9199,
2018-01-23,174.6737518310547,181.693399308474,174.09680354900632,175.5872789549918,15469,
2018-01-24,172.6063232421875,174.04871591552055,169.24074033774374,173.0871207999652,9327,
2018-01-25,170.53890991210938,175.29880308701442,170.44274452563536,173.5679288399277,87258,
2018-01-29,170.154296875,175.29883794604015,166.3559981184132,175.29883794604015,5919,
2018-01-30,164.3366241455078,169.0003670279074,162.1730348094464,168.2791705825536,15389,
2018-01-31,163.3269500732422,167.99067797484477,160.5863978927869,164.3366132918305,6788,
2018-02-01,161.6922149658203,166.78867208072148,160.00942349117784,166.74058938974767,2269,
2018-02-02,147.8933563232422,160.58641102672698,144.33545673804426,159.67289844945418,37368,
2018-02-05,151.9320526123047,153.3263628188111,144.57585466822573,145.15280302637697,4482,
2018-02-06,146.25863647460938,150.77813100123606,144.23928067603353,147.17214898433522,6854,
2018-02-07,156.4515380859375,158.66321000849035,150.00885309893633,150.00885309893633,10136,
2018-02-08,158.08624267578125,162.41342101186407,156.59578187601966,157.70161047057402,4658,
2018-02-09,160.7306365966797,162.70190974993045,152.02821151578567,153.85523658107442,7462,
2018-02-12,163.56735229492188,165.7790095559898,161.06719886139476,161.06719886139476,3399,
2018-02-14,163.95196533203125,170.20233351184476,163.4711677797379,170.20233351184476,3357,
2018-02-15,161.4518280029297,163.95198138882068,157.7016125968715,158.71129049012666,7619,
2018-02-16,154.33602905273438,166.35596901011243,151.93204106125876,161.45182763839088,7302,
2018-02-19,149.0953369140625,158.038175101823,148.13374172554583,154.43219314488553,15823,
2018-02-20,148.99916076660156,152.8455412429141,146.2105407903858,149.9607558856797,4704,
2018-02-21,147.7971649169922,149.96075390636096,145.6816586174981,149.96075390636096,5691,
2018-02-22,148.95108032226562,151.73971501331093,147.172138128811,149.81652474615305,9283,
2018-02-23,151.1146697998047,151.83586615202668,148.2298843909167,148.2298843909167,3009,
2018-02-26,151.83584594726562,154.81679634221976,150.97041630887267,151.88392863223754,3951,
2018-02-27,151.4512481689453,153.6629201243809,149.04726010277156,153.61483742850166,9777,
2018-02-28,149.5761260986328,151.69163245987272,149.0472458401285,150.1050063571371,2235,
2018-03-01,149.9607696533203,151.98012545788882,148.13374462844666,151.88396006804138,3423,
2018-03-05,146.8355712890625,151.5954641790448,146.64325520040427,151.547396161463,6701,
2018-03-06,142.84498596191406,148.806873937958,142.36418830783342,147.41256367568013,3539,
2018-03-07,139.7678680419922,144.14311445916417,137.0753985502706,144.14311445916417,10352,
2018-03-08,142.3160858154297,144.14311077773283,137.55619263656382,139.43130029214396,4478,
2018-03-09,142.12376403808594,144.19118771141473,140.4409725500536,144.19118771141473,897,
2018-03-12,142.2198944091797,144.19116709066168,138.22928103451085,141.16214871449378,3691,
2018-03-13,141.45065307617188,144.19119046244495,140.585208633577,140.585208633577,7610,
2018-03-14,144.43157958984375,147.12404877651835,140.53711654061587,140.53711654061587,5778,
2018-03-15,144.19119262695312,145.1527877957528,142.7007171807581,143.32576284414458,9450,
2018-03-16,144.287353515625,147.1240562406107,143.27767568530064,145.20086596295567,2851,
2018-03-19,140.72947692871094,144.38352730204488,139.43131741470353,144.2392938772795,5479,
2018-03-20,139.04666137695312,141.35448381502633,139.04666137695312,139.43129355903957,5148,
2018-03-21,140.44100952148438,141.78723719719693,139.5274968363379,140.5371602567317,11638,
2018-03-22,138.08505249023438,142.3160647627184,137.7004056736967,139.57551305189358,29711,
2018-03-23,132.70013427734375,137.74850895093834,130.8250266188499,137.74850895093834,10972,
2018-03-26,142.84498596191406,158.37474431960675,126.97866337725294,131.73855721809528,62619,
2018-03-27,142.17184448242188,144.57583228447314,141.3544827606136,141.3544827606136,4663,
2018-03-28,138.6139373779297,142.26800194508155,135.87339995714916,142.26800194508155,1284,
2018-04-02,148.80685424804688,149.96076553060053,138.56587144031351,139.43130123403424,7085,
2018-04-03,149.04725646972656,149.96076897804986,146.3547869666855,148.13374396140327,2492,
2018-04-04,149.47998046875,149.9607780995101,146.54711198655772,149.9607780995101,1585,
2018-04-05,156.01882934570312,159.52864613983843,148.56646615661714,149.0472637817195,8708,
2018-04-06,155.5861053466797,156.01882024948782,151.98012336864838,156.01882024948782,2299,
2018-04-09,154.8168182373047,161.4037508450836,152.02819818785554,153.8552230929736,3612,
2018-04-10,155.8264923095703,158.9035937625499,155.53801083868348,155.730326928349,3858,
2018-04-11,151.98011779785156,157.36504188399488,151.2589214286806,153.9033081156408,9965,
2018-04-12,150.82618713378906,153.51864149401342,150.05690817110676,153.47057348047613,763,
2018-04-13,151.6435546875,153.5186623259502,150.97044100610478,153.5186623259502,1526,
2018-04-16,150.0569305419922,153.56674707446473,149.86461444084458,150.0569305419922,1927,
2018-04-17,150.201171875,153.75907128868596,150.0569384597233,151.8839635261954,1967,
2018-04-18,148.4702911376953,153.75906467096883,146.3067019649925,150.05693200134425,9898,
2018-04-19,146.93174743652344,149.9607664049855,145.53743735060883,149.9607664049855,6558,
2018-04-20,146.16246032714844,148.03756790336888,145.68166276028282,147.12405546087967,4635,
2018-04-23,145.97015380859375,148.03757761259956,144.33544490859163,146.2105526077934,4654,
2018-04-24,144.57582092285156,149.04723201416616,141.01790751719585,144.28733947472057,13338,
2018-04-25,146.01824951171875,148.9511033850193,144.28737506872233,146.16248293497696,2950,
2018-04-26,145.29705810546875,147.07600063626305,144.62392964609677,144.72009504680136,204,
2018-04-27,144.0950469970703,147.8452624185765,142.36417269761424,145.2008756110898,2532,
2018-04-30,150.92237854003906,151.40317618729804,145.2008894722131,145.2008894722131,2759,
2018-05-02,150.6819610595703,153.5667465859416,149.14341758250575,151.88395502889168,4429,
2018-05-03,149.52806091308594,149.96077583969338,147.22023818932678,148.56646566605644,2865,
2018-05-04,149.62420654296875,149.96075603130666,146.83557189126785,148.13373117239482,3339,
2018-05-07,148.5664520263672,151.83586969699493,147.1240592882471,151.83586969699493,1216,
2018-05-08,150.970458984375,150.970458984375,146.64328022367636,148.08567314390922,2031,
2018-05-09,146.54708862304688,150.00883688173616,144.91237987363462,149.04724177351991,3698,
2018-05-10,142.89308166503906,148.0376082281819,142.6046001117831,148.0376082281819,4834,
2018-05-11,142.84498596191406,151.7397425624059,141.3545102997081,142.79690326195,7015,
2018-05-14,139.71978759765625,144.19119947584983,136.73883656367482,140.9698643110284,3034,
2018-05-15,143.99887084960938,145.15278207211256,141.35448423968333,144.1431042501308,12829,
2018-05-16,145.68165588378906,146.1143707389876,143.27766816293448,143.7584657071054,12840,
2018-05-17,143.99887084960938,146.11437720299477,143.37383988364684,144.2873523234295,1616,
2018-05-18,144.23927307128906,145.20086822509765,141.45065299435518,142.41224814816377,9275,
2018-05-21,143.80657958984375,146.83559890604883,143.27769924197847,146.83559890604883,6544,
2018-05-22,144.33544921875,145.681676665358,143.47000471212024,143.5180874079517,5834,
2018-05-23,148.08567810058594,149.38383764135892,143.75849919504932,143.80658189522242,7130,
2018-05-24,148.71066284179688,149.91265660764645,144.5277333403057,149.91265660764645,4386,
2018-05-25,145.34510803222656,146.21055251244798,145.2008746219121,146.21055251244798,1133,
2018-05-28,144.72006225585938,146.16245490292772,144.47966348134798,144.47966348134798,433,
2018-05-29,144.23927307128906,145.1527855328517,144.1911903790431,144.72007064819334,3795,
2018-05-30,143.9508056640625,146.11439497165696,143.42192534320583,143.9508056640625,426,
2018-05-31,144.04698181152344,146.11440587956412,142.84498766201602,143.27770262128266,912,
2018-06-01,144.23927307128906,146.06629799441433,143.37384330197236,146.06629799441433,809,
2018-06-04,144.0950469970703,146.11438811912043,143.37385059502847,146.11438811912043,1963,
2018-06-05,144.23927307128906,145.8258992059622,143.27767791748047,143.27767791748047,7272,
2018-06-06,145.05665588378906,145.10472391023703,140.44099554074486,142.36418612761497,4786,
2018-06-07,153.3263397216797,153.90330266569643,144.23926872646766,144.28735141726526,12311,
2018-06-08,146.49903869628906,153.80715361750893,146.25863988954936,153.80715361750893,4055,
2018-06-11,144.23927307128906,149.9126786096487,143.18151253298856,149.9126786096487,4136,
2018-06-12,147.12405395507812,148.0375663882176,144.28735127415982,144.76814883610453,2300,
2018-06-13,144.23927307128906,146.16246337890624,144.23927307128906,145.20086822509765,5028,
2018-06-14,146.16246032714844,147.94141719366215,143.75847249282037,146.06629494466438,5700,
2018-06-15,144.23927307128906,145.1527855328517,142.41224814816377,144.62390526370146,10152,
2018-06-18,143.13343811035156,145.20086172944144,143.03727273016167,144.4796653963482,249,
2018-06-19,144.23927307128906,145.1527855328517,144.1911903790431,144.1911903790431,4378,
2018-06-20,141.35447692871094,144.2873448607667,139.9120843069894,144.2873448607667,3122,
2018-06-21,140.8737030029297,142.26801316976807,140.4409880784321,142.26801316976807,2108,
2018-06-22,140.53713989257812,140.8737040991279,140.39290647421623,140.44098917126323,380,
2018-06-25,140.92178344726562,144.57584824431402,138.51779537983623,138.51779537983623,29694,
2018-06-26,145.10470581054688,147.84525792410486,138.99858526255142,138.99858526255142,2495,
2018-06-27,136.7869110107422,147.74908992562032,135.58491706512933,144.2873561659219,6039,
2018-06-28,135.0560302734375,138.42161315864914,134.6713980985241,135.63299320858457,2305,
2018-06-29,139.19090270996094,144.19119472595312,134.76755899998048,138.4216236291672,2640,
2018-07-02,133.99827575683594,137.50809181158775,132.7481992603572,137.50809181158775,2060,
2018-07-03,132.07510375976562,134.67140780959127,131.83470496491552,134.67140780959127,862,
2018-07-04,131.78663635253906,134.43102337843803,131.7385536538759,131.7385536538759,2027,
2018-07-05,134.28677368164062,134.52717249931115,131.7385520834449,131.7385520834449,1430,
2018-07-06,135.98046875,136.22242687944842,133.56088745551602,133.56088745551602,2712,
2018-07-09,135.7869110107422,137.3838288262574,132.5930606117589,133.60928775251986,1858,
2018-07-10,136.17404174804688,136.22243633088473,135.59335105785237,135.59335105785237,186,
2018-07-11,135.54495239257812,136.22243222804354,135.54495239257812,136.22243222804354,164,
2018-07-12,142.0778045654297,143.04563700147764,135.544935622106,139.2227018326784,2435,
2018-07-13,142.51333618164062,143.1908159806964,141.35194013069474,142.0778145085299,1605,
2018-07-16,137.9161376953125,143.14242753237485,137.4806160035494,142.75530042146383,1535,
2018-07-17,138.06130981445312,141.0132020982294,137.48061913486055,137.48061913486055,1845,
2018-07-18,134.04483032226562,138.8839938718059,134.04483032226562,138.83559928271947,1685,
2018-07-19,134.52871704101562,137.3838199526842,131.72200870777232,137.3838199526842,1004,
2018-07-20,136.3192138671875,139.12592221690423,135.4481557542757,135.4481557542757,2163,
2018-07-23,146.5782470703125,150.98188843663854,135.5449611302012,139.31950243393567,9590,
2018-07-24,139.56146240234375,146.62664356049987,137.48062815338622,146.62664356049987,5359,
2018-07-25,139.5130615234375,141.15838873587197,139.36789254255368,141.15838873587197,1585,
2018-07-26,134.72227478027344,140.3357059727747,134.04479501537443,138.40004106280537,4343,
2018-07-27,135.54495239257812,138.40005547858064,135.0126415333007,135.0126415333007,910,
2018-07-30,135.44815063476562,137.23864660367153,134.48031816896815,135.49654521164578,6521,
2018-07-31,135.35137939453125,135.3997592045843,133.07696713986914,135.35137939453125,595,
2018-08-01,134.1416015625,136.17404112074806,132.0123580710689,134.528728687513,2311,
2018-08-02,134.1416015625,135.4481666853838,133.60929068964222,133.60929068964222,563,
2018-08-03,132.39950561523438,135.39977788202856,127.705511492344,133.60929639247894,8165,
2018-08-06,133.75445556640625,135.49655711142947,132.59305945904168,133.51249742870726,3790,
2018-08-07,135.06105041503906,135.49657215766928,132.59307418286207,135.49657215766928,2419,
2018-08-08,134.28677368164062,136.4643970386402,131.67362860683184,135.49656443552928,3773,
2018-08-09,130.3670196533203,133.5124749129525,129.78632908154296,132.5930370983424,7699,
2018-08-10,130.6573944091797,130.7541835714787,129.73795643915008,130.6573944091797,7616,
2018-08-13,124.07613372802734,130.6573982216726,123.88257016573402,129.73796022481443,8367,
2018-08-14,127.31836700439452,128.6249320050342,121.9952883097581,122.91472622160494,7816,
2018-08-16,127.75389862060548,127.75389862060548,124.60844278335573,125.8666280718462,1904,
2018-08-17,130.3670196533203,130.6573723231841,125.96337933624515,125.96337933624515,2715,
2018-08-20,129.73794555664062,130.65738344954713,128.23780227455552,129.6895509795505,5262,
2018-08-21,126.39894104003906,129.59277674434747,125.86663016666992,128.72173332825486,2198,
2018-08-23,125.57628631591795,126.20537163112814,124.0277481690024,126.20537163112814,1374,
2018-08-24,124.60843658447266,125.76983265147535,123.93095677605044,125.76983265147535,583,
2018-08-27,124.802001953125,129.64116460945365,122.04368071581293,123.9793531623206,16269,
2018-08-28,124.70523071289062,125.8182322447981,124.12452527227197,125.76983766342109,1311,
2018-08-29,123.49543762207033,125.23753186235794,122.1888650958604,123.93096672012474,1069,
2018-08-30,119.72087860107422,125.47947908523848,118.12396086585252,122.43081258419626,4724,
2018-08-31,119.57572174072266,121.60816874189554,118.17236002792993,121.559774157877,2807,
2018-09-03,120.73711395263672,121.89851009117568,120.01123952005574,120.97907209683038,3232,
2018-09-04,119.38214874267578,120.01124140425146,118.2691397851152,118.2691397851152,1517,
2018-09-05,120.20480346679688,120.88229070309484,118.26913830704828,118.5594910346012,473,
2018-09-06,120.01123809814452,121.8985086469038,119.43054003575526,121.8985086469038,1206,
2018-09-07,120.93067932128906,120.97907390444152,118.51109784320025,119.47893043443575,7030,
2018-09-10,117.3497085571289,120.97908098673082,117.10775039515543,118.12397762903484,4743,
2018-09-11,115.02690887451172,120.01124849442226,114.20425259953086,118.07558319612512,8284,
2018-09-12,117.83362579345705,117.83362579345705,114.88173324093356,116.13991864652849,202,
2018-09-14,114.34942626953124,116.13991515131868,112.41376101700928,116.13991515131868,2734,
2018-09-17,113.1396255493164,114.20423986789989,111.63948215678316,113.23640732664649,2577,
2018-09-18,110.28451538085938,112.26857504867212,107.91332860281848,112.26857504867212,4447,
2018-09-19,107.96172332763672,109.12311942782348,107.42941247439828,108.73598493310244,2553,
2018-09-21,108.7359848022461,112.17179328579296,102.5902496268659,106.70353793737704,12483,
2018-09-24,101.28368377685548,106.46158674636035,99.44480034716842,106.4131921624304,10725,
2018-09-25,97.84786224365234,102.54184829449488,96.29933175256704,102.54184829449488,11018,
2018-09-26,100.31584930419922,103.55808699982842,97.26717517273605,97.46073873690206,5516,
2018-09-27,98.62214660644533,100.55781186904883,96.88004491651134,99.20284470843096,2386,
2018-09-28,97.31555938720705,100.60618393128736,96.78324856650092,100.60618393128736,1799,
2018-10-01,91.79891204833984,98.67052138892429,89.13737264724209,98.67052138892429,6657,
2018-10-03,90.87947845458984,91.94409278903603,89.04059512201384,89.08898970338811,9236,
2018-10-04,87.3952865600586,90.9278696358629,84.68535233184875,90.87948243634504,5564,
2018-10-05,87.9275894165039,88.55668207745603,82.36255201819384,85.16926800891947,1052,
2018-10-08,88.65345764160156,92.37961137884376,83.42716053992267,87.10492708139422,2664,
2018-10-09,86.04032135009766,88.07276837424642,82.60451259729179,85.16927051575479,726,
2018-10-10,86.95975494384766,90.87947980621516,84.44339173846521,84.44339173846521,7250,
2018-10-11,87.05653381347656,87.10492839395259,84.5401706922243,85.94353230229041,5487,
2018-10-12,86.18550109863281,87.97599003810159,83.42717211774675,87.97599003810159,2121,
2018-10-15,87.05653381347656,88.94381169239796,84.87891060362774,85.16926331853143,1793,
2018-10-16,86.13710021972656,88.94381619806354,85.16926763298807,85.16926763298807,3776,
2018-10-17,81.1043701171875,87.20171071222725,77.95891435010289,86.13709639093234,5472,
2018-10-19,84.63695526123047,85.99192233551862,80.3301032799331,80.3301032799331,677,
2018-10-22,77.8137435913086,87.10493520281331,72.6358405866034,87.10493520281331,31671,
2018-10-23,77.42660522460938,77.42660522460938,76.16841993611888,77.42660522460938,1277,
2018-10-24,67.2159652709961,84.39499242702793,65.32869481871262,84.39499242702793,70231,
2018-10-25,72.82939910888672,76.45877115750234,69.68394333341985,70.65177587971735,22099,
2018-10-26,73.07135772705078,74.52310655606503,71.81317245498121,74.52310655606503,12728,
2018-10-29,72.15192413330078,76.16842356342042,69.78072980498995,71.61961324344124,9921,
2018-10-30,77.03946685791016,79.16870282518467,72.10352249919033,75.87807079137941,6426,
2018-10-31,78.97514343261719,80.33011063089765,75.49094733987971,75.49094733987971,358,
2018-11-01,83.28199768066406,84.15304110822258,77.57178389835178,78.39444012658855,9048,
2018-11-02,85.99192810058594,86.86297894845217,83.23360656899038,85.16927183803666,4599,
2018-11-05,87.73402404785156,88.07276397094451,85.6531825431713,88.02436938879843,885,
2018-11-06,84.24982452392578,90.49234137652329,83.71751367988516,87.73402014825871,1942,
2018-11-07,87.00814819335938,87.10492997208864,86.91136641463011,87.0565353907358,940,
2018-11-09,88.94381713867188,88.99220433813451,85.16926853367937,86.62101742913981,4443,
2018-11-12,87.97598266601562,88.99220244078569,84.24982872390557,88.99220244078569,1979,
2018-11-13,105.54214477539062,105.54214477539062,94.7508101366231,94.7508101366231,61006,
2018-11-14,108.34886169433594,122.91474596057792,105.59054013185852,117.49488462336362,98711,
2018-11-15,104.6227035522461,112.26858263985947,103.07417285469856,108.34885761996333,19020,
2018-11-16,107.1874542236328,109.36507744713778,102.63864422145744,103.55808218445787,4275,
2018-11-19,108.49403381347656,112.1718006752121,107.42941942212474,107.42941942212474,6000,
2018-11-20,110.81682586669922,112.12339831933666,107.4294119755774,107.4294119755774,8965,
2018-11-21,110.38130950927734,112.2201855175349,108.44564433513116,109.41347692220424,4028,
2018-11-22,110.96200561523438,117.49487546202428,108.39724782821784,108.39724782821784,16544,
2018-11-26,114.3978042602539,116.1399058008573,110.33291051081444,112.22018102648784,3619,
2018-11-27,112.70410919189452,115.8495653058733,111.3975365905757,115.8495653058733,2427,
2018-11-28,110.96200561523438,112.26857810779704,110.91361103314902,112.26857810779704,2911,
2018-11-29,109.94577026367188,111.3007372372686,108.49402151709882,110.33290473955324,3369,
2018-11-30,108.88117218017578,111.92984647801612,108.68760860544629,111.92984647801612,1375,
2018-12-03,110.3329086303711,110.3329086303711,109.36507609852572,110.3329086303711,170,
2018-12-04,110.72005462646484,112.02662720344614,109.4618692507187,111.2523581439136,3224,
2018-12-05,109.07472229003906,110.33290752239364,108.49402425355854,109.3650750002674,723,
2018-12-06,104.91304779052734,110.04255577215989,104.57430788162328,108.4456380039012,2414,
2018-12-07,109.4134750366211,110.2361312446606,104.62269938278536,104.62269938278536,1080,
2018-12-10,101.91276550292967,109.26829104773924,101.62241279848648,109.26829104773924,5395,
2018-12-11,101.71920013427734,102.5418563298837,98.13822263153138,100.70298038110823,4776,
2018-12-12,106.41319274902344,106.41319274902344,101.23528975097582,101.23528975097582,818,
2018-12-13,106.5583724975586,108.3972559957098,104.52592542443443,105.4937580672533,873,
2018-12-14,105.00983428955078,108.34885371659564,104.09039629774902,106.50997773299213,3658,
2018-12-17,109.36508178710938,111.10718338863629,106.41318945784896,106.41318945784896,1797,
2018-12-18,108.68759155273438,109.36507134197038,106.9454901175905,109.36507134197038,562,
2018-12-19,107.76814270019533,108.6391933890182,106.5099649354295,106.5099649354295,1167,
2018-12-20,110.7684326171875,111.30074347435104,107.57458962613543,107.57458962613543,1602,
2018-12-21,107.67137145996094,109.36507842674683,106.50997535061258,108.8811621505223,1288,
2018-12-24,105.05823516845705,106.60676590302768,104.57431885240514,106.60676590302768,318,
2018-12-26,108.10689544677734,108.3004663917566,104.57431246263052,104.62269966089292,2066,
2018-12-27,109.4618682861328,109.9457845980821,108.10690113587944,108.34885929185408,1374,
2018-12-28,107.47781372070312,107.47781372070312,106.9938974182848,107.42941913687058,108,
2018-12-31,110.09095001220705,110.28451356413252,107.67136869325743,109.84899188031208,737,
2019-01-01,111.34913635253906,112.2201797287918,110.28451465449456,110.28451465449456,666,
2019-01-02,109.4618682861328,112.22018978744836,108.97795197418353,109.36508650053834,973,
2019-01-03,108.97795104980467,112.220188835568,108.49403474196008,108.54242932633532,496,
2019-01-04,111.49430084228516,112.22017521595625,108.49402157457328,108.49402157457328,1131,
2019-01-07,109.36508178710938,112.12340316954646,108.44564378762256,110.3329143692962,2208,
2019-01-08,112.2201919555664,112.2201919555664,110.3329212560925,112.17180475382278,1582,
2019-01-09,110.04256439208984,112.22018775645029,109.36508452121286,111.3007497339777,1173,
2019-01-10,111.78466796875,111.78466796875,109.36508641098484,109.36508641098484,110,
2019-01-11,112.75249481201172,116.09151423697423,110.33291337827757,110.33291337827757,3183,
2019-01-14,110.38130950927734,114.10746349271344,110.38130950927734,111.30074751340612,508,
2019-01-15,114.68815612792967,116.13990493967565,109.36507715152788,109.36507715152788,2121,
2019-01-16,114.25263214111328,115.17207008314458,114.25263214111328,114.25263214111328,21,
2019-01-17,114.30101776123048,114.30101776123048,114.2526305661978,114.2526305661978,87,
2019-01-18,112.51052856445312,117.6884309828822,112.36535221209088,117.6884309828822,1041,
2019-01-21,110.3329086303711,112.41375005063388,109.36507609852572,112.41375005063388,3643,
2019-01-22,112.17180633544922,112.2201935378751,109.75222469483975,112.12341174904616,2569,
2019-01-23,111.78466796875,112.22018969555695,110.62327177461349,112.1718024947878,1202,
2019-01-24,109.99417877197266,112.02662579777184,109.5102624618311,110.38131329688127,555,
2019-01-25,109.12311553955078,109.51025002047744,108.59080470527962,109.51025002047744,209,
2019-01-28,103.65486145019533,110.2361255420074,103.65486145019533,108.5908058270663,1631,
2019-01-29,101.3804702758789,108.39725700141706,100.89655394997972,103.65487553080963,3197,
2019-01-30,102.00955963134766,103.75165391707344,101.71920689173824,103.75165391707344,55,
2019-01-31,104.4775161743164,104.4775161743164,101.62241323233178,101.62241323233178,1892,
2019-02-01,104.6227035522461,106.4131924020347,104.6227035522461,106.31641061793364,450,
2019-02-04,103.55809020996094,105.3969736624472,101.18690324752922,105.3969736624472,1423,
2019-02-05,100.75137329101562,106.21962901793714,99.25123717490692,103.17095481762011,11254,
2019-02-06,96.97682189941406,115.89795185775762,92.96032258563756,106.46158416996523,59464,
2019-02-07,94.50885009765624,98.67052563726226,94.12171560039664,96.83164969723768,10650,
2019-02-08,91.79891204833984,93.92814799960368,88.70185097156197,93.92814799960368,14596,
2019-02-11,92.91192626953124,95.23472590306484,89.13737778803625,92.86353168767528,18014,
2019-02-12,91.31500244140624,93.6861966926676,90.05682451785832,92.91192767511764,9088,
2019-02-14,91.7505340576172,92.8635356480057,89.33095254116078,91.16982858648622,1689,
2019-02-15,86.57261657714844,94.65402408390088,84.20142983984668,91.07303930400444,11989,
2019-02-18,86.23387908935547,87.10492986479873,83.28199422987868,86.13709731074542,2199,
2019-02-19,85.16926574707031,86.76619095662318,83.86269326070033,85.55640024998866,5023,
2019-02-20,85.89513397216797,87.05653001313085,83.28198918801353,84.20142710511114,6063,
2019-02-21,84.58856964111328,87.00815111034434,83.23360254154856,84.20143512924098,535,
2019-02-22,88.84703826904297,89.42773636947275,83.28200065396835,83.28200065396835,1525,
2019-02-25,90.68590545654295,90.9762581702513,88.84702954964442,88.84702954964442,2532,
2019-02-26,92.4280014038086,92.86352306416292,89.13736951054275,90.5891182236916,1860,
2019-02-27,90.87947845458984,94.26689239944906,90.29878039798068,92.81514356593796,5766,
2019-02-28,91.94408416748048,92.81513486270438,90.97625170255962,92.81513486270438,2833,
2019-03-01,92.91192626953124,92.91192626953124,91.024655720772,91.94409370422365,3708,
2019-03-05,104.04200744628906,105.78410912921304,94.36368117221566,94.36368117221566,9506,
2019-03-06,107.1874542236328,108.88116117524778,103.55808218445787,105.3001837168524,4294,
2019-03-07,105.25179290771484,105.49375105233028,105.25179290771484,105.49375105233028,71,
2019-03-08,105.00983428955078,107.42941572479388,104.57431258479764,105.68731413782822,1641,
2019-03-11,104.81627655029295,108.34885973478237,104.5743183933292,106.41319447907225,4892,
2019-03-12,104.86465454101562,108.10689208276828,103.07416581353816,108.10689208276828,2127,
2019-03-13,107.47781372070312,107.8165536556006,102.63865069651976,103.55808871752387,2290,
2019-03-14,104.5743179321289,107.57459758845216,102.78382167131204,107.57459758845216,1596,
2019-03-15,105.68731689453124,106.41319134403756,102.92899546320253,105.4453587446958,3082,
2019-03-18,103.21934509277344,106.46158272627842,101.62241987508396,106.41318814417588,2280,
2019-03-19,103.80004119873048,105.83248808107118,102.92899042516264,104.42913383430592,414,
2019-03-20,103.60648345947266,103.65487065940226,103.55808887556626,103.65487065940226,120,
2019-03-22,103.0741729736328,106.41319252482174,102.68703845280504,105.49375449883546,4580,
2019-03-25,104.91304779052734,105.97766209735852,102.88060095312667,104.52591330150432,3630,
2019-03-26,106.17123413085938,106.4131922828294,104.52592165105388,105.493754258934,2708,
2019-03-27,102.6386489868164,106.46158475865,102.59025440378998,104.91305409350132,5023,
2019-03-28,103.55809020996094,104.47752824421562,102.59025759117624,102.88061033040242,3199,
2019-04-01,104.5259246826172,106.3648081677179,103.60648663205534,105.49375731856736,1353,
2019-04-02,104.4775161743164,106.02605409265658,102.63864031824552,102.63864031824552,4086,
2019-04-03,103.75165557861328,106.41319532640767,103.50969741972288,104.52592464065336,2541,
2019-04-04,102.59025573730467,103.50969375494456,101.67081771966484,103.50969375494456,523,
2019-04-05,104.2355728149414,106.26802727471284,103.55809291766896,103.75165649289622,1056,
2019-04-08,104.5259246826172,104.76788284160472,102.92899935650402,104.09040295003042,4996,
2019-04-09,104.4775161743164,104.4775161743164,104.4775161743164,104.4775161743164,100,
2019-04-10,99.39640808105467,105.10662207103807,98.38018825061928,105.10662207103807,4228,
2019-04-11,100.0254898071289,102.10633120903722,98.7189173774578,99.6867499007662,1728,
2019-04-12,101.62242126464844,102.541859265357,100.17067238943918,101.13850497291202,1105,
2019-04-15,98.4285659790039,102.590248838299,96.78325362103678,102.590248838299,3854,
2019-04-16,101.3804702758789,101.62242843882848,98.67053589725262,98.67053589725262,1025,
2019-04-18,102.6870346069336,104.47752339173016,98.8157043115998,98.8157043115998,2234,
2019-04-22,101.33206176757812,104.18717212850294,100.6545819579898,104.18717212850294,379,
2019-04-23,99.78353881835938,101.6224222210596,98.7673190265348,99.68675703589656,604,
2019-04-24,99.78353881835938,99.78353881835938,99.78353881835938,99.78353881835938,0,
2019-04-25,98.96088409423828,102.54186178757844,98.76732052637328,102.05794548393912,2195,
2019-04-26,98.38018798828124,100.55781139852074,97.84787708996528,99.68676055762955,1142,
2019-04-30,97.41234588623048,98.67052374826665,96.83164784344638,96.88003503969225,807,
2019-05-02,98.67052459716795,98.67052459716795,96.83164867652712,97.4123467243072,476,
2019-05-03,96.25093841552734,99.68674671713548,96.10576944884818,98.6705196465258,1878,
2019-05-06,96.7832489013672,98.62213210728837,93.87975143432618,96.25093807881932,1689,
2019-05-07,95.67024230957033,98.62213442399448,95.67024230957033,98.62213442399448,123,
2019-05-08,94.99276733398438,96.92843245588328,94.99276733398438,96.7832560949456,257,
2019-05-09,93.39584350585938,97.75109009421551,92.96032180061438,95.04115593009216,742,
2019-05-10,96.39613342285156,96.78326797153318,94.8959971996792,96.2993516316755,578,
2019-05-13,94.89598846435548,96.7832590624832,94.89598846435548,96.7832590624832,201,
2019-05-14,89.28256225585938,92.9603292915344,89.08899867881422,92.9603292915344,1251,
2019-05-15,90.87947845458984,90.87947845458984,89.04059512201384,89.13737690078597,577,
2019-05-16,87.25010681152344,89.04059557176916,85.2660471087793,89.04059557176916,1026,
2019-05-17,86.13710021972656,87.58884909983432,86.13710021972656,87.10493280646506,1273,
2019-05-20,86.7177963256836,89.42773046060165,86.137098263623,89.42773046060165,1936,
2019-05-21,86.23387908935547,86.23387908935547,86.23387908935547,86.23387908935547,4,
2019-05-22,86.13710021972656,87.92758902839746,86.13710021972656,86.23388200160508,228,
2019-05-23,84.63695526123047,88.99220182460033,81.8786339145582,85.16926612812183,350,
2019-05-24,85.84674072265625,87.3468840674325,78.34603876672715,81.58828358389025,636,
2019-05-27,91.79891204833984,91.94408840155856,84.44338645301036,85.21765541419286,1436,
2019-05-28,92.04087829589844,92.86353452474758,84.87891561702178,92.8151473253898,1441,
2019-05-29,89.66968536376953,92.66996472938789,87.58884394788097,90.97625780221892,2218,
2019-05-30,87.68563079833984,92.4280119456447,87.20171450543072,92.23444838207168,4880,
2019-05-31,87.25010681152344,92.42800953373865,87.20171222990473,87.5888467309251,2406,
2019-06-03,87.87919616699219,90.347164673767,85.50800205188364,87.25010354935212,3995,
2019-06-04,92.08927154541016,92.81514598105346,90.00843001977067,90.49234631019957,4362,
2019-06-06,88.02436828613281,91.9440931036143,85.21765977225625,91.9440931036143,939,
2019-06-07,89.66968536376953,90.58912331349934,85.36282617572556,87.10492768297556,1716,
2019-06-10,89.0889892578125,89.91164544922569,88.12115670697902,88.26632568242294,5286,
2019-06-11,88.02436828613281,91.65374038232812,87.10493030868724,88.55667914716535,21895,
2019-06-12,90.05681610107422,90.73429589013016,87.25010040474434,87.25010040474434,7911,
2019-06-13,89.04060363769531,92.57319428055148,87.49207287731342,87.49207287731342,6059,
2019-06-14,84.83051300048828,88.55666633677043,84.63694208630685,88.4114899971282,769,
2019-06-17,85.12088012695312,88.89542900584206,84.58857659037758,88.89542900584206,182,
2019-06-18,87.00814819335938,87.00814819335938,84.5885668052458,84.5885668052458,243,
2019-06-19,80.81402587890625,89.04060336358533,77.08787167146467,89.04060336358533,9485,
2019-06-20,79.4106674194336,80.33010543162659,75.49094245381777,78.49122202326389,1655,
2019-06-21,80.23332214355469,80.52366748638983,76.55555539583034,76.55555539583034,146,
2019-06-24,79.74940490722656,81.05597739440071,77.57178163394416,79.36227040406995,266,
2019-06-25,78.63639831542969,80.33010535606971,78.15248201810397,80.33010535606971,4523,
2019-06-26,78.15247344970703,82.16897975394846,77.91051532757172,82.16897975394846,2138,
2019-06-27,80.03975677490234,80.18493314842416,77.52339337510668,77.52339337510668,1717,
2019-06-28,79.89457702636719,81.53988934744326,79.41066076911233,79.41066076911233,1901,
2019-07-01,80.13653564453125,81.29793171544719,79.55583022509715,79.55583022509715,1557,
2019-07-02,78.15247344970703,80.66883644311915,76.02324492850661,80.03974384877213,8211,
2019-07-03,76.65232849121094,78.78156435061864,76.45876495125376,77.62016095894833,2625,
2019-07-04,86.47583770751953,90.97626058562498,76.45877219430186,77.4266047537234,4145,
2019-07-05,78.05570220947266,92.52479691184624,77.52339131536147,92.52479691184624,8113,
2019-07-08,75.00702667236328,80.18492961746655,72.58744516680318,76.5555573591264,2536,
2019-07-09,76.94269561767578,79.16871366460819,76.45877929303632,77.42661194231525,3120,
2019-07-10,75.15220642089844,77.42661166166441,75.0070300472374,76.4587790158936,762,
2019-07-11,74.71666717529297,74.71666717529297,74.52310362595884,74.52310362595884,146,
2019-07-12,75.10380554199219,77.4266051740077,75.10380554199219,76.99108347349451,250,
2019-07-15,77.37821197509766,80.71723881328818,75.58772317524415,79.26548994032967,225,
2019-07-16,76.2168197631836,78.39444318498884,74.71667623012696,75.0070289732918,1792,
2019-07-17,78.39443969726562,78.39443969726562,74.76506748905888,74.76506748905888,101,
2019-07-18,75.055419921875,79.36227197162239,74.81346177562006,77.91052309409272,1592,
2019-07-19,72.49066162109375,76.36199193587605,70.2646437365033,74.76506670423304,4291,
2019-07-22,71.4260482788086,72.58744443619707,69.00646679760203,72.58744443619707,985,
2019-07-23,74.5715103149414,75.87808294506124,69.4903887880486,70.84534862137153,1977,
2019-07-24,74.71666717529297,75.10380165793732,73.555271111336,73.79722923999171,80,
2019-07-25,71.71639251708984,71.71639251708984,70.6517781586183,70.6517781586183,320,
2019-07-26,70.99051666259766,72.24870194176711,70.84534030208172,70.89373488357919,459,
2019-07-29,71.4260482788086,73.89401695925328,69.44198851062853,69.44198851062853,260,
2019-07-30,69.87751007080078,75.97485834369431,69.20003021113558,69.20003021113558,672,
2019-07-31,68.28059387207031,72.58744605082875,66.53849221325969,69.6839482087956,14341,
2019-08-01,67.55471801757812,74.039193444055,62.90911861259576,74.039193444055,8576,
2019-08-02,66.7320556640625,69.63555350094371,63.586599674107845,66.15135757348162,5133,
2019-08-05,68.37737274169922,68.52254910440728,66.68366573938383,66.68366573938383,59,
2019-08-06,66.78044891357422,68.71611409947492,66.05457446886145,68.42576136799913,4419,
2019-08-07,66.34492492675781,67.74827918485349,65.81261406528624,67.74827918485349,2394,
2019-08-08,67.74827575683594,70.94212599610577,62.66715507507325,70.94212599610577,10997,
2019-08-09,75.34575653076172,76.45876535127802,67.84505486655407,69.6839380416711,3862,
2019-08-13,74.52311706542969,81.68508044201971,69.00647369080053,77.42661513291397,1674,
2019-08-14,78.24925994873047,78.24925994873047,74.52310611954832,74.52310611954832,53,
2019-08-16,79.36226654052734,81.68506606241117,73.94240591211582,75.49093646537966,4694,
2019-08-19,77.47500610351562,77.66856967871911,77.47500610351562,77.66856967871911,231,
2019-08-20,73.31330871582031,81.29792649675123,71.61960191380466,81.29792649675123,2872,
2019-08-21,72.39389038085938,77.03948300462903,70.84535212229183,72.5874539711915,5095,
2019-08-22,70.2646484375,75.87808072308688,68.47415952391736,75.87808072308688,903,
2019-08-23,76.2168197631836,77.42661055307539,68.13541876350175,77.2330469802835,1803,
2019-08-26,75.10380554199219,81.2979354327081,69.68394465660694,72.2003078479669,3588,
2019-08-27,76.07164001464844,77.4266071159733,72.6842259533246,77.4266071159733,4620,
2019-08-28,73.55526733398438,75.9748484962865,73.55526733398438,75.29736872443219,3667,
2019-08-29,72.29708099365234,73.84561881938153,71.61960123287753,73.84561881938153,2927,
2019-08-30,72.73261260986328,76.02324453046992,71.13568753533607,76.02324453046992,1343,
2019-09-03,72.78099822998047,73.07135092233499,70.36141707361176,72.10351845978751,1998,
2019-09-04,72.24870300292969,75.34576428086794,71.47443399145685,73.45849371837065,733,
2019-09-05,71.03890228271484,75.34575366953803,71.03890228271484,75.34575366953803,79,
2019-09-06,76.26521301269531,77.81374371984114,72.68422790694514,75.44254938279505,2732,
2019-09-09,78.44283294677734,81.2979360817728,75.15220072381504,77.8137402979207,1634,
2019-09-11,83.47555541992188,83.76590813149468,80.33009970844655,80.33009970844655,587,
2019-09-12,80.71723937988281,83.23360263387917,78.394439690049,78.97513776651328,2666,
2019-09-13,79.70100402832031,79.94296215067949,77.71695185536053,78.78156611694577,186,
2019-09-16,81.68507385253906,83.2336045534829,77.42660888696085,77.42660888696085,1934,
2019-09-17,77.42660522460938,81.20115370610438,77.42660522460938,78.8783540725708,15648,
2019-09-18,80.52366638183594,82.26576795085643,78.63639583537747,82.26576795085643,1897,
2019-09-19,80.4268798828125,82.2657631235458,78.63639122103642,82.2657631235458,267,
2019-09-20,85.8082504272461,87.08021155955096,77.4426840203631,81.20963549935651,2911,
2019-09-23,84.43844604492188,91.8745067448698,81.30746801111778,84.14491428821995,6755,
2019-09-24,86.4442367553711,87.03129290755628,81.20964091241515,85.1233585467484,2305,
2019-09-25,86.54206848144531,89.03706617898344,84.38952701030024,87.47158079407583,4365,
2019-09-26,86.15070343017578,87.08020828549617,81.84561298826526,86.54206918094866,2038,
2019-09-27,84.1449203491211,86.05285451064282,81.84561297208069,83.16649104273597,111,
2019-09-30,77.29591369628906,83.06864798429298,76.31748440899426,81.20963084546825,4663,
2019-10-01,81.01394653320312,81.64991958677629,77.54051963914807,81.20962940125288,6176,
2019-10-03,79.05708312988281,81.20962440529911,78.91031725546296,81.20962440529911,661,
2019-10-04,79.25277709960938,79.7909162263386,78.91032832115602,78.95924530960734,742,
2019-10-07,80.67149353027344,82.1880619449488,78.37218614739726,78.37218614739726,357,
2019-10-09,81.16071319580078,82.48159881618697,80.23120828091477,82.48159881618697,315,
2019-10-10,78.91032409667969,82.18806074038518,77.34483871839888,78.66571677304759,586,
2019-10-11,81.55207824707031,82.04129288258342,78.37218311623512,78.37218311623512,1189,
2019-10-14,78.86139678955078,82.67727239295964,78.42110660889018,78.42110660889018,1581,
2019-10-15,78.76355743408203,81.69884528876831,73.38219636715716,81.69884528876831,3123,
2019-10-16,80.23119354248047,80.23119354248047,78.37217658938536,80.23119354248047,1323,
2019-10-17,80.52473449707031,81.89452954727251,80.32904415788202,80.52473449707031,434,
2019-10-18,80.23119354248047,81.60099590080435,74.40954285063185,74.40954285063185,1358,
2019-10-22,80.57364654541016,86.68882930484963,80.23119780384609,80.32903923503257,1910,
2019-10-23,80.57364654541016,82.09021485568023,80.23119780384609,80.62257099341475,5600,
2019-10-24,80.23119354248047,81.20962273202291,74.3606184052258,74.9476744259868,623,
2019-10-25,82.09022521972656,82.09022521972656,79.2527785681491,79.2527785681491,11,
2019-10-27,82.4815902709961,87.08020484425809,78.3721828668677,81.89452673838996,222,
2019-10-29,82.18806457519531,82.18806457519531,79.49738388969784,81.25855968795284,504,
2019-10-30,84.1449203491211,86.10177896189136,78.3721859484842,86.10177896189136,2172,
2019-10-31,83.26433563232422,85.02551143641483,80.37797205515605,81.69885017581227,5118,
2019-11-01,81.69884490966797,85.12334739091153,79.93766921909922,81.20963026949032,797,
2019-11-04,81.6499252319336,85.12335236613634,80.72042034719826,82.18806435351095,2111,
2019-11-05,84.9765853881836,85.61256594243493,80.3290460941657,81.74777309439148,1647,
2019-11-06,86.2974624633789,88.79246019869296,82.18806233267448,84.14492095964292,794,
2019-11-07,95.201171875,99.75086205251652,86.10177659032098,86.19961802529993,8081,
2019-11-08,90.6514663696289,97.8429194567344,87.17803974298589,97.8429194567344,2481,
2019-11-11,88.3521728515625,91.5809852116118,86.10178237182407,90.01549975236152,1437,
2019-11-13,84.3405990600586,90.99392100089165,83.26432836914164,90.99392100089165,914,
2019-11-14,84.73197937011719,88.05864061983105,81.69884990839881,87.47158450866354,3319,
2019-11-15,89.28167724609375,91.92343347730906,79.35061795534439,88.05864057148973,5577,
2019-11-18,88.05863189697266,90.99391962687174,87.96079046560723,88.2543147597035,384,
2019-11-19,89.3795166015625,90.01549715048165,87.08020919992246,90.01549715048165,1900,
2019-11-20,87.52049255371094,90.94499489455768,83.16648542056346,87.1780438125908,4736,
2019-11-21,87.47158813476562,88.00971981530078,84.43845854730999,86.10178550870779,3877,
2019-11-22,87.76509857177734,88.98813510407537,86.00393044416174,88.35216207913847,272,
2019-11-25,78.91032409667969,90.01549509661236,76.26856052255916,86.10177791849877,13250,
2019-11-26,79.74199676513672,82.57944354176895,78.37219410074626,82.57944354176895,2918,
2019-11-27,78.76355743408203,80.23120136142516,78.76355743408203,79.74198671897746,956,
2019-11-28,77.7851333618164,80.18228228452158,77.7851333618164,78.32327249050053,1023,
2019-11-29,80.23119354248047,80.7204081372517,79.25276435293803,79.25276435293803,1957,
2019-12-02,80.23119354248047,80.96501543463731,78.27433516339558,79.49737165032363,13111,
2019-12-03,80.32904815673828,81.79669218200692,80.23120671468509,80.23120671468509,1551,
2019-12-04,83.70462799072266,84.14491818132363,80.23120105661091,80.47580837690546,6022,
2019-12-05,82.43267059326172,84.14492191122264,82.18806326212444,84.14492191122264,2784,
2019-12-06,82.18806457519531,84.0470818145037,82.18806457519531,84.0470818145037,968,
2019-12-09,82.18806457519531,82.67727924528576,82.18806457519531,82.67727924528576,1277,
2019-12-10,81.99237823486328,83.80247094488826,79.54630498758004,82.2369855595916,1530,
2019-12-11,80.23119354248047,83.99814442925442,79.39953022433386,83.99814442925442,1196,
2019-12-12,79.69306182861328,82.97080588676654,78.47002522924952,78.47002522924952,607,
2019-12-13,80.03551483154297,83.01971953515695,79.25276845348074,83.01971953515695,2759,
2019-12-16,79.6441421508789,83.06864451331995,79.25276895934967,83.06864451331995,1693,
2019-12-17,79.25277709960938,84.38953117088035,79.00816976288219,84.38953117088035,3851,
2019-12-18,80.8671875,84.04708289652588,80.42688981235612,84.04708289652588,3875,
2019-12-19,81.20963287353516,81.20963287353516,81.20963287353516,81.20963287353516,100,
2019-12-20,79.54629516601562,82.18805096097523,79.00815613212797,81.20962178286838,5617,
2019-12-23,80.23119354248047,80.91609098923125,79.44844720491758,80.23119354248047,387,
2019-12-24,80.62257385253906,80.62257385253906,79.44845424219517,79.44845424219517,974,
2019-12-26,81.1117935180664,81.209634958787,81.0139520773458,81.0139520773458,152,
2019-12-27,81.16071319580078,81.16071319580078,81.11179620623102,81.11179620623102,110,
2019-12-30,84.82981872558594,85.56364071270977,79.54630639015295,84.14492119019967,10628,
2019-12-31,85.56363677978516,85.95500998122642,83.16648805129466,84.2916832061297,2608,
2020-01-01,82.77511596679688,84.14491845791356,80.91609883348302,84.14491845791356,541,
2020-01-02,86.88452911376953,87.86295846205601,83.16649460435147,85.95501675400325,3339,
2020-01-03,89.03707122802734,91.9723592904898,88.0586418738732,88.0586418738732,2609,
2020-01-06,87.76509857177734,88.54784493837711,83.26432562588512,88.54784493837711,2000,
2020-01-07,86.0528564453125,87.61834934258322,84.19384669324442,86.19962233753455,3827,
2020-01-08,83.94923400878906,87.08020467406214,81.20962907805796,83.75354367669519,549,
2020-01-09,86.0528564453125,87.12913467839196,79.35061703885697,79.35061703885697,616,
2020-01-10,85.90608978271484,87.86294825188992,82.28589713584736,83.16648493994067,2383,
2020-01-13,89.33059692382812,90.0154944390657,86.19961872531461,86.19961872531461,1513,
2020-01-14,89.47735595703125,90.89608291233073,86.10177787840922,87.08020717248206,1105,
2020-01-15,89.86872100830078,90.94499164109996,86.15069450728342,90.89607465973144,276,
2020-01-16,89.08598327636719,90.60254408522962,86.19961260464784,90.60254408522962,3091,
2020-01-17,88.30323791503906,89.42843302132542,88.25431346766125,88.84137697690464,9006,
2020-01-20,86.2974624633789,89.33059930703858,86.10177958661136,89.33059930703858,1406,
2020-01-21,88.05863189697266,88.05863189697266,87.91186601751316,87.91186601751316,624,
2020-01-22,89.52627563476562,89.96656580769604,88.05863177190061,88.05863177190061,2665,
2020-01-23,92.26588439941406,93.8802867449708,87.08020621209069,90.11333549730004,5678,
2020-01-24,89.57520294189453,92.95078094829827,88.69461510310396,90.11333456322777,1611,
2020-01-27,88.20540618896484,88.54785496381602,86.34638895642833,88.05864029550764,736,
2020-01-28,85.61256408691406,90.84715936954932,85.22119087240925,89.03706665039063,1037,
2020-01-29,87.52049255371094,90.99391934249884,80.47580500989817,90.99391934249884,1328,
2020-01-30,85.61256408691406,86.1996201762597,84.82981765790444,86.1996201762597,130,
2020-01-31,85.857177734375,87.08021445423789,83.75355308324609,85.61257039040242,3184,
2020-02-03,84.09599304199219,84.19384194116634,83.16648821842136,84.14491749157926,3020,
2020-02-04,84.68305206298828,87.96078846035478,84.34059586378223,87.96078846035478,770,
2020-02-05,88.54784393310547,90.9939169699316,86.10177089627935,86.10177089627935,950,
2020-02-06,82.38373565673828,86.10176960278761,81.20962360262922,86.10176960278761,27881,
2020-02-07,82.87295532226562,85.12334560581989,81.69884319639036,85.12334560581989,2048,
2020-02-10,83.06864929199219,88.0586372427854,82.1880614265997,82.97080785468707,3917,
2020-02-11,82.28589630126953,84.82981079243116,80.8671769114359,82.67726948409961,1445,
2020-02-12,81.9434585571289,84.48737338951983,81.2096365401994,81.2096365401994,3727,
2020-02-13,81.50316619873047,83.8513906195575,79.7419904182868,81.20963441371539,1868,
2020-02-14,79.05708312988281,83.8513802855666,78.76355138104311,82.18805361500151,3323,
2020-02-17,76.31748962402344,81.99238286404692,75.3390602698693,78.27434833233173,8720,
2020-02-18,74.84983825683594,78.22541621190136,74.45846506056765,77.39375283534554,483,
2020-02-19,77.05130767822266,78.12757841949352,74.36062709263393,74.55630996747475,5995,
2020-02-20,75.33906555175781,79.93768085275366,74.16495323038733,75.33906555175781,3659,
2020-02-24,74.50739288330078,78.12757831686257,69.61524637047503,70.44690978469077,1262,
2020-02-25,72.40376281738281,77.19806752393079,71.47425803741302,73.43111649193688,1721,
2020-02-26,72.94190979003906,73.3822000041345,70.54475344434329,71.42534133735758,1199,
2020-02-27,71.42533111572266,75.5347307419312,68.97925813230749,72.40376030908872,3663,
2020-02-28,69.95769500732422,72.40376825932856,67.56054620628922,70.44690965772509,1043,
2020-03-02,69.61524963378906,71.8167156677575,68.49005439012937,68.53897884348031,384,
2020-03-03,72.20808410644531,72.30592554182829,63.6957448613118,70.44690841025961,2428,
2020-03-04,67.95191192626953,72.01239501585943,57.77624944164351,69.46848032780582,50634,
2020-03-05,65.45692443847656,66.53319522114809,65.3590829972925,66.04398055040436,184,
2020-03-06,65.16339111328125,65.45692289473419,59.19497376393209,63.59790569678655,2187,
2020-03-09,66.4842758178711,68.44113464947671,60.66262377977401,65.16339759950212,2573,
2020-03-11,67.51162719726562,67.51162719726562,60.662621539572015,63.59790967858356,776,
2020-03-12,63.59790802001953,67.46270098299898,60.66261995755709,61.24967607708487,573,
2020-03-13,57.33595657348633,63.59790570510776,50.8783245640862,58.70575911240716,32730,
2020-03-16,55.13448715209961,59.635263974817,54.54743109072454,58.65683471758428,6674,
2020-03-17,54.302825927734375,55.18341378709469,53.12871002605781,53.862531998054216,1896,
2020-03-18,55.672630310058594,57.14027430347935,52.39488981863857,57.14027430347935,486,
2020-03-19,49.410675048828125,61.34751214374014,45.10558503675782,48.92146044438429,8285,
2020-03-20,50.87831878662109,51.807827280166606,46.03509346333549,47.94303116431603,6852,
2020-03-23,42.31706619262695,57.67840657435187,41.09402959746433,42.07245887359443,2985,
2020-03-24,45.937255859375,47.64950711491413,39.18609227314181,39.18609227314181,525,
2020-03-25,42.12138366699219,44.02932168655877,41.19187501823802,44.02932168655877,1336,
2020-03-26,48.82362365722656,50.53587493553234,43.442262496836975,43.442262496836975,1190,
2020-03-27,45.88833618164063,51.85675348613703,44.76314098095791,49.4596009275597,1307,
2020-03-30,47.94303512573242,53.71576941955053,47.94303512573242,53.71576941955053,663,
2020-03-31,47.50273895263672,52.83517906802112,44.07823660563536,52.83517906802112,3311,
2020-04-01,45.83940887451172,48.38332716423472,44.02931625477977,48.38332716423472,443,
2020-04-03,49.60636901855469,53.37332054033314,42.512756198583794,53.37332054033314,1106,
2020-04-07,51.36753845214844,53.81361171177456,48.970385911232526,50.04666038491497,3930,
2020-04-08,47.89411544799805,54.74312061471122,41.09403100027907,52.93302415263292,11345,
2020-04-09,48.13872528076172,49.85097666155418,47.16029592030888,48.87254730110134,2666,
2020-04-13,50.19342422485352,51.36754017534371,45.98617882364104,51.36754017534371,1349,
2020-04-15,51.51430130004883,51.61214273169413,47.698425747300256,48.92146230492334,516,
2020-04-16,53.32439422607422,57.67840514330935,47.600584595689526,52.83517960014694,3348,
2020-04-17,55.18341445922852,58.6079170369222,52.83518262727392,54.792041243098886,4662,
2020-04-20,53.86253356933594,58.65683875253693,51.85675420051532,58.65683875253693,4586,
2020-04-21,53.32439422607422,54.20498204570789,50.87832109643779,52.83517960014694,545,
2020-04-22,52.83518600463867,55.770474116007485,52.34597131941053,55.770474116007485,549,
2020-04-23,54.84096145629883,55.770470036726586,52.835182140056766,52.835182140056766,515,
2020-04-24,51.7589111328125,56.74889903801847,50.97616471187611,53.81361115674166,1811,
2020-04-27,51.51430130004883,56.50428896218646,50.878320797120274,54.30282315846491,1713,
2020-04-28,54.69419479370117,54.79203622256267,50.87831934952248,50.87831934952248,2937,
2020-04-29,55.036651611328125,56.74890299479166,52.835185546875,56.74890299479166,299,
2020-04-30,55.81938934326172,57.72732717431896,53.813610077754966,55.770468626036966,1938,
2020-05-04,55.62370681762695,58.60791930834623,50.87832598330283,58.60791930834623,532,
2020-05-05,54.79204177856445,56.748900413513184,52.05244043611856,54.79204177856445,646,
2020-05-06,53.617923736572266,58.36330797862527,51.2696957066883,58.36330797862527,3461,
2020-05-07,54.25391006469727,54.79204547917103,52.10136467439031,53.81361609561441,1082,
2020-05-08,53.8136100769043,54.25390399674309,53.76468935968032,54.15605882988365,1389,
2020-05-11,53.8136100769043,53.8136100769043,52.39488688293998,53.8136100769043,128,
2020-05-12,56.16183853149414,58.51006641212528,51.8567484850535,52.83517770175262,576,
2020-05-13,56.5532112121582,57.67840636865975,52.34596608628489,53.81360999524615,1618,
2020-05-14,56.74889755249024,56.74889755249024,52.93302191375476,55.77046828434385,501,
2020-05-15,54.44959259033203,60.5647757773679,53.81361204591565,58.70575859554435,1796,
2020-05-18,53.96037673950195,56.602132831825685,52.05243888094806,56.602132831825685,198,
2020-05-19,57.72732925415039,58.80360000151736,53.81361201658087,58.60791712556818,765,
2020-05-20,59.58634567260742,62.03241891479309,54.889882061681696,54.889882061681696,1848,
2020-05-21,58.85252380371094,61.39643848710442,55.819390738606245,58.70575791595642,1056,
2020-05-22,60.17340469360352,61.64104871052067,52.981950503674135,57.72733133207492,228,
2020-05-26,61.34751892089844,61.34751892089844,57.874095592114784,57.874095592114784,372,
2020-05-27,60.956146240234375,62.57055612048769,58.2654655947533,61.34751946345084,668,
2020-05-28,61.34751892089844,61.64104696950901,55.623705177139904,59.68418833555634,287,
2020-05-29,61.6899642944336,63.59790210403699,58.70575578834184,63.59790210403699,3563,
2020-06-01,61.15182876586914,63.50006048344308,60.27124093867605,61.64104339599609,2028,
2020-06-02,63.548973083496094,63.548973083496094,56.06399199836848,58.70575156528871,323,
2020-06-03,64.52741241455078,66.48427110751454,63.59790752132239,63.59790752132239,909,
2020-06-04,66.04398345947266,66.4842736966063,60.2712485974577,61.64105122884115,661,
2020-06-05,67.85407257080078,68.3922116884543,65.55476513730765,65.60368958975738,358,
2020-06-08,76.51316833496094,78.27434406229176,67.12024854045056,67.85407051603454,4377,
2020-06-09,74.11600494384766,87.96077831741192,71.52316631423386,87.96077831741192,3135,
2020-06-10,75.2412109375,75.29012792118405,73.38219386658203,74.11601580524786,509,
2020-06-11,68.88142395019531,77.93189494066951,67.8051532172657,73.3821972200611,1202,
2020-06-12,73.72465515136719,77.29592401993666,69.51741313297393,77.29592401993666,6725,
2020-06-15,74.89876556396484,75.73042897225862,69.76201176207475,73.72464593035323,1302,
2020-06-16,70.0066146850586,74.36062179082941,66.33750505722162,74.36062179082941,2535,
2020-06-17,83.99815368652344,83.99815368652344,68.49005081612306,68.49005081612306,12611,
2020-06-18,85.56363677978516,95.7882271426322,83.21541250078342,87.08020513606147,63467,
2020-06-19,86.4442367553711,90.01550558966498,79.59523089528788,87.96080532460482,11951,
2020-06-22,83.46002197265625,89.03706597646139,81.01394873154467,89.03706597646139,6505,
2020-06-23,81.25855255126953,88.05863288236769,78.9103208481085,88.05863288236769,7027,
2020-06-24,76.41532897949219,81.20963417687477,73.57788243697406,79.25277552201031,8554,
2020-06-25,80.03551483154297,80.23119769364718,76.41532216403357,76.41532216403357,2668,
2020-06-26,77.83406066894531,85.02551516554895,74.65416516335384,85.02551516554895,4264,
2020-06-29,75.53473663330078,80.23120011368985,74.84983913045455,80.23120011368985,2068,
2020-06-30,73.77356719970703,78.12757439143049,73.52895988635576,78.12757439143049,1385,
2020-07-01,74.50739288330078,75.58366362315782,71.7677878501891,75.33905629751652,2471,
2020-07-02,75.33906555175781,77.73621465156593,73.43113116332475,74.50740203538504,1003,
2020-07-03,73.8224868774414,76.5620918728794,72.2080845222679,76.5620918728794,2450,
2020-07-06,73.67573547363281,78.07866769401349,71.082896117555,71.082896117555,1526,
2020-07-07,72.89298248291016,75.29013126990883,71.91455318783754,72.06131907506305,5588,
2020-07-08,74.50739288330078,76.02395382338287,70.15337800799196,70.44690978469077,7025,
2020-07-09,77.88296508789062,79.10600162339401,70.10445570801818,78.17649684234048,13248,
2020-07-10,79.25277709960938,80.23120644651813,76.12180617543075,78.27434775270062,2930,
2020-07-13,75.43689727783203,78.22541928028596,73.77357045947653,76.31748513777094,7290,
2020-07-14,72.9908218383789,76.0239510736605,72.01239257120272,73.96925110555509,2763,
2020-07-15,79.25277709960938,80.91610400342486,74.80092058524512,74.84984503851996,20216,
2020-07-16,76.07288360595703,81.11179636028098,74.4095566609524,80.47581577607673,7244,
2020-07-17,73.38219451904297,75.24121160648995,72.40376525878906,74.36062377929687,3995,
2020-07-20,78.07866668701172,79.25277894470754,71.13181219036976,76.26856638123044,13568,
2020-07-21,75.04552459716797,78.86140037401891,74.50739295910356,75.33905637416542,2875,
2020-07-22,76.80670928955078,77.1002411007908,74.8987749109629,74.94769190295354,541,
2020-07-23,74.75199890136719,78.17650140044321,73.62680373013474,78.12757695024149,2683,
2020-07-24,73.67573547363281,75.8282771287783,73.62681101858796,73.62681101858796,1871,
2020-07-27,73.67573547363281,75.77935267373344,73.62681101858796,73.67573547363281,1243,
2020-07-28,74.50739288330078,75.58366362315782,73.87141234366881,73.87141234366881,733,
2020-07-29,73.67573547363281,74.50739895562886,73.62681101858796,74.50739895562886,1316,
2020-07-30,74.16494750976562,74.80092061363892,73.62680838283212,73.67573283612555,3211,
2020-07-31,71.6699447631836,74.55630815338262,70.00661797303891,73.6757277732019,9929,
2020-08-03,70.3001480102539,73.43112644057882,69.46848454736983,73.43112644057882,3317,
2020-08-04,69.2728042602539,72.15916799408787,64.77202306435677,71.18073859755786,9788,
2020-08-05,71.27857208251953,74.84984047391266,66.09290133903772,72.11023548370952,15535,
2020-08-06,71.71886444091797,76.21963733667037,70.44690347556897,76.17071288999445,6448,
2020-08-07,73.03974914550781,73.38219790945396,69.46848068761642,72.40376860399458,2452,
2020-08-10,72.59944915771484,75.33905411132871,71.9634761013607,73.03974680998651,3110,
2020-08-11,73.57787322998047,76.36640243608498,73.43111482108858,74.36061957990847,3425,
2020-08-12,78.12757873535156,78.81248372970975,71.86562967242794,72.06132001288309,6972,
2020-08-13,82.43267059326172,85.90609768134036,75.33905799028074,75.33905799028074,14551,
2020-08-14,81.84561157226562,83.01972373391752,77.29591388242414,80.62257496020194,13108,
2020-08-17,98.18538665771484,98.18538665771484,79.741994362535,81.50317023009103,111530,
2020-08-18,94.5162582397461,102.6861404814414,93.43998762395296,102.6861404814414,75783,
2020-08-19,113.39996337890624,113.39996337890624,92.99971288462436,96.81558138520012,153099,
2020-08-20,116.13955688476562,123.77130853953588,113.399959277409,114.4762300326142,137918,
2020-08-21,112.66613006591795,116.57984708104443,108.16535699148707,112.61720561729976,25670,
2020-08-24,104.64301300048828,116.38416486432196,102.78400326057329,116.38416486432196,18600,
2020-08-25,101.3163604736328,103.71350935486784,95.88607468657592,103.71350935486784,41201,
2020-08-26,100.24008178710938,102.24586489782868,98.42998902111728,100.92498679641947,10816,
2020-08-27,96.32635498046876,100.24007191155653,95.25008431738414,100.24007191155653,8068,
2020-08-28,99.40840911865234,101.12066028568314,91.53205822920424,96.32635552503235,15553,
2020-08-31,95.88607025146484,101.70772153080313,94.9076409631846,95.005482399048,5821,
2020-09-01,93.24431610107422,97.647247990037,91.28745748375744,91.33637447029642,1345,
2020-09-02,92.85293579101562,93.24430897754412,90.99391875362224,92.9507772214421,559,
2020-09-03,93.43999481201172,96.52204848987512,91.48313628191724,91.48313628191724,1094,
2020-09-04,93.9781265258789,95.78821903134138,88.79244884175388,88.84137328709976,3076,
2020-09-07,89.42843627929688,92.95078013896683,89.28167039663919,92.36372407315898,1033,
2020-09-08,86.59098815917969,91.091761192003,86.59098815917969,89.62411732489826,1676,
2020-09-09,84.1449203491211,89.96657173618334,82.38374461169859,82.38374461169859,5246,
2020-09-10,86.54206848144531,87.81402955564576,82.87295861143225,87.81402955564576,463,
2020-09-11,89.03707122802734,89.37952000901659,83.16649510310246,84.14492445725661,1341,
2020-09-14,93.43999481201172,93.43999481201172,84.63413142658653,84.63413142658653,4851,
2020-09-15,95.7882308959961,96.76666020552656,89.57520627344236,93.83137227693518,3458,
2020-09-16,95.34793853759766,98.33215108378116,91.09177229708529,95.88607767373686,3798,
2020-09-17,90.94499969482422,95.88607060477504,90.60255093562893,95.3479315083088,1791,
2020-09-18,93.83136749267578,94.85871373640664,88.15647480082042,88.15647480082042,2320,
2020-09-21,89.52627563476562,94.85871201724608,89.28166832428812,94.85871201724608,1691,
2020-09-22,91.87451171875,93.73352886058566,85.12334813251681,85.22118956844014,915,
2020-09-23,87.37374114990234,91.97235596207688,87.32481669803576,87.32481669803576,986,
2020-09-24,85.61256408691406,86.10177873883929,83.21541527840975,86.10177873883929,1907,
2020-09-25,87.08020782470703,88.05863712610822,81.69884666700041,81.69884666700041,1431,
2020-09-28,85.22118377685547,87.08020079235337,83.41109120840589,85.12334234758137,1191,
2020-09-29,81.16071319580078,82.6772817041134,80.96503030787436,82.33483291783033,4672,
2020-09-30,83.06864929199219,85.12334933469255,77.29591491311163,83.11756627823317,3373,
2020-10-01,82.7261962890625,86.05284977587552,79.1549280242891,79.30169390513622,2299,
2020-10-05,80.23119354248047,82.18805192156536,79.25276435293803,82.18805192156536,659,
2020-10-06,83.01972198486328,84.2427585711601,78.27434152299622,83.16648786818348,4977,
2020-10-07,83.557861328125,84.04707596416225,81.20962958218166,81.45423690020029,1391,
2020-10-08,82.77511596679688,83.94923558696391,81.30747204020535,81.50316237597805,2244,
2020-10-09,81.69884490966797,84.09599366060927,81.20963026949032,81.25855471943727,1446,
2020-10-12,83.557861328125,83.94923452991938,80.86718082992019,80.86718082992019,68,
2020-10-13,80.81824493408203,83.01971048445557,80.81824493408203,83.01971048445557,687,
2020-10-14,81.55207824707031,81.55207824707031,80.23120022414952,80.23120022414952,339,
2020-10-15,81.6499252319336,82.13913990070449,77.83405678737932,79.25277634088556,732,
2020-10-16,81.1117935180664,81.45424229300022,78.81248606942688,78.81248606942688,1094,
2020-10-19,80.96502685546875,83.7535489460459,78.81248532076931,81.64992439883038,951,
2020-10-20,83.1664810180664,84.14491020651425,82.28589325549889,83.1664810180664,1360,
2020-10-21,84.1449203491211,84.1449203491211,81.25855688121425,82.18806173635085,919,
2020-10-22,82.18806457519531,85.07442814279958,81.20963523501442,81.20963523501442,398,
2020-10-23,82.18806457519531,84.1449232555571,81.35640112900624,81.35640112900624,2057,
2020-10-26,84.09599304199219,84.97658088079889,81.69884430868451,81.69884430868451,2235,
2020-10-27,83.21541595458984,85.90609656204212,82.82404273690486,83.1664915030705,506,
2020-10-28,79.93767547607422,83.99815880034022,79.93767547607422,83.21541979368232,4012,
2020-10-29,82.1391372680664,83.1175665742486,78.274344494576,82.1880617193048,12992,
2020-10-30,78.07866668701172,80.23120831439529,78.07866668701172,80.23120831439529,3275,
2020-11-02,75.38798522949219,78.27434885769006,74.36063141480555,78.27434885769006,3309,
2020-11-03,78.27434539794922,78.27434539794922,75.33905744552612,76.31748676300049,1591,
2020-11-04,79.00816345214844,79.25277076933776,74.8498390599301,74.8498390599301,927,
2020-11-05,76.904541015625,80.23120210819782,76.0239531580582,78.274343520193,2175,
2020-11-06,77.88296508789062,79.98658942192095,77.10022618406202,79.98658942192095,475,
2020-11-09,81.30746459960938,81.30746459960938,78.22541114284698,79.25276478337523,1468,
2020-11-10,78.76355743408203,83.06864778058652,78.76355743408203,83.06864778058652,3378,
2020-11-11,82.67728424072266,82.67728424072266,82.67728424072266,82.67728424072266,8790,
2020-11-12,86.78667449951172,86.78667449951172,86.73775751420855,86.78667449951172,10547,
2020-11-13,91.09176635742188,91.09176635742188,89.03706631992665,91.09176635742188,4176,
2020-11-14,95.6414566040039,95.6414566040039,95.6414566040039,95.6414566040039,408,
2020-11-17,100.38684844970705,100.38684844970705,100.38684844970705,100.38684844970705,4171,
2020-11-18,105.37683868408205,105.37683868408205,105.37683868408205,105.37683868408205,6730,
2020-11-19,110.6114273071289,110.6114273071289,110.6114273071289,110.6114273071289,4734,
2020-11-20,105.27898406982422,116.13954707264924,105.08330120898228,116.13954707264924,46371,
2020-11-23,109.43730926513672,110.51357993876952,104.64300448460226,107.38260934914273,14738,
2020-11-24,111.19849395751952,114.86760391565488,110.26898162256458,110.46467196589246,21895,
2020-11-25,105.91497802734376,116.72662542160712,105.67037068778868,112.51937619533054,7714,
2020-11-26,109.92652130126952,110.56250178681304,104.69192647069907,104.69192647069907,3879,
2020-11-27,110.75819396972656,113.93808920034388,109.58408179358172,113.93808920034388,3312,
2020-12-01,113.59564208984376,115.35681784449878,110.75819558059878,113.44887619948528,4228,
2020-12-02,110.36682891845705,113.5467241691726,108.60565317828528,113.5467241691726,12243,
2020-12-03,114.18270111083984,115.45466224009228,109.58408619398588,112.421532775902,10171,
2020-12-04,119.85758972167967,119.85758972167967,110.85604311218484,114.1337797871192,18319,
2020-12-07,125.28787231445312,125.82601140448766,118.38994290317372,121.32523074374826,35985,
2020-12-08,121.178466796875,128.85913527625792,119.4662155291542,127.1958084592584,7773,
2020-12-09,116.13955688476562,122.01013278387404,115.45465934913229,118.87916195694552,9097,
2020-12-10,118.48778533935548,120.1511196086287,110.36682672404405,116.4330853265573,12532,
2020-12-11,115.55249786376952,124.40728594011742,113.5956392802516,119.36837359459412,16209,
2020-12-14,113.5467300415039,121.32524045576248,109.7797710393653,114.08486170979256,26073,
2020-12-15,114.62299346923828,117.80288867984768,108.8013346816903,114.62299346923828,3216,
2020-12-16,112.07906341552734,115.25895818982848,110.5624952295472,111.63876581403856,1173,
2020-12-17,111.14956665039062,115.25897417683812,110.5625105651333,110.95388377691256,5786,
2020-12-18,110.22006225585938,114.91651842198895,107.67614756610296,112.47044516937255,1894,
2020-12-21,107.57830047607422,112.1279982955356,104.74086142710692,108.11643958664293,1986,
2020-12-22,104.93653869628906,109.82868502245638,102.24585821689703,102.73507284951376,2545,
2020-12-23,106.45310974121094,110.17113656443172,100.8271413235375,100.8271413235375,13506,
2020-12-24,104.93653869628906,110.17113377232351,103.71350211474724,108.60564844091456,6949,
2020-12-28,110.17113494873048,110.17113494873048,104.15379341032694,104.15379341032694,5021,
2020-12-29,106.74663543701172,115.30789183607033,104.69193539420228,110.51358675963289,10622,
2020-12-30,110.75819396972656,112.07907949891845,105.3279158240278,108.60565249185332,4498,
2020-12-31,115.45465850830078,116.28632192831964,109.14379244864922,109.14379244864922,7200,
2021-01-01,114.91650390625,116.1395403780697,111.05171164122864,116.1395403780697,3402,
2021-01-04,116.77554321289062,120.29788743371792,111.7366304904734,117.36259933889124,4588,
2021-01-05,116.824462890625,119.17269476344214,113.30211881381096,114.4273065656316,9057,
2021-01-06,116.6287612915039,120.3957198008462,111.39416640121117,114.23161266267029,12160,
2021-01-07,112.51937103271484,120.29788108774278,110.80711973439092,116.38416383443096,7367,
2021-01-08,114.57406616210938,117.41151254149338,113.6934783250836,116.97122235539194,8445,
2021-01-11,111.54093170166016,115.50357305067448,110.02436341627872,111.54093170166016,5275,
2021-01-12,110.6603546142578,114.3783890166986,108.31212275297013,113.84024990469524,1823,
2021-01-13,107.23584747314452,113.44887190111784,105.96389388948413,108.40996708670376,6614,
2021-01-14,112.56828308105467,112.56828308105467,106.45310054655198,106.45310054655198,4389,
2021-01-15,114.37837982177734,116.28631385673094,108.65457025209383,109.58407504556916,2974,
2021-01-18,114.13377380371094,116.43308105425476,111.54093479147096,114.23161523600206,6150,
2021-01-19,112.225830078125,116.09063002871008,109.73084001200256,110.66034479774612,7613,
2021-01-20,115.89494323730467,116.92229694956896,110.70927262136397,110.70927262136397,9424,
2021-01-21,117.99856567382812,119.36836811234416,113.54671707967942,116.4820048201469,6624,
2021-01-22,115.84602355957033,123.86914034514602,114.4762211300074,119.85758195235816,25916,
2021-01-25,111.29632568359376,119.80865705764064,110.31789644681491,114.18268894616229,13865,
2021-01-27,106.2574234008789,114.03594102807916,105.76820873746342,112.5193725855618,3393,
2021-01-28,111.29632568359376,111.54093299278848,103.27320892793628,103.27320892793628,4309,
2021-01-29,112.32367706298828,114.57405978250276,111.34524784628915,112.5193599203991,3564,
2021-02-01,109.73084259033205,114.32945710915214,108.31211568976038,112.17691573115609,1053,
2021-02-02,109.2905502319336,113.05750902285008,109.0948673571326,113.05750902285008,2186,
2021-02-03,112.66613006591795,113.351027557636,108.9970203642369,110.22005693146392,1516,
2021-02-04,114.32946014404295,116.237401723426,109.6330040678864,112.6661333500585,1924,
2021-02-05,111.93231964111328,116.33525173610164,110.66035849440944,112.17692697972376,3866,
2021-02-08,117.3625946044922,118.53671427395314,113.44887730260234,113.44887730260234,16692,
2021-02-09,120.00435638427734,125.87492478042336,115.94387325414232,121.3252344600308,18168,
2021-02-10,131.99012756347656,131.99012756347656,119.80868382950317,120.34682301591052,50299,
2021-02-11,129.54403686523438,131.99011018164475,122.59719760441696,130.082175980774,38739,
2021-02-12,135.17001342773438,141.82333622486357,122.45043890055878,133.0663962239935,19559,
2021-02-15,131.10952758789062,140.89382069146455,129.25051787007018,136.980103450035,8814,
2021-02-16,130.9627685546875,132.8217782638702,128.22316351248688,130.91384410346765,7836,
2021-02-17,127.88070678710938,130.66923626970365,124.26052135559225,130.66923626970365,5938,
2021-02-18,129.1526641845703,130.1800179083313,123.77130317687988,130.03324455942493,12319,
2021-02-19,135.26785278320312,136.93117963258263,127.58717668947727,130.08217442836985,14831,
2021-02-22,130.62030029296875,137.76283655334473,130.1310856851299,135.31676351415055,5996,
2021-02-23,130.1800079345703,134.97430503861125,129.15265428952017,131.10951268784623,3412,
2021-02-24,127.34255981445312,132.96852795330284,127.24472584808646,128.66344526238905,6198,
2021-02-25,138.00746154785156,140.06215420636994,125.23895566058872,125.23895566058872,30743,
2021-02-26,137.6649932861328,141.8722420714213,130.13109100344164,135.26784459568273,6388,
2021-03-01,133.94696044921875,140.84488975559051,132.08795081698614,138.4477410415077,4217,
2021-03-02,134.09376525878906,138.49669798573447,131.10955231348512,136.63767298767905,5294,
2021-03-03,137.32254028320312,141.38301537577064,129.25049961296017,134.9253768677185,5092,
2021-03-04,138.839111328125,142.41038722139507,137.12686005768828,137.66499915718336,5278,
2021-03-05,139.86647033691406,148.476651463739,137.02903123961403,138.64343366917322,18916,
2021-03-08,136.1973419189453,144.5139901351194,132.52823241180968,144.5139901351194,14150,
2021-03-09,128.0274658203125,136.980086960517,127.68500963105336,135.6102920627697,11572,
2021-03-10,129.73973083496094,131.59874052856165,127.6360988873114,127.6360988873114,1882,
2021-03-12,128.95697021484375,134.04479901639857,127.73393372746786,130.76705525837332,5432,
2021-03-15,131.64764404296875,133.11528775597924,126.26628376193032,127.7339274749408,3594,
2021-03-16,130.86492919921875,133.9959002202986,130.62032185492114,133.9959002202986,6220,
2021-03-17,125.77709197998048,132.13688255533117,124.26052354915984,131.25628721018697,3547,
2021-03-18,118.24317169189452,127.83177372695724,113.49779138968682,125.38570063666226,7788,
2021-03-19,116.18848419189452,120.34680888928864,110.7092813777046,112.61721560587372,7543,
2021-03-22,116.97122192382812,122.4014998799435,113.49779503802829,114.81867305628212,4983,
2021-03-23,121.7655258178711,123.2820942489261,113.8402498234048,123.2820942489261,4355,
2021-03-24,117.21582794189452,122.40149852365708,115.74818405680314,122.40149852365708,4108,
2021-03-25,115.45465850830078,118.63455376382602,115.1122097429781,115.1122097429781,4730,
2021-03-26,121.32523345947266,127.00012639753857,115.45465764691752,115.45465764691752,8204,
2021-03-30,119.90650939941406,129.15266296678914,118.38994105289004,127.14687998781514,1396,
2021-03-31,121.2273941040039,123.23316972884382,116.28632305765692,116.28632305765692,3918,
2021-04-01,120.10220336914062,125.28788193842196,118.83024222125697,118.92809112865076,3665,
2021-04-05,115.45465850830078,124.1626808548576,114.0848559821868,124.1626808548576,5855,
2021-04-06,117.9496612548828,119.41730528145628,115.40573897029668,116.38416832134564,6677,
2021-04-07,118.29210662841795,119.66190917340607,116.43308942199292,117.21583586622135,2413,
2021-04-08,135.70814514160156,138.88804046542617,118.92808809697031,121.17847107801371,63009,
2021-04-09,137.3714599609375,141.8233160095035,132.72392104939348,139.9153819685882,27294,
2021-04-12,126.41307067871094,138.98589396164283,125.2389584293651,136.78442789550164,6802,
2021-04-13,126.6087417602539,130.1310931095126,124.7008076667579,130.08216866000842,1953,
2021-04-15,132.13687133789062,133.80019805354124,127.68501532714538,129.0548102859999,1911,
2021-04-16,136.9801025390625,140.8938197544643,132.2836388946511,135.0232439313616,33737,
2021-04-19,133.3109893798828,134.9253917197808,128.17423566065798,134.04481133977208,6770,
2021-04-20,134.33836364746094,145.54137762857087,129.10376022812025,136.49090540628998,42433,
2021-04-22,132.67501831054688,136.09952084141273,130.13109617290232,133.11530850715752,5067,
2021-04-23,132.3325653076172,136.98010456980705,131.40306044110852,132.4793237335119,2652,
2021-04-26,132.7239227294922,136.0505911608114,130.42462293351494,133.94695930064358,6099,
2021-04-27,132.67501831054688,134.97431819491194,127.78287183788136,134.97431819491194,3424,
2021-04-28,139.13262939453125,142.1168414434729,131.10951293236053,134.436166243861,58371,
2021-04-29,144.6607666015625,151.4608467159138,139.91537889785414,141.33409828536492,66817,
2021-04-30,141.18734741210938,148.91693271514237,140.50244990532667,144.70968384541158,21961,
2021-05-03,141.23626708984375,143.82909860993337,138.007447604508,141.52978391880075,4108,
2021-05-04,139.1815643310547,141.87224483657596,137.02902291256686,139.52402054907031,5192,
2021-05-05,140.74705505371094,141.8722427310993,129.25051124619085,137.66499392624792,35460,
2021-05-06,150.6291961669922,158.99477013543205,140.9427515275232,142.36147110587916,158156,
2021-05-07,162.4192657470703,173.47551995554113,148.28096517851066,151.85222619446415,110877,
2021-05-10,163.2509307861328,169.2682648658644,157.91847928450298,164.37611848245794,40729,
2021-05-11,160.46238708496094,166.2351133314035,157.67385792290713,164.37610384313072,17980,
2021-05-12,160.70701599121094,164.2782770413792,157.82065247988564,164.2782770413792,13032,
2021-05-14,155.71701049804688,160.75593013645013,150.6781057892893,160.75593013645013,13948,
2021-05-17,160.80487060546875,168.24092475212484,152.63497951227953,152.78173794379788,20767,
2021-05-18,165.9416046142578,168.24090436407462,159.67964853788948,159.67964853788948,24209,
2021-05-19,165.89268493652344,167.9963018853008,162.46818250758164,167.2135554870421,12278,
2021-05-20,172.44815063476562,174.60069194044786,163.64228762362865,167.16463879994149,33824,
2021-05-21,176.4108123779297,181.9878566107158,174.209346370542,177.09570992763204,92981,
2021-05-24,173.52444458007812,187.8584280393468,170.0510175340463,184.87421564966743,105896,
2021-05-25,180.9604949951172,183.9447073286657,173.13306064070588,175.9705145519677,40950,
2021-05-26,179.2971649169922,184.4828430683241,177.09569904488723,182.96627470383376,16263,
2021-05-27,176.85108947753906,180.7158820846184,174.45394076653892,180.03098458571057,3955,
2021-05-28,171.6165008544922,182.81952877974751,169.56180819121232,175.13885246246764,20164,
2021-05-31,174.40501403808594,176.0194163308159,167.4092508633954,173.23090192249637,12643,
2021-06-01,171.9100341796875,176.6064980557419,170.24670726703098,176.6064980557419,11764,
2021-06-02,170.00209045410156,175.9705151411832,167.36033433657138,175.9705151411832,6234,
2021-06-03,171.8121795654297,173.1819745219941,168.48551121004488,171.9589379787597,15158,
2021-06-04,169.9531707763672,177.09570783520823,167.94738767407225,174.16041986003904,19780,
2021-06-07,174.2093505859375,175.13885549228556,170.49131603089808,171.76327718520724,9691,
2021-06-08,172.05679321289062,175.3834467611887,171.22512236099317,174.11148572343504,9372,
2021-06-09,168.82797241210938,176.01941854144115,167.65386028177414,175.87266012376642,10206,
2021-06-10,167.60494995117188,172.15464043808936,163.8379909973155,172.15464043808936,35487,
2021-06-11,180.9604949951172,182.9662780343644,168.0452312962678,174.06256548436298,75169,
2021-06-14,187.12461853027344,192.4081311992692,178.1230712391911,180.03100554023692,116697,
2021-06-15,224.54953002929688,224.54953002929688,188.88578412822025,194.707435624532,572028,
2021-06-16,242.79722595214844,257.9628801726687,233.84460378737728,237.75832100557605,636839,
2021-06-17,231.985595703125,241.0849763553622,225.03874162037653,238.54106910352843,97510,
2021-06-18,235.11656188964844,239.71517657682568,210.3622978123164,237.4647862189507,86702,
2021-06-21,246.4174194335937,248.912402146726,228.1207800063176,234.7251776273885,58186,
2021-06-22,236.1928100585937,250.4778827829149,233.8935103267721,245.5857366348112,36680,
2021-06-23,235.55685424804688,246.71094230911768,231.54528814153832,240.8892909532987,21157,
2021-06-24,231.69204711914065,243.628880866426,230.7625423266637,232.67047635956803,8549,
2021-06-25,224.8430633544922,234.5784322165489,223.9624679983938,230.95824667609148,21443,
2021-06-28,222.6905212402344,230.81147272677848,221.6142430065338,224.8430627779888,6523,
2021-06-29,235.3611602783203,237.758308967163,221.41854339444347,228.9524456720829,31617,
2021-06-30,235.8503875732422,241.623114515987,232.8661751992552,239.71518035217449,13233,
2021-07-01,232.7683258056641,240.69360915204103,229.9308867915839,234.8230333190644,26971,
2021-07-02,230.42010498046875,239.61733462141865,228.95246099970143,239.61733462141865,11770,
2021-07-05,226.0660858154297,238.24752724078505,222.15236873549887,237.7583126057937,11045,
2021-07-06,227.8272705078125,237.66047311675305,221.222872673938,234.77410964195195,22678,
2021-07-07,225.8214874267578,230.3222532888478,223.13080682791767,230.3222532888478,3102,
2021-07-08,224.2559967041016,234.52950454330457,223.08188450840768,234.52950454330457,6648,
2021-07-09,221.0760955810547,230.0776420831372,219.2170858977803,223.13080306648104,11140,
2021-07-12,230.1754913330078,236.5352817417838,219.5595275249617,229.6373522355668,17739,
2021-07-13,229.19705200195312,234.87194464257303,227.04451063610296,231.30066891933373,9401,
2021-07-14,229.4416656494141,234.8230266774387,225.18549231902708,229.9798047381457,19373,
2021-07-15,227.3380584716797,231.88774883777745,225.03874359784308,231.3006852739244,8767,
2021-07-16,234.4805908203125,244.26488444819364,227.7783586430023,229.5395344819504,37457,
2021-07-19,229.5884246826172,238.19860533638948,226.31069555094177,226.31069555094177,13293,
2021-07-20,228.80235290527344,236.12284586732704,221.3835922550537,235.8771916404558,16470,
2021-07-22,230.2762908935547,235.77893688107767,223.05405023009607,223.05405023009607,7763,
2021-07-23,233.4697723388672,237.74414669116413,227.1318815860259,227.1318815860259,14861,
2021-07-26,256.8069152832031,256.8069152832031,232.8801894039842,240.5446036995328,93879,
2021-07-27,247.0298767089844,270.2196409875119,244.67160220323808,262.5552413470647,107509,
2021-07-28,241.18331909179688,253.51516438928687,231.0623618558413,248.1599051945012,35406,
2021-07-29,237.64588928222656,247.47205770417443,235.82804212674893,240.4954721271742,21457,
2021-07-30,239.5128631591797,244.6224679078668,237.9898040049972,243.09940875368432,10211,
2021-08-02,241.7237548828125,246.78422586769773,235.8771873874045,235.8771873874045,9156,
2021-08-03,240.0533142089844,247.6194614203416,238.7759092267579,247.6194614203416,9266,
2021-08-04,224.82275390625,242.95203305021656,222.7592523803977,240.74114498403665,19220,
2021-08-05,213.42437744140625,233.8136771381484,211.2626233638338,224.82273893194204,23528,
2021-08-06,220.8431396484375,226.0018781719272,217.4531144745673,217.4531144745673,9149,
2021-08-09,222.5135803222656,226.0510069421404,214.84916597489905,225.01925626188168,6495,
2021-08-10,211.11524963378903,224.9701391029771,204.3843177862008,222.5135968218929,16574,
2021-08-11,206.98825073242188,218.1900927535672,191.65943558904945,211.2626403841231,18447,
2021-08-12,215.4878692626953,218.1409316489059,211.3608816626408,212.1960969543601,9000,
2021-08-13,216.42135620117188,223.00488594501883,210.42738755754743,219.66399472979583,9048,
2021-08-16,218.43572998046875,221.08879249166,211.6556646812652,216.4213624279472,6539,
2021-08-17,214.0139617919922,223.0540341876737,210.32914845188745,223.0540341876737,5819,
2021-08-18,213.3752593994141,216.17572363482847,211.4100255481884,216.17572363482847,3584,
2021-08-20,203.64735412597656,211.75394361470663,201.68212031052684,208.707825203342,3261,
2021-08-23,192.74029541015625,210.2800127515717,191.6102919932545,194.6072764821142,4524,
2021-08-24,199.422103881836,205.41607318041807,178.39410747844735,191.6594360957785,4434,
2021-08-25,201.23995971679688,208.60958703801592,199.5695138560296,206.34956499413303,1796,
2021-08-26,201.8294982910156,204.8756165732146,196.5725070537283,198.48860694383384,1961,
2021-08-27,197.80078125,201.8295014681325,197.01468474607003,201.23994033534288,3360,
2021-08-30,197.35861206054688,201.4364662332163,197.01469014517008,198.68513589083423,6555,
2021-08-31,203.2051544189453,209.0517212991073,191.26635146848784,201.1416531701624,9259,
2021-09-01,196.9164123535156,209.2973907622192,195.63902243290016,209.2973907622192,7091,
2021-09-02,202.76300048828125,209.10087640629683,195.3442399979029,197.89903490619264,8204,
2021-09-03,199.3729553222656,205.3177903366672,197.7516434972213,204.87561574743177,6502,
2021-09-06,198.7834014892578,204.53170134715867,195.14772196490665,200.0116726119132,7646,
2021-09-07,201.78038024902344,204.8264835498536,198.2429535196568,204.8264835498536,4458,
2021-09-08,204.5808258056641,207.13563562100344,197.6042551451568,203.4016885807164,8759,
2021-09-09,212.4908905029297,216.0283171052512,202.51733562818623,206.6443233351993,9616,
2021-09-13,219.074447631836,220.10619843571232,214.01397629914712,219.66402380363527,4358,
2021-09-14,224.5279693603516,233.4697894548337,213.81745077996703,224.9210101364311,30360,
2021-09-15,227.5740661621093,229.93234058090653,221.18705670152863,225.117524061886,10045,
2021-09-16,223.44708251953125,231.1114975254178,217.3057267445492,230.7675905981454,9580,
2021-09-17,216.66702270507807,227.9179830169052,211.65567060427787,223.4470732004726,13797,
2021-09-20,211.5082855224609,219.56574101984592,208.2656467875193,216.66702419374047,5205,
2021-09-21,215.831787109375,221.08879330311075,209.29739099361151,212.3926281024377,7137,
2021-09-22,216.9126892089844,222.513602760632,211.2626418116949,222.513602760632,11748,
2021-09-23,215.831787109375,221.72748826412464,213.47351264489248,213.6700330180088,14112,
2021-09-24,216.1757202148437,221.0888047651811,213.76831178388727,215.97919983153903,2892,
2021-09-27,214.406982421875,221.4327015268784,208.16737474787809,216.42134985739463,9811,
2021-09-28,210.5747985839844,216.91267440713767,207.92173602935551,211.80306967349253,11467,
2021-09-29,210.5747985839844,214.2596118525088,206.3986768796567,214.2596118525088,2032,
2021-09-30,209.59217834472656,213.1787238710456,208.4130411164534,208.4130411164534,9923,
2021-10-01,218.43572998046875,225.6088360244624,207.08650230052152,208.31477336991964,10661,
2021-10-04,222.46446228027344,224.92100455365784,216.56876082415087,224.92100455365784,6594,
2021-10-05,228.0653839111328,230.71844648918847,218.28833395748063,225.9036147796749,15510,
2021-10-06,222.71011352539065,233.86282129463208,221.1379354876035,233.81368745111345,9764,
2021-10-07,226.0018920898437,229.9323597783628,221.088807479195,225.7562378593113,6876,
2021-10-08,227.3775329589844,230.7675730843271,222.90663828894589,229.9323427649005,3433,
2021-10-11,230.2271423339844,231.8975880628469,224.5279613235616,229.49017966005584,12871,
2021-10-12,228.5566864013672,231.70105733770856,226.2475307953975,231.70105733770856,11620,
2021-10-13,234.4524078369141,244.7698857049556,226.7388588619604,227.77060964747344,20296,
2021-10-14,227.7214508056641,235.77890582898976,227.13187470907363,234.84542283734072,6420,
2021-10-18,226.5423278808593,235.2384783954988,223.5453433558415,227.96711937826475,6313,
2021-10-19,219.9587860107422,227.0336242722344,219.12355569788457,226.54231585138703,3872,
2021-10-20,213.0804748535156,217.5513696296987,209.73956849003537,217.5513696296987,11170,
2021-10-21,207.7743225097656,217.1583160906729,206.84083953432875,211.2626152013334,5647,
2021-10-22,210.37828063964844,214.11221280007024,202.41907789023625,204.58083203404456,10445,
2021-10-25,202.76300048828125,215.43875232431245,201.63298207289404,210.3782813572136,5110,
2021-10-26,207.8726043701172,211.2626296140525,199.47122703094263,199.47122703094263,6678,
2021-10-27,208.51129150390625,213.91568415124075,201.9277616413165,201.9277616413165,2852,
2021-10-28,206.49693298339844,212.39263431047385,203.89300422802432,212.39263431047385,3016,
2021-10-29,202.56646728515625,206.30041449183875,201.58385038832105,204.8756229901365,7651,
2021-11-01,205.4651794433593,211.6556533055767,203.2542916372696,203.2542916372696,10064,
2021-11-02,207.0865173339844,210.3782900363552,202.71387500820344,210.3782900363552,2630,
2021-11-03,206.15304565429688,209.2974169954252,203.3034474126921,209.1991492998872,2216,
2021-11-04,212.98220825195312,221.0887974933769,209.346528802993,221.0887974933769,2447,
2021-11-08,214.99658203125,230.914972909722,210.3782855717644,224.0366545677303,18650,
2021-11-09,215.88092041015625,216.1757084658638,212.2452410392117,214.2104747525377,3032,
2021-11-10,210.72218322753903,222.02227714967404,206.74258193451325,220.10617726593367,6026,
2021-11-11,252.8273162841797,252.8273162841797,216.0774502348225,216.0774502348225,520714,
2021-11-12,253.1221160888672,266.9770201929984,247.17728092380256,261.3760919422578,228191,
2021-11-15,248.1107788085937,258.182602502804,241.2815940341553,255.48040590191832,58457,
2021-11-16,247.12814331054688,253.46603412984703,243.88550463420472,244.6716011305216,13824,
2021-11-17,249.04425048828125,255.48039418669327,243.88551175951147,248.6020758816669,12699,
2021-11-18,240.44635009765625,255.38212383398937,236.81067060165088,252.09035125351983,36128,
2021-11-22,229.4410400390625,256.46300406935893,226.0018809806612,256.46300406935893,10240,
2021-11-23,245.5559539794922,249.5846892122252,220.20445029843967,226.1001516184136,26657,
2021-11-24,246.6859741210937,254.3995077392304,243.88550997709663,243.88550997709663,20068,
2021-11-25,242.5589904785156,253.26950881103096,239.2180839849788,246.6859785060195,7677,
2021-11-26,230.5219116210937,243.7872386710496,227.5249273259137,243.59070331251232,6468,
2021-11-29,224.33143615722656,238.67763357421623,222.317068559416,230.52192548488256,12502,
2021-11-30,222.66099548339844,232.43803063731767,218.2392194344712,230.86583760028148,5788,
2021-12-01,228.94973754882807,230.86583750385407,218.4848735681555,221.7274973411793,11359,
2021-12-02,243.59071350097656,249.48641465866257,222.8575067592401,233.56802453161905,31852,
2021-12-03,234.3541259765625,248.65120458516213,230.423658454943,244.32768131525447,15156,
2021-12-06,228.99888610839844,240.05332693647827,227.96713529906867,234.3541455552925,4872,
2021-12-07,274.7887878417969,274.7887878417969,231.5536477419384,239.6111176644736,297725,
2021-12-08,299.4525146484375,323.28097561718107,276.4592840822018,283.9762977305937,788183,
2021-12-09,299.4525146484375,314.4865419452214,281.02844688909965,302.5477520345884,262391,
2021-12-10,293.3111267089844,302.54771900659046,284.4675751499195,300.6807530082051,59342,
2021-12-13,287.0224304199219,300.28775986087976,281.61803694397605,297.536414280871,43460,
2021-12-14,292.7707214355469,300.92642982452725,279.0140846435685,287.0224064929096,48971,
2021-12-15,282.01104736328125,300.6807682688643,279.8492782109576,298.7155344893293,32707,
2021-12-16,274.1501159667969,292.72156943809773,271.59530602130155,287.9067526102921,30869,
2021-12-17,275.427490234375,310.50692366903394,270.31790062194654,281.02841825741683,219575,
2021-12-20,275.18182373046875,282.50233090885393,264.3239200503712,274.93616952967847,51462,
2021-12-21,272.1357727050781,282.8954101732946,270.2687765350513,275.1327423681816,19318,
2021-12-22,270.76007080078125,275.7223040647372,268.8439858663364,269.531799693924,13348,
2021-12-23,284.6149597167969,294.0972061590212,273.06921192759603,274.7396725387404,61250,
2021-12-24,281.3723449707031,288.74197144983583,273.0692204760456,288.74197144983583,20006,
2021-12-27,289.9211120605469,303.6286301749302,272.23400739016256,275.7714343216572,52846,
2021-12-28,306.8712463378906,313.061750809478,291.8372197400563,291.8372197400563,86006,
2021-12-29,303.7268981933594,315.42003362956086,296.3572712393977,315.3217659394236,42902,
2021-12-30,293.6550598144531,306.9695065086623,291.05113108670696,303.7760016570465,23433,
2021-12-31,293.9007263183594,297.4872720734372,290.1667640358368,290.1667640358368,17748,
2022-01-03,296.701171875,299.8946766592707,289.0858912355853,299.59987361000907,15625,
2022-01-04,296.4063720703125,303.57949319498454,293.8024433689748,301.07380219072263,36285,
2022-01-05,297.2907409667969,302.10558792626483,293.8024628508614,293.8024628508614,19223,
2022-01-06,314.9287109375,323.23183559199765,290.3632888674922,297.2416070470944,61442,
2022-01-07,304.5129699707031,326.22880936242683,301.6142681207295,321.31572488407704,68777,
2022-01-10,305.1025390625,313.1600094158292,299.796413945787,307.5590812449678,12973,
2022-01-11,310.4086608886719,324.26356464833634,302.49860713981235,314.4373960226292,90513,
2022-01-12,303.28472900390625,316.4026718627133,299.8455695271376,316.4026718627133,20970,
2022-01-13,300.9755554199219,307.55910088416294,296.79943344306025,299.5998977073147,11482,
2022-01-14,296.7994079589844,307.50995562849675,290.4123984251329,295.9150587901761,17064,
2022-01-17,302.5477294921875,306.33081045431743,293.3602557233254,293.3602557233254,23250,
2022-01-18,300.189453125,306.08515433203763,299.7964123752816,300.33683965775856,15307,
2022-01-19,296.897705078125,304.1690645017199,295.03073887285046,298.91208781538904,11706,
2022-01-20,302.4003295898437,314.38826691691565,294.0480865304979,298.7155164754265,27037,
2022-01-21,293.8024597167969,305.74124932325566,288.2015312658218,298.76466317871666,20061,
2022-01-24,271.7427062988281,298.8138213404055,265.3065772528992,295.0307400747518,17816,
2022-01-25,290.1176147460937,296.75027825002644,257.3964867881932,275.034440632326,14312,
2022-01-27,281.3232116699219,292.8198416070474,275.2801236207512,292.8198416070474,10908,
2022-01-28,292.1319885253906,296.7502998893648,278.08057903539816,278.08057903539816,11730,
2022-01-31,284.6149597167969,299.50159874120027,281.6179903706047,299.50159874120027,8039,
2022-02-01,290.4123840332031,292.9671937175526,282.0110223652399,292.5741529939031,6722,
2022-02-02,290.2650146484375,293.80244134431484,282.3549609147714,290.06850926855293,7849,
2022-02-03,301.3686218261719,310.99825566226923,290.2159137694595,295.3746526074592,48362,
2022-02-04,294.1463623046875,303.72687666578946,292.8689423976219,301.4177210531322,12647,
2022-02-07,279.9966735839844,291.83719421645065,278.1296776447832,289.8719605853634,22663,
2022-02-08,273.7571105957031,289.8229050359857,265.3065981390412,289.77375619222323,11891,
2022-02-09,280.78277587890625,286.776744895961,269.7283358836737,270.2196443279063,6222,
2022-02-10,272.1357727050781,287.56284062418337,265.69961377528324,280.7827897560996,23935,
2022-02-11,269.8265991210937,284.7132387384749,267.3700569404339,279.9475409105774,14539,
2022-02-14,254.0556030273437,270.1705451619151,251.2551536873144,269.8266232284779,14024,
2022-02-15,260.1968994140625,274.05180137396184,246.7841869797139,252.58161971837163,6653,
2022-02-16,260.884765625,275.1327095103578,256.5121087825905,256.5121087825905,11945,
2022-02-17,259.656494140625,269.13874043632813,258.4282231182001,265.2082731645685,4692,
2022-02-18,256.1682434082031,262.3587180182937,253.51516572554223,255.62778610917067,2674,
2022-02-21,243.246810913086,255.38212034855965,238.43197921940188,250.56730364841928,11902,
2022-02-22,237.30197143554688,240.7411304418592,228.261899331949,231.0132295357075,7785,
2022-02-23,232.4380340576172,254.4977807831632,229.88322408322568,252.4834281038461,8575,
2022-02-24,216.66702270507807,226.8862322910294,207.2830284735644,220.990530992932,37073,
2022-02-25,231.0132293701172,240.64286258605432,216.71615108398703,216.71615108398703,7062,
2022-02-28,244.1311492919922,255.18560366275548,221.33444175278868,231.01322356048323,19000,
2022-03-02,245.3594207763672,261.2778105095618,242.21504990210727,243.68897515506129,14091,
2022-03-03,242.1659393310547,251.45166631821013,240.83941547205788,245.65423243027345,7471,
2022-03-04,233.027587890625,243.6889870724628,230.9149675888256,240.88852295747864,4450,
2022-03-07,234.1575927734375,252.23775137869043,217.25658635491848,227.52492919400223,15762,
2022-03-08,228.90060424804688,240.49548668659995,227.37754505173143,235.4350156403567,5926,
2022-03-09,238.7267608642578,239.7585115561384,229.4410346244193,235.8280441535788,7470,
2022-03-10,234.5015106201172,248.5038010529681,232.4380241840337,248.5038010529681,4389,
2022-03-11,236.8598022460937,243.68898657270893,231.70106361905053,232.4871601228325,7531,
2022-03-14,223.2996826171875,242.9028860792616,220.1061778052805,236.7615306717481,22162,
2022-03-15,226.59146118164065,231.4062779526649,226.00188504931185,227.9671188323493,5643,
2022-03-16,233.27325439453125,244.72075068453407,226.0018950722337,231.16063398149123,16171,
2022-03-17,241.1341857910156,247.6194634502249,232.585421599181,240.54462463607024,15085,
2022-03-21,243.9837646484375,247.668577802632,232.33974908376567,245.9981321714391,14207,
2022-03-22,241.08506774902344,245.2120558216688,235.8771950650344,240.74114582899284,8887,
2022-03-23,242.5589904785156,245.65422775075749,240.15156705172285,243.8363804679842,5465,
2022-03-24,235.1402130126953,241.723742847642,232.88019128004527,240.7411260067979,9075,
2022-03-25,233.22412109375,240.3480934318516,228.90059785105183,240.3480934318516,9323,
2022-03-28,223.9383850097656,233.86282167489955,222.2679392822252,233.86282167489955,28915,
2022-03-29,222.1205444335937,230.8166946575461,216.1757094256789,224.0366443138854,32790,
2022-03-30,230.5219116210937,233.37149439737087,221.039650326296,226.00186825850653,7355,
2022-03-31,224.0857849121093,233.81368613215585,224.036651068868,233.81368613215585,5919,
2022-04-01,239.5128631591797,244.27856099791825,220.10617988782053,221.08879676231973,14505,
2022-04-04,287.4154357910156,287.4154357910156,244.3276798468084,245.65421862479968,126202,
2022-04-05,314.3391418457031,332.124513819865,301.6633897712975,317.3852602479775,559654,
2022-04-06,296.9468078613281,317.1886898771195,294.78503891445484,309.4260231831225,58430,
2022-04-07,282.5023498535156,303.5794936895954,278.8666554431747,294.78506071671194,36357,
2022-04-08,281.27410888671875,289.7737397167946,279.06322069459605,282.0110716174263,11420,
2022-04-11,279.0140686035156,289.2823967692517,276.26272341103714,284.90976974685805,11988,
2022-04-12,271.1039733886719,280.0457924067972,270.3178919311361,275.132708329485,8860,
2022-04-13,273.7571105957031,283.6815485975819,268.3035680861454,268.3035680861454,12920,
2022-04-18,275.6240234375,279.2597177379272,256.75776812715753,279.2597177379272,12399,
2022-04-19,267.0752868652344,280.04584317557084,263.48874083601805,279.9475754787928,10791,
2022-04-20,264.32391357421875,272.18484780690926,263.34129679513245,263.4395644704579,6707,
2022-04-21,272.5288391113281,285.0080573929026,261.13047557245903,264.3239809181241,27325,
2022-04-22,270.8092346191406,280.3406009433991,268.25442457812164,268.25442457812164,8632,
2022-04-25,266.7804870605469,273.95357840104134,266.38744629986417,269.4826835224861,4535,
2022-04-26,268.69659423828125,277.04883760660925,267.6157096873156,277.04883760660925,4088,
2022-04-27,261.62176513671875,271.84097550520454,256.4139072527768,265.35569758327074,9869,
2022-04-28,264.9135437011719,266.28920147521245,260.39349959753247,264.81527600579244,5828,
2022-04-29,255.38211059570312,273.0692137071928,252.53252775849143,259.7056186922056,26566,
2022-05-02,254.2030029296875,260.14782315424105,246.34205277000973,248.602074628982,9340,
2022-05-04,247.9633636474609,256.4629932500948,246.6368249263364,256.4629932500948,7908,
2022-05-05,250.07598876953125,259.36173001337204,247.9142346943972,249.5846803436579,19868,
2022-05-06,247.47206115722656,250.3707778834392,240.83939737986407,245.11377170692728,4819,
2022-05-09,243.9346466064453,248.6512107479978,240.790275509925,248.6512107479978,3089,
2022-05-10,235.5332794189453,247.02989471096043,232.9293505043616,247.02989471096043,8401,
2022-05-11,229.5393218994141,241.0359370344952,226.0018949377532,236.17198620736988,9034,
2022-05-12,236.3684997558593,245.6542265195911,221.088803867632,231.897589834494,9653,
2022-05-13,237.0563201904297,249.58468529893943,233.96108304339177,243.59071638686245,4062,
2022-05-16,224.7244873046875,248.5038138439856,223.5944838405884,248.5038138439856,15001,
2022-05-17,233.5188903808593,234.8454291370004,224.0366436955485,234.74716145375163,6740,
2022-05-18,237.10546875,243.590731506706,231.89759601038003,231.89759601038003,5910,
2022-05-19,230.2762908935547,235.33676224717195,227.6723469498077,229.98150280643588,2567,
2022-05-20,234.1084747314453,239.75852186557253,231.0623563660635,239.75852186557253,6320,
2022-05-23,233.22412109375,240.4463461231475,230.128868943828,235.828049813018,2911,
2022-05-24,233.32237243652344,237.79328218709696,230.17800145589865,230.2762691401702,2676,
2022-05-25,226.49317932128903,238.7758896966301,224.57707950144444,230.816687375992,4722,
2022-05-26,231.0623474121093,233.8628114457468,217.7479010242135,225.8544900764295,8758,
2022-05-27,228.94973754882807,235.1893608571258,222.56272770304537,235.14022701344945,3714,
2022-05-30,229.73583984375,237.74416177741475,227.279297533602,237.74416177741475,3160,
2022-05-31,231.7501983642578,233.37151022736725,226.5423258741594,230.6201799501885,3346,
2022-06-01,235.23846435546875,237.4493522347252,226.54231435985253,226.6897008877191,2932,
2022-06-02,233.6171722412109,235.97544684685909,228.75322149609647,235.8280603065852,3965,
2022-06-03,228.4584197998047,238.77589682302167,224.23316430587383,238.7267629813453,5669,
2022-06-06,225.8053741455078,232.5362911387439,224.03666066784223,226.1492810758449,4412,
2022-06-07,223.00489807128903,229.9323500787816,220.1061812719961,229.9323500787816,1765,
2022-06-08,235.4841461181641,250.6164561473807,218.19009679075967,225.80537815481463,7121,
2022-06-09,266.0926208496094,282.551452460187,231.40625936065896,234.84541820466023,58849,
2022-06-10,251.89382934570312,266.7313494159079,247.6194401551319,264.3239261973432,22018,
2022-06-13,238.4319763183593,251.99210704894955,235.7297799393428,246.8824873556105,10030,
2022-06-14,237.940673828125,250.1251322557472,233.715433197522,233.715433197522,7322,
2022-06-15,239.0215759277344,241.7729064191367,233.8628368789344,237.9406912724725,5239,
2022-06-16,231.7501983642578,252.13949873149093,228.4092919585608,252.04123104555663,5639,
2022-06-17,221.3344573974609,237.89155821018247,219.17270320960188,236.90894130719715,6763,
2022-06-20,211.4591522216797,228.9006020597926,208.9043572978571,221.08880076481137,5630,
2022-06-21,215.04571533203125,219.61487793596595,209.29740044904136,211.26263425607465,4269,
2022-06-22,213.7191772460937,220.45010905562967,210.28001807201863,215.19310260641163,1583,
2022-06-23,215.93006896972656,221.87490435645293,214.21048935335787,215.14397243210627,2977,
2022-06-24,222.2679443359375,226.0018916311612,214.2104885895354,226.0018916311612,4290,
2022-06-27,229.39190673828125,230.8166982099886,223.05403088582875,223.05403088582875,4658,
2022-06-28,229.73583984375,232.8310771571188,226.24754676463093,232.73282446083945,4290,
2022-06-29,229.78494262695312,231.1606001372606,223.74184036475268,225.2648993898703,3229,
2022-06-30,221.3835906982422,233.224127348879,218.14095192763608,233.224127348879,3564,
2022-07-01,220.2535858154297,224.8718975270641,218.1409653466526,221.38360431673075,1976,
2022-07-04,224.7244873046875,226.5914684546246,217.1583399958487,222.66100076239204,1814,
2022-07-05,219.3200836181641,228.7532116206083,218.28833290015555,224.0857814618711,4558,
2022-07-06,221.7274932861328,228.45842492100795,217.1583307851301,217.1583307851301,3506,
2022-07-07,223.8988800048828,229.96886769900428,222.41839373214245,227.1559377566835,8322,
2022-07-08,225.033920288086,229.031236357892,223.5534339704012,228.34034575502952,5083,
2022-07-11,239.3946533203125,253.65666926086,222.9612452833884,227.205309298643,21863,
2022-07-12,234.36099243164065,243.93480140443856,232.929858600601,239.3946521797512,3664,
2022-07-13,238.75308227539065,243.98413682935487,234.90382395734656,238.8517873852011,5442,
2022-07-14,231.597412109375,241.8127741005963,228.73514448087016,241.8127741005963,2259,
2022-07-15,228.9325408935547,235.2986293158204,228.1429451454574,234.75579635802185,1906,
2022-07-18,242.89846801757807,246.5009788007621,227.9455467538528,229.22863794385188,6933,
2022-07-19,230.1662750244141,244.921785977388,213.5848248810845,243.04650929022748,36873,
2022-07-20,234.16358947753903,237.1245621579716,229.08059240024423,232.2883128040461,7085,
2022-07-21,230.61041259765625,236.23627264992533,229.57408422408776,235.84146726259328,3688,
2022-07-22,232.4363555908203,235.74278111060025,229.87017324171177,232.880498481166,5055,
2022-07-25,232.78179931640625,235.8908144874192,229.0805836079216,229.0805836079216,6148,
2022-07-26,239.44400024414065,241.7140672837356,232.04156843601947,235.69343178263537,14727,
2022-07-27,238.21026611328125,242.7997678969754,233.02856374962627,242.7997678969754,2856,
2022-07-28,235.4960327148437,240.7764249477225,233.0285554863156,235.0025372691381,3689,
2022-07-29,241.96080017089844,251.78137114892616,232.43634451937768,237.4700038642936,24016,
2022-08-01,241.3192749023437,246.74772484902223,235.89082495566527,240.03618372107164,9882,
2022-08-02,253.85406494140625,262.14478226217034,238.8517916024457,246.0568279975517,75758,
2022-08-03,259.7760314941406,266.29014770293634,243.19456537205747,255.63065743347644,40843,
2022-08-04,259.0357666015625,268.41217989269103,246.747718187592,258.5916086605964,20072,
2022-08-05,262.0954284667969,265.1057688647697,259.6773187693728,264.1187779383339,19260,
2022-08-08,251.43592834472656,256.617630499034,248.42560312873843,256.617630499034,9501,
2022-08-10,251.9787750244141,255.08780533688363,247.0931731737169,247.0931731737169,5620,
2022-08-11,247.4879608154297,256.61762636894,243.9347876569763,256.56828887363594,3269,
2022-08-12,244.4776611328125,248.7217253310748,242.05953625970668,247.9814821009228,3284,
2022-08-16,243.3426208496093,251.68269133472225,239.04920420860827,246.50098886606625,4610,
2022-08-17,242.45431518554688,248.67236103750184,239.59204752145456,247.7347226689396,6334,
2022-08-18,243.8854522705078,251.3372213601193,237.6674067195908,237.6674067195908,8527,
2022-08-19,242.0595092773437,248.721697606078,240.8257706979485,246.05682528664136,6738,
2022-08-22,245.1191864013672,254.4955995826996,242.10886126267184,244.3789432554725,7825,
2022-08-23,245.1685333251953,252.9164179076514,241.66472768143515,241.8127702921936,10374,
2022-08-24,245.06983947753903,248.7217027358093,239.2465842265213,246.89576357653127,6567,
2022-08-25,244.5269927978516,254.00211135822977,243.14521157709407,247.73471318773247,4220,
2022-08-26,250.0541534423828,251.68268242217653,244.0335028583653,248.6230045725376,3780,
2022-08-29,247.586669921875,251.682676077054,244.7737398710172,250.89308035573544,4372,
2022-08-30,249.21519470214844,252.5216201411228,248.72169926709464,252.5216201411228,1624,
2022-09-01,249.6593475341797,256.56829896063954,246.6490222482896,254.15015918424987,12994,
2022-09-02,251.2878875732422,254.6436505878829,249.8074012326149,254.6436505878829,5332,
2022-09-05,252.8670654296875,256.27216575768125,248.62298674243416,256.27216575768125,7132,
2022-09-06,247.8827667236328,254.3475754051653,245.8100948011335,252.6696787713452,3816,
2022-09-07,253.2618865966797,254.54496279764868,242.94781900681613,242.94781900681613,3616,
2022-09-08,247.9321136474609,256.61763666988344,239.49333835260563,253.5086213266512,18187,
2022-09-09,249.56065368652344,252.62031642315583,247.191866503665,250.35023435385705,3117,
2022-09-12,246.35292053222656,251.18916964068364,244.6256865563083,245.8100725563095,17926,
2022-09-13,244.1322021484375,248.67235119664804,240.0361809274432,245.6126884803012,6994,
2022-09-14,242.7010498046875,248.42559988387373,241.9608066494553,244.28024122663044,5061,
2022-09-15,242.0101623535156,247.7347125071728,241.81276718827624,243.78674896124176,5922,
2022-09-16,238.50634765625,246.5503326183268,235.3479797526144,246.1555272176935,3753,
2022-09-19,237.51934814453125,243.29325078982384,233.02855170962096,242.75040279628843,5272,
2022-09-20,231.79481506347656,240.57902790438388,229.0805901332733,240.48032279189857,16042,
2022-09-21,229.91954040527344,236.58172936456504,228.4390539698753,235.89083870677,2757,
2022-09-22,228.2416381835937,232.8804922502951,227.9948904666385,228.04424302208665,3905,
2022-09-23,225.033920288086,230.610412727251,222.71448569959887,230.4130175636168,5616,
2022-09-26,215.7068634033203,225.03392436150995,210.52516119762765,225.03392436150995,4633,
2022-09-27,219.8028564453125,223.99756750365924,216.15099335951467,219.30936102668343,2429,
2022-09-28,220.0989685058593,226.81050957101,216.2497100583465,217.13799583537696,2628,
2022-09-29,222.2209930419922,226.02091399572905,221.08595954167384,225.033923104918,1408,
2022-09-30,223.99757385253903,231.8935007744019,218.4704340434064,221.1846589227967,10956,
2022-10-03,221.382064819336,227.007910011922,218.1249917940642,218.1249917940642,2469,
2022-10-04,236.0882263183593,239.7400897298913,224.0962926001472,225.6754690444464,9555,
2022-10-06,252.47227478027344,274.630217433566,236.7791104621838,240.77642661208804,139658,
2022-10-07,245.7607421875,259.0851197759789,243.34261741498148,252.4722835404208,48255,
2022-10-10,250.6463317871093,256.3215444260334,235.15057793227567,240.8751280671333,19799,
2022-10-11,240.8257598876953,250.9424157846169,237.4699971264889,250.2515252232256,4787,
2022-10-12,239.29592895507807,244.6256885898161,232.92984097440257,241.4179683221601,8289,
2022-10-13,234.5583953857422,241.2205843590918,233.7194621067517,236.38433468403423,5393,
2022-10-14,237.3219451904297,241.7634039839884,234.16357750484497,239.1972368283256,5802,
2022-10-17,230.0182342529297,239.78943822360023,227.00790896975187,236.3843226011112,7488,
2022-10-18,233.028564453125,240.8257867711925,227.40270410737213,231.8935158481545,14716,
2022-10-19,235.7921142578125,238.85179199759844,233.3739896236129,237.6180534025696,9194,
2022-10-20,233.1766052246093,237.6674169298813,232.92985749421297,236.13757798936632,5261,
2022-10-21,230.51171875,237.4206547815376,228.9818799023882,237.4206547815376,4673,
2022-10-24,238.3583068847656,244.72439529882325,231.9428659127119,235.0518812827465,3640,
2022-10-25,232.7324676513672,242.7997722700179,231.9428718839602,234.95319727578809,10670,
2022-10-27,229.9688873291016,234.90384199281613,225.62613324914727,232.73246495283905,7731,
2022-10-28,229.03125,233.86749956839097,226.5637726568849,228.48840197245727,11761,
2022-10-31,229.7221221923828,231.9922041777696,224.935210507117,229.47537447789043,6487,
2022-11-01,227.0079040527344,231.9428584886633,225.5274177219557,225.97156060913213,3033,
2022-11-02,227.3040008544922,229.91952064141773,226.51440514476272,227.1066056921312,3389,
2022-11-03,230.3143310546875,231.64675972492813,225.0339237496065,227.1559481468152,2860,
2022-11-04,227.99490356445312,231.3506666837115,227.00791263993167,227.15595525449527,7016,
2022-11-07,224.293685913086,229.91953112855165,223.0599472666993,229.03124532726773,8594,
2022-11-09,242.0101623535156,264.1187672469009,230.95586743696583,232.9298492099313,90180,
2022-11-10,232.8311462402344,247.7347147874164,229.96887866720328,245.26723754849792,9694,
2022-11-11,236.77911376953125,242.75041179931068,234.70644189046047,237.86480979686792,8005,
2022-11-14,232.78179931640625,246.69836134413725,231.94285106503563,241.4673067974219,8116,
2022-11-15,242.89846801757807,249.7086992456169,229.27799050121456,236.7791123514725,34774,
2022-11-16,243.3426208496093,247.7347275490796,233.966206858708,246.50098886606625,16968,
2022-11-17,243.58935546875,246.69837075840627,240.8751305122836,245.56333725527105,6323,
2022-11-18,236.82847595214844,244.77375612887283,233.9168556554148,241.0231874987118,4753,
2022-11-21,238.7037353515625,239.8387687681208,236.3843009052055,237.96349223808065,3469,
2022-11-22,237.47000122070312,246.69835650326908,234.5583662056009,239.88812575740607,12119,
2022-11-23,239.98683166503903,243.6387100486569,237.37131180029368,239.78943649680497,8458,
2022-11-24,238.3583068847656,241.7634225424908,236.82846794860328,241.6647324867848,3003,
2022-11-25,237.9635162353516,243.04651343640447,236.1869295717795,238.8518020369945,12248,
2022-11-28,240.8257598876953,242.79974152611905,236.9765017168829,242.79974152611905,5937,
2022-11-29,239.3946533203125,242.7504164615167,238.45701494794247,242.65172640459093,2234,
2022-11-30,236.1869201660156,244.67503268238937,235.44667700736343,244.67503268238937,5488,
2022-12-01,239.69073486328125,243.2932454554445,233.47268947244407,240.8751208757537,3000,
2022-12-02,238.30894470214844,240.036178740251,237.12455865950668,240.036178740251,6782,
2022-12-05,239.1972503662109,243.7867520218604,236.2856151663041,243.6387094111436,6428,
2022-12-06,238.0622100830078,241.2205780572864,235.446690134063,241.2205780572864,1560,
2022-12-07,241.3192749023437,243.2439041441089,236.87781585506136,238.8517976538536,5668,
2022-12-08,238.90115356445312,245.7607373994901,237.963515208922,245.66203228405053,11900,
2022-12-09,237.81546020507807,244.77374923365667,235.94018347296708,243.4906580199714,3137,
2022-12-12,237.02584838867188,239.83877835647303,233.1272375138645,239.83877835647303,5234,
2022-12-13,245.7113800048828,248.7217052430965,236.87781451723475,236.87781451723475,15868,
2022-12-14,239.0491943359375,249.7086991289953,236.0882216189929,249.7086991289953,10997,
2022-12-15,236.9271697998047,247.734717199436,234.50904509417813,243.6387109670657,10533,
2022-12-16,237.3219451904297,241.5660088274428,233.4233343725852,233.4233343725852,4870,
2022-12-19,233.37399291992188,237.2726039232224,229.47538191662136,235.00253692453387,3813,
2022-12-20,234.36099243164065,234.90384045314843,231.9428676743273,233.1272537737985,2972,
2022-12-21,226.66246032714844,238.8518042978691,222.56645400483256,235.59473122720453,4548,
2022-12-22,217.3354034423828,230.85717639956167,213.28874959725053,230.7584863410678,16908,
2022-12-23,210.8705902099609,223.05993329698555,209.29141387765787,211.36408563760912,10305,
2022-12-26,222.46774291992188,226.4157065214132,207.26808907829465,215.01597367033577,9287,
2022-12-27,220.1976776123047,226.1689605578389,218.2730332933588,221.5794588594743,4799,
2022-12-28,220.0989685058593,231.94285918778905,218.91458244972355,220.3457162283996,22381,
2022-12-29,220.2963714599609,221.9742530204952,217.18735607015583,217.28604612648945,1929,
2022-12-30,221.5301055908203,224.6884734744156,219.1119808858936,224.6884734744156,2362,
2023-01-02,217.68084716796875,224.88588378845105,213.28874065160244,221.6288107890236,6115,
2023-01-03,218.22369384765625,221.08596143135856,213.239386794401,221.08596143135856,11191,
2023-01-04,220.2963714599609,223.40540191005235,217.43410380141933,220.1976814036273,5982,
2023-01-05,219.85223388671875,225.0339363688973,217.2367138960195,222.0236109624315,11677,
2023-01-06,217.2366943359375,224.04692524663287,216.1509983656943,224.04692524663287,9941,
2023-01-09,219.60546875,223.4547271219532,216.1016481466508,217.7795296149308,8782,
2023-01-10,217.58213806152344,220.59246327940696,215.26271851287785,220.59246327940696,6850,
2023-01-11,217.779541015625,220.1976808238693,215.85491172889465,218.9639421708003,8653,
2023-01-12,216.5951538085937,219.8028742901025,216.3484060792469,219.1613362179153,2511,
2023-01-13,218.7665252685547,221.97424566874045,216.15100542790216,220.8392121666352,6133,
2023-01-16,218.42108154296875,223.40538842570413,217.58213328319587,222.02359217785968,5582,
2023-01-17,216.29904174804688,221.8755491639248,215.1640082789464,221.8755491639248,4224,
2023-01-18,217.13800048828125,226.02091869007447,215.36141383586536,219.70418288180267,11773,
2023-01-19,216.4964599609375,220.0496181651241,214.4237730466142,218.56913181497487,3699,
2023-01-20,216.05230712890625,218.8158847267491,214.769230976592,218.8158847267491,3761,
2023-01-23,218.42108154296875,220.19766811289136,216.20035209563684,216.20035209563684,1569,
2023-01-24,217.2860412597656,219.6054759058065,216.20036030269503,218.61848500285907,3866,
2023-01-25,211.31475830078125,219.5067707452957,209.5381716637918,219.3093755768049,5305,
2023-01-27,209.439453125,215.01596040421708,209.2420579691616,211.5121399120161,5062,
2023-01-30,209.2914123535156,220.5431019978412,207.2680781028357,211.6601843648625,3281,
2023-01-31,210.3277587890625,211.31474965140387,208.0083242384461,209.2914153715469,809,
2023-02-01,206.92263793945312,214.42377486804224,205.29410896456977,212.0056501543148,7543,
2023-02-02,211.80825805664065,214.17703024724213,204.50451619176104,210.2784191142459,10348,
2023-02-03,210.475814819336,216.00297002510712,209.19272360439408,212.79524951789568,4896,
2023-02-06,209.9823303222656,215.16403295066465,206.28111415912343,208.7979441621176,1201,
2023-02-07,216.4964599609375,220.0496181651241,210.13035660706703,213.97963015362663,11750,
2023-02-08,216.3484039306641,218.56913347273124,213.5848263773677,216.1510087612042,2929,
2023-02-09,207.0213317871093,216.34839235258835,204.80060236388653,213.2393771841905,8348,
2023-02-10,209.439453125,212.0056353317547,206.0836902948916,211.9069302236929,6280,
2023-02-13,198.533203125,207.16937304821525,197.39816967349148,200.35914221859383,5420,
2023-02-14,190.4398956298828,202.28378670893585,189.0087618032212,202.0863915363422,6400,
2023-02-15,195.81900024414065,198.1877875819449,188.7620209113097,189.05812121107104,7030,
2023-02-16,190.83468627929688,196.2631359374479,189.69963776914875,196.2631359374479,1770,
2023-02-17,195.81900024414065,196.41120084366327,189.5022641305697,190.48925508958308,10041,
2023-02-20,198.68125915527344,202.0370219880245,194.4371955301224,194.4371955301224,6452,
2023-02-21,194.83200073242188,199.3721649686948,193.4502194745751,196.90468767947823,7646,
2023-02-22,186.93606567382807,197.2994698598281,184.56729359828523,197.2994698598281,10445,
2023-02-23,187.7256774902344,192.26584192817955,184.71535205161555,184.71535205161555,11590,
2023-02-24,197.84231567382807,199.42150708031903,185.11013955252983,190.6372793546772,12450,
2023-02-27,192.9567108154297,199.42150388293973,183.1361548882871,198.38516048031389,27997,
2023-02-28,192.66061401367188,194.43720058436784,189.8476990819982,194.43720058436784,11511,
2023-03-01,196.7566375732422,198.8293093810797,191.0320874682081,195.52289897561784,10754,
2023-03-02,194.3385009765625,196.1644401543145,192.46322430234628,193.64761036291893,6388,
2023-03-03,194.53591918945312,200.3591596781518,193.45022313752588,193.45022313752588,12249,
2023-03-06,199.32281494140625,201.00069650731825,194.9307083228969,194.9307083228969,11532,
2023-03-08,193.8450164794922,197.4968950412824,193.4995786833004,197.3981899222066,12853,
2023-03-09,194.486557006836,196.1644385001892,194.3878518941681,194.9306998932698,2995,
2023-03-10,191.47622680664065,195.4241902459528,190.6372785516727,194.43719938612475,7056,
2023-03-13,190.143798828125,195.27616377140563,189.50226074035825,195.27616377140563,7193,
2023-03-14,188.31787109375,193.89436378379463,187.52827534340472,187.52827534340472,3196,
2023-03-15,188.12046813964844,191.96972655546367,187.8243678629813,191.96972655546367,6175,
2023-03-16,180.5206298828125,186.88673324651245,179.68169665260416,186.88673324651245,6299,
2023-03-17,177.41160583496094,182.3465601001893,175.19087641560816,180.7180312167781,7942,
2023-03-20,163.988525390625,179.08948856305227,160.4353673302385,176.47396880775588,20018,
2023-03-21,167.49234008789062,168.97282632625198,163.84047704532293,163.84047704532293,7351,
2023-03-22,165.56771850585938,167.68974285305725,162.95219872347266,166.8014570938315,84936,
2023-03-23,165.41969299316406,167.34432237722626,163.8405014132588,166.11058366176496,13752,
2023-03-24,163.69244384765625,167.2456019876365,163.14959585035373,163.84048645588163,4947,
2023-03-27,157.3756866455078,165.02486566617966,155.94455293756815,163.19894164580322,14843,
2023-03-28,153.1316375732422,159.3496834771032,152.98359495707575,158.75749795215094,24867,
2023-03-29,154.3160400390625,165.8144785066277,150.81221917760917,153.13163885864302,35329,
2023-03-31,151.3550567626953,158.36268294167837,149.38107501194762,157.3756920663045,14624,
2023-04-03,168.3806610107422,169.76244230773705,152.0459578812834,152.0459578812834,12404,
2023-04-05,168.18324279785156,168.72609080317213,165.12358005381128,168.72609080317213,5311,
2023-04-06,167.8871612548828,171.24292435354675,165.4196839587222,171.24292435354675,11399,
2023-04-10,165.46902465820312,171.1935751081217,163.88984819427537,171.1935751081217,7621,
2023-04-11,174.89479064941406,184.9620951731751,164.6300909507335,164.82748612565302,25769,
2023-04-12,176.37525939941406,182.54395212505307,175.6843688261995,178.29988851775644,9640,
2023-04-13,174.3519287109375,179.63233581533763,171.7857615211753,176.17786781888884,6591,
2023-04-17,174.154541015625,177.5596566031456,171.48966860192564,175.68437992024613,6880,
2023-04-18,181.21153259277344,188.61396423365,172.9208001188202,177.60900682470873,36579,
2023-04-19,176.07916259765625,181.2115270945011,174.9934816927739,181.2115270945011,7976,
2023-04-20,181.6063232421875,184.17250557298487,176.81941141522205,177.65835969344428,8278,
2023-04-21,178.79339599609375,182.05046898699,178.1518579334671,178.20121049065824,3258,
2023-04-24,181.2608795166016,182.49461818758385,177.06616803526182,177.06616803526182,8538,
2023-04-25,180.0764923095703,184.07380859130475,178.398610739294,178.6453584719901,16563,
2023-04-26,178.69471740722656,183.48161455617768,177.90512162236533,179.53365069215846,7975,
2023-04-27,178.89210510253906,180.37259148959456,175.93113232842808,179.13885283371496,10857,
2023-04-28,178.5959930419922,179.632336456684,170.35462840006826,175.83241562290922,9879,
2023-05-02,183.1855316162109,185.55430394026973,177.75708123497964,182.1491880768276,12631,
2023-05-03,180.668685913086,184.9127497635721,178.64535157108008,179.9284427435925,5015,
2023-05-04,178.3492431640625,183.87639793519523,177.70770513718332,183.5802976688336,6856,
2023-05-05,178.15187072753906,182.59333010855804,176.0791836589487,181.8530868783882,6484,
2023-05-08,178.15187072753906,181.3102388308729,176.622031706464,180.175205235394,8305,
2023-05-09,175.1908721923828,180.4712791529996,173.75973850202314,179.87907863133393,4709,
2023-05-10,174.6973876953125,178.59599870244452,174.05584964031976,176.17787403171346,5865,
2023-05-11,178.6453399658203,180.42192646925008,174.79608175862654,179.63233079436077,5313,
2023-05-12,177.51031494140625,188.7126523395483,173.7103940475029,177.9544578232206,25194,
2023-05-15,181.7050170898437,185.6036278404681,177.6583486791492,177.6583486791492,14473,
2023-05-16,182.2972106933593,186.54127444679867,181.90242036943803,184.5179401510593,12110,
2023-05-17,181.408935546875,185.20884158284164,177.510324394011,182.5933216482116,8086,
2023-05-18,182.34657287597656,185.55429337311824,181.21153933956404,184.5673024509208,12826,
2023-05-19,179.7803955078125,183.0374686546783,178.64536193949394,180.8167390173089,11501,
2023-05-22,187.3802185058593,191.4762245007037,179.78037692847963,181.80371117881728,16697,
2023-05-23,200.309799194336,207.2680880184408,183.77770169762687,186.39323660641216,93593,
2023-05-24,189.74899291992188,201.3461355301121,188.46590178929057,201.3461355301121,21459,
2023-05-25,190.143798828125,195.3748538293693,189.3048655641444,192.4632335644263,8237,
2023-05-26,190.83468627929688,196.8059688550349,187.8737137384872,196.8059688550349,7120,
2023-05-29,194.0424041748047,195.4241853196173,190.58793625248825,195.4241853196173,4659,
2023-05-30,193.54893493652344,197.398193689351,191.0321049549268,196.21380753927227,5785,
2023-05-31,191.8710327148437,196.3124919449122,189.0581175719723,193.54892936109889,6094,
2023-06-01,192.1671295166016,194.3878590912779,190.6372905753228,190.6372905753228,2104,
2023-06-02,203.5175170898437,208.2550763409364,193.598255702306,195.9176903017814,23812,
2023-06-05,201.9876708984375,213.19002304066032,199.37215117691383,207.4654731136226,23298,
2023-06-06,207.1693725585937,210.6731930740744,202.28377088277844,202.8759714145134,16237,
2023-06-07,210.3277587890625,215.3614031508323,204.4058136150142,211.2653970962297,29438,
2023-06-08,209.044677734375,214.07832233882573,207.26809108445104,207.26809108445104,6976,
2023-06-09,211.61083984375,213.19003128478863,206.37980019841663,213.14067872845263,7245,
2023-06-12,207.1200561523437,216.151017288931,205.29411687715825,211.16670999692343,10770,
2023-06-13,213.73287963867188,224.9352171724015,207.56418659357217,208.30442975898413,171234,
2023-06-14,214.3250732421875,220.39507646434944,213.1406871447833,216.15101247672183,30348,
2023-06-15,220.64181518554688,223.948225611604,215.2133653221865,217.08864197814225,42092,
2023-06-16,223.99757385253903,225.9715555830048,221.5300966894569,221.5300966894569,21044,
2023-06-19,220.14833068847656,226.76116692964504,217.23671044724787,221.08596906307068,26294,
2023-06-20,221.9248962402344,225.2313065157112,219.55610918974853,220.14830971744124,23262,
2023-06-21,229.27798461914065,231.94285698521148,222.86254389401776,224.14563505109948,41537,
2023-06-22,227.10659790039065,233.028542929759,226.909187684517,231.9428469835941,19213,
2023-06-23,216.3977508544922,227.1559454429844,214.1770213702385,227.1559454429844,12802,
2023-06-26,218.81588745117188,221.8262128173692,217.13800587239703,217.13800587239703,4738,
2023-06-27,220.7404937744141,223.05992825605784,219.3093600786335,222.07293742306643,2602,
2023-06-28,231.74546813964844,234.90383603222625,221.0859633244482,224.93522184035768,30342,
2023-06-30,238.03965759277344,242.69836808570736,231.943707234566,239.32823676901685,35367,
2023-07-03,234.3226013183593,242.64879441134056,231.7454581970824,238.8821843305658,13175,
2023-07-04,233.18272399902344,235.9085581796709,223.3697269985732,234.91734575034457,7830,
2023-07-05,228.9700622558593,235.51207008447847,226.98763747442337,233.1827149164109,5849,
2023-07-06,229.6143341064453,233.9261138652829,225.5008089167452,228.97005213084893,3712,
2023-07-07,224.0139923095703,231.9436911523869,221.04035524351409,222.03156759886616,5282,
2023-07-10,219.2561798095703,227.7310488527522,219.0579403545516,224.01400235352327,3580,
2023-07-11,220.0987091064453,222.03157019706,217.323311454042,219.1074967394941,2718,
2023-07-12,223.0227966308593,228.9700712076823,222.0315842013889,228.9700712076823,6222,
2023-07-13,221.9820098876953,222.03157353172733,218.06672400437503,219.0579363862132,2087,
2023-07-14,224.7574157714844,229.96128096575248,222.67586364389663,223.02279404006168,8406,
2023-07-17,226.4920349121093,227.87972623149352,219.0579418624777,219.0579418624777,1262,
2023-07-18,235.3633728027344,237.0484307965648,224.0635579032126,226.49202517003,8905,
2023-07-19,235.01646423339844,238.18834086340243,229.9612749834509,232.93491215996104,11328,
2023-07-20,240.61680603027344,243.7391189875831,228.47445433564585,237.8414083322756,19709,
2023-07-21,244.5321044921875,247.80310854998763,234.37217704163805,240.616818402038,32354,
2023-07-24,239.32823181152344,247.80310088679192,237.89097685132023,244.53209693014605,5272,
2023-07-25,237.0484313964844,246.7127519697733,232.93490612542607,239.8733926908644,2818,
2023-07-26,238.38658142089844,239.8734000160392,230.4568822468145,231.4976582883532,4537,
2023-07-27,240.31944274902344,244.82946218259028,237.8909754000877,237.9405390449029,6790,
2023-07-28,236.05723571777344,242.79748331134715,232.93492259247824,242.79748331134715,1014,
2023-07-31,230.80381774902344,242.8470425866009,227.97885630578864,242.8470425866009,2431,
2023-08-01,236.8006286621093,240.3689992367412,228.9700570048957,232.934906476842,4378,
2023-08-02,235.16514587402344,236.80064031178105,228.97006826933367,236.80064031178105,3131,
2023-08-03,233.72789001464844,234.6199751364844,226.24423327142023,232.9349170592936,1212,
2023-08-04,236.45372009277344,240.3690060320669,226.0955535794245,231.94370066599447,4871,
2023-08-07,233.3809509277344,240.36900120417727,230.0108348988756,240.36900120417727,3272,
2023-08-08,228.2266540527344,237.8909749083876,227.97885095387147,237.8909749083876,1108,
2023-08-09,238.13877868652344,239.6255972839419,225.5008206084665,225.996426807606,9583,
2023-08-10,237.44493103027344,239.77427107176493,230.9524868513573,238.13877667827725,4226,
2023-08-11,237.69273376464844,238.1883399588513,233.9261236637663,237.444930667547,5202,
2023-08-14,236.40415954589844,237.89097815939465,233.03404340518745,237.69273870253537,2302,
2023-08-16,227.9788513183593,239.8734000827955,227.9788513183593,231.9932645512968,13110,
2023-08-17,232.1419372558593,235.36337750313777,229.961273036488,232.78623438013548,739,
2023-08-18,231.4480895996093,232.93490816234777,227.9788462865532,230.01083468056905,2635,
2023-08-21,233.62876892089844,235.4129543366004,225.55039359038625,225.55039359038625,3450,
2023-08-22,239.17955017089844,242.74790566186945,231.6463300376809,231.6463300376809,19120,
2023-08-23,241.4097900390625,244.82946989319728,235.90855803474068,239.1795620744484,18474,
2023-08-24,241.21153259277344,252.2635442990193,237.8909651542815,247.3074825249718,25912,
2023-08-25,243.54087829589844,243.838245034295,238.88218314335404,241.4593413765236,5746,
2023-08-28,244.43299865722656,244.8294775912993,238.38659660205465,239.97254258774944,7522,
2023-08-29,239.42735290527344,247.65441866673504,232.93490880512653,242.84703258406816,6956,
2023-08-30,235.8589782714844,239.4273488209112,232.9349048315181,237.8909666364441,6804,
2023-08-31,233.43052673339844,236.8997702304977,228.9700708085564,235.85899415642768,5772,
2023-09-01,233.8269958496093,237.84140903857207,230.0108372376429,235.4129417173752,4351,
2023-09-04,231.99327087402344,237.84141812604247,230.95249480382984,233.82700478369657,2133,
2023-09-05,228.9700622558593,234.8182093112153,228.4744560605004,232.9349118187314,2978,
2023-09-06,227.8797302246093,230.952494788848,218.0667332770238,230.952494788848,14396,
2023-09-07,230.75425720214844,231.94370909564736,221.04037234328788,225.99643450345127,3351,
2023-09-08,232.53843688964844,232.93491580283668,225.0052165414635,225.0052165414635,1773,
2023-09-11,229.71348571777344,231.94371373445085,225.59996009244912,231.94371373445085,6300,
2023-09-12,219.8509063720703,230.4568756907474,218.5623272679992,230.4568756907474,5512,
2023-09-13,225.0052185058593,226.59116442186044,215.58870055076835,221.0403688405579,18586,
2023-09-14,224.0139923095703,227.929278088271,223.1219072396336,223.1219072396336,3015,
2023-09-15,223.0227966308593,227.97885877821184,220.6934413717232,220.6934413717232,11686,
2023-09-18,232.0923767089844,233.9261256933252,219.0579397382409,220.09871578003697,7143,
2023-09-20,231.4480895996093,233.9261205375067,225.9964215362353,226.04598517993333,2958,
2023-09-21,228.9700622558593,232.4393056233724,226.0955523726575,226.0955523726575,1110,
2023-09-22,228.02842712402344,231.94371327618103,227.9788634765882,228.9700759264864,1315,
2023-09-25,228.4248962402344,228.47445988554023,225.00521645994635,225.5008226636026,424,
2023-09-26,222.5271911621093,232.93492170643967,220.6934421115611,228.37533846570963,5808,
2023-09-27,224.3609313964844,227.9292869395025,220.5447576303044,222.5271824179925,4310,
2023-09-28,223.0227966308593,227.8797314853842,220.04915934244792,222.3289509551703,5190,
2023-09-29,225.0547790527344,227.7806131600959,223.0227906023065,223.1219178924545,1806,
2023-10-03,224.0139923095703,225.8972897348592,218.06671817745783,222.03156759886616,1953,
2023-10-04,216.3816680908203,231.64633287014087,215.09308895692163,231.64633287014087,4772,
2023-10-05,218.0667266845703,221.98201261601216,215.8364987980236,217.8684872307063,7414,
2023-10-06,228.9700622558593,228.9700622558593,218.0667259579613,222.874112102824,13069,
2023-10-09,226.9380798339844,237.8909800661363,224.16268204160588,234.9173428153096,8931,
2023-10-10,246.7623291015625,248.39783867049343,227.38412325246827,229.96128159609816,84938,
2023-10-11,250.5289459228516,257.12050264403706,248.6456483238562,248.6456483238562,58043,
2023-10-12,240.66636657714844,251.96618155072449,239.12998437796648,251.96618155072449,17830,
2023-10-13,245.4737548828125,248.794322608948,238.73352238599668,243.8382604055825,30170,
2023-10-16,245.6224365234375,251.76795039797543,242.8470387697008,248.74474954345325,15953,
2023-10-17,261.9774169921875,264.1580963034586,245.6224280305575,250.5289262315165,92270,
2023-10-18,267.5777893066406,280.21574692615434,263.7120368940923,267.62733782499606,223581,
2023-10-19,277.9359741210937,281.9504028259876,267.57782182570537,267.57782182570537,113556,
2023-10-20,267.9247131347656,281.2565326870034,264.45546955977176,280.5131233495047,39916,
2023-10-23,251.6192626953125,267.62733619959323,248.79430142999223,267.5777876815387,37288,
2023-10-25,258.7064208984375,260.6888455796516,247.10923953827512,251.6192587129772,44647,
2023-10-26,260.2923583984375,262.5721346094231,246.81186494589056,262.5721346094231,31754,
2023-10-27,251.9166259765625,263.9103020934111,247.1588185456252,263.2164413120901,24419,
2023-10-30,257.0213623046875,262.126130346025,247.70397182775795,255.7327982890383,33659,
2023-10-31,246.2171630859375,256.72402095884416,244.8790353719768,256.72402095884416,10050,
2023-11-01,249.4385986328125,253.4034482999326,237.7423042145692,244.1851849236393,31647,
2023-11-02,238.6839599609375,251.71839757263643,237.8909869793992,246.51453223246207,16343,
2023-11-03,270.7496643066406,277.48992685834804,238.9813185996049,238.9813185996049,378458,
2023-11-06,303.2614440917969,306.2846297942121,277.5394703636873,281.2069683218253,474192,
2023-11-07,289.7313537597656,305.0951449702434,287.055098601774,294.53873964002094,135791,
2023-11-08,273.3763732910156,285.86565583083006,270.3036389890459,279.6705782068549,151057,
2023-11-09,272.7320861816406,282.19818276417664,269.26284277691474,273.5746227726687,48589,
2023-11-10,269.5106506347656,278.03508348673495,268.8168200912138,275.7057282525628,17427,
2023-11-13,287.5011291503906,295.3317308912871,269.6593069042168,273.574607774665,62867,
2023-11-15,287.8480834960937,300.7338450804521,284.37883999261265,297.36372886980814,28810,
2023-11-16,282.44598388671875,291.0199650484797,278.7784859276433,291.0199650484797,20837,
2023-11-17,277.7377014160156,285.9152029751131,276.5977830597737,285.865624209964,8462,
2023-11-20,272.7320861816406,285.0231139085033,268.866363866255,278.53068477942,19792,
2023-11-21,281.2069702148437,287.4515962403034,273.5746226287025,274.1693561190801,16372,
2023-11-22,281.1078186035156,287.3524440886921,278.53066053445576,283.1893705150409,29918,
2023-11-23,282.0494689941406,286.46037615933017,281.45476576910926,286.3612488720246,13390,
2023-11-24,286.21258544921875,292.7050146817258,282.99114509351324,283.4867513020833,36103,
2023-11-28,272.33563232421875,291.16866968239947,265.69449652446684,291.16866968239947,44456,
2023-11-29,271.2948303222656,274.56581895372324,270.6009695825504,273.5250580935504,12806,
2023-11-30,270.8487854003906,273.5250709515,264.7032564864217,266.63613274548976,10008,
2023-12-01,268.6681213378906,275.210129530138,266.9830783296502,268.61857281536123,7583,
2023-12-04,280.36444091796875,284.477966438541,267.92470681430734,277.5394794522351,20230,
2023-12-05,273.9710998535156,285.9152273596542,270.15492608392447,280.4139804192612,14956,
2023-12-06,266.58660888671875,280.16620172789715,265.7440722279183,276.4491549238403,24247,
2023-12-07,266.2396850585937,272.4843117442185,265.09979672701525,271.04707176071696,17371,
2023-12-08,267.2308654785156,274.3675765124288,262.22522477652086,265.74404689860853,9522,
2023-12-11,268.2716369628906,271.59220463882986,262.7704201000769,263.6625052333165,14420,
2023-12-12,263.4642333984375,271.09658067628703,260.1436961893088,271.09658067628703,13548,
2023-12-13,259.9950256347656,265.59540043741595,252.7591865127889,259.697673985689,11493,
2023-12-14,263.1668701171875,267.57777702682097,259.994978603586,262.17565780036193,11417,
2023-12-15,262.3243408203125,267.08217822170747,259.69763415828623,262.0765377342836,8421,
2023-12-18,257.2196044921875,263.6624847588512,255.4849828819319,262.3243420382025,17748,
2023-12-19,267.5282287597656,277.53948035087416,254.3451155428602,257.2196255394708,47614,
2023-12-20,253.0565185546875,275.5570361036811,249.88464202735497,270.3036226949899,31899,
2023-12-21,256.7735595703125,266.0414015403441,251.76794906079368,257.1700687289848,22512,
2023-12-22,260.7879638671875,263.5633462253848,256.7735358765747,260.58970930614527,8531,
2023-12-26,260.5897216796875,268.96547816634325,256.7735480689142,261.6800613183942,17883,
2023-12-27,256.9718322753906,263.5633891363347,253.8495190517228,257.7152416262355,19849,
2023-12-28,254.8406982421875,259.5985053665546,251.76793394339208,259.2020264810907,15195,
2023-12-29,253.6016998291016,256.7240128544783,247.8031012108864,254.840715335156,23420,
2024-01-01,254.59292602539065,258.4586485638085,248.79432709306204,248.79432709306204,11067,
2024-01-02,256.3275451660156,259.7967887348728,252.70961065510068,254.84072649364825,10945,
2024-01-03,253.15565490722656,262.57217322787073,251.7183998727002,262.57217322787073,8028,
2024-01-04,252.1644287109375,257.5665483950004,250.13245538908004,252.31311964587647,19698,
2024-01-05,254.8406982421875,262.621721148192,249.93418506754645,257.71520797355095,32192,
2024-01-08,251.47059631347656,270.5018723870684,248.79432571518583,270.5018723870684,24138,
2024-01-09,262.1261291503906,272.5834077856806,251.3219050033377,254.4937816326309,87235,
2024-01-10,261.8783264160156,269.5602224642782,260.6888594442659,269.5602224642782,22742,
2024-01-11,261.6800842285156,267.6273588700728,259.2516016501186,266.5370191359067,20857,
2024-01-12,271.84002685546875,274.4667339183207,258.7064612918044,260.2924073342788,45939,
2024-01-15,264.9510498046875,281.50430819627064,262.67127349299903,278.5306711378593,39198,
2024-01-16,257.1205139160156,268.46990902892134,249.3890685919764,264.95108653895886,51946,
2024-01-17,254.2459716796875,257.3187360617588,249.78551603618425,251.5201376753244,7908,
2024-01-18,253.84950256347656,257.1204913949726,247.90222814300964,254.3451087651821,12027,
2024-01-19,253.25477600097656,257.61610464543764,250.92542073934533,252.9574092468766,10048,
2024-01-23,248.9429931640625,255.7328042890595,248.001344390264,252.6104912168061,10037,
2024-01-24,245.8702545166016,254.2459968055275,240.2203465014192,247.8031157948611,15782,
2024-01-25,250.6280670166016,256.17886263109995,247.9022328554053,251.76795525231225,9845,
2024-01-29,251.3714599609375,254.7415759272151,247.85265306618567,254.7415759272151,9422,
2024-01-30,245.77110290527344,253.7008018261918,242.8470294531249,252.1148711168284,20357,
2024-01-31,244.33384704589844,251.66881246920147,242.4505496094208,251.66881246920147,13905,
2024-02-01,241.70713806152344,248.79430032775264,240.91416515506063,248.29869415180093,10391,
2024-02-02,233.0835876464844,243.7886844920528,230.30820505200805,241.7566960659749,28681,
2024-02-05,238.13877868652344,242.7479102886403,233.9261259938378,233.9261259938378,20136,
2024-02-06,252.56092834472656,261.3331492113505,236.0076839095396,240.86461873119336,53033,
2024-02-07,251.4210205078125,255.73280051994783,245.82067646878707,253.45300896324065,9257,
2024-02-08,242.25230407714844,249.38904544415388,237.9901028645269,247.80309955710803,39578,
2024-02-09,238.53526306152344,249.7359664436582,236.8997686167693,245.72155311370577,8833,
2024-02-12,224.5096130371093,245.325073848497,223.0227944077245,245.325073848497,15182,
2024-02-13,222.0811309814453,233.9261155890884,219.25616972212072,233.8269883037892,6363,
2024-02-14,219.7517852783203,222.92366192216872,215.63825988274044,222.92366192216872,10147,
2024-02-15,230.3577575683593,232.88535223368905,222.0315793910745,222.8245523424114,21481,
2024-02-16,232.24107360839844,237.89098139150647,227.5328146016916,230.35776093089493,9573,
2024-02-19,232.4888610839844,234.8182010453559,229.8621392662247,232.3897337985217,7410,
2024-02-20,229.7630310058593,236.85019342044671,227.97884571014424,232.53842867422733,7384,
2024-02-21,231.5967712402344,242.3514318315132,228.0284156745909,230.0108404748487,13831,
2024-02-22,230.80381774902344,233.5296519005057,228.12753211871623,233.33139731700047,4900,
2024-02-23,233.3313903808593,237.79184613250905,224.2618030690521,229.06918920682145,21025,
2024-02-26,229.4161071777344,236.8006365399617,226.98763982031747,233.430520426571,11960,
2024-02-27,229.31700134277344,240.269886575999,228.97007094297928,233.9261330846022,8469,
2024-02-28,222.0811309814453,232.9349032348973,221.08991862725424,232.43929705780167,11084,
2024-02-29,221.7342071533203,224.3113654001764,219.1570640311649,224.06356230431328,7579,
2024-03-01,221.4368438720703,229.0196277987392,220.14827985321628,223.27059285997936,7702,
2024-03-04,222.1307067871093,235.8589895695428,221.1394943786433,233.92612839797428,9816,
2024-03-05,224.2122497558593,227.97886003352752,217.62069311346625,227.87973274015408,9375,
2024-03-06,219.3057556152344,227.87973729901145,215.0435390348341,227.87973729901145,10597,
2024-03-07,215.3904571533203,225.74862368954703,211.6238470152285,219.3057431012614,6050,
2024-03-11,199.8779754638672,217.5215593018236,195.6157742211577,215.4895708461708,23469,
2024-03-12,202.30645751953125,207.9563651921756,194.5254341054336,200.2249054231724,81757,
2024-03-13,190.80838012695312,207.1633841378348,190.2632103016503,207.1633841378348,33826,
2024-03-14,194.7732391357422,197.15214287683264,190.3623469232572,196.260057755099,27444,
2024-03-15,196.9043426513672,198.24248547822577,193.2864233412701,198.24248547822577,22804,
2024-03-18,202.70294189453125,203.1985481094323,196.012257993367,196.012257993367,17856,
2024-03-19,204.58624267578125,208.0554862345982,201.6621689868616,202.0090993926239,18792,
2024-03-20,200.1257781982422,208.0554774255081,199.43193254079665,208.0554774255081,13872,
2024-03-21,202.20733642578125,207.16339859307985,200.27447520547508,207.16339859307985,13474,
2024-03-22,202.6038055419922,205.6270063426428,202.2073266376809,205.0322879861759,18696,
2024-03-26,203.5950164794922,213.01153407457028,203.19853757800072,203.34721338488487,61742,
2024-03-27,192.44387817382807,206.1721757328424,188.9250863127637,204.18975096618044,49874,
2024-03-28,196.6565399169922,202.00909610986287,192.3943385708987,195.26884856589683,21878,
2024-04-01,208.60064697265625,212.1194540246407,196.16092830281303,205.08183992067177,16865,
2024-04-02,211.82208251953125,217.6702446346529,206.271302267964,209.74054559695625,32141,
2024-04-03,213.1106719970703,217.9676068438672,212.31769902981537,212.86286889009696,20787,
2024-04-04,214.1514434814453,225.99642871596004,213.1106674295237,225.99642871596004,10978,
2024-04-05,217.7198028564453,222.229822410062,214.3992503112516,215.19222327529977,14733,
2024-04-08,210.38482666015625,222.6263055451504,208.25372610311385,222.6263055451504,5134,
2024-04-09,218.3641052246093,221.8829124384232,209.44319319647943,210.682208755942,9108,
2024-04-10,219.45440673828125,220.99078889520703,215.1426421201089,219.05792785087465,5502,
2024-04-12,207.31207275390625,222.4776258897618,205.2800993812897,222.4776258897618,15864,
2024-04-15,198.88674926757807,207.1633783271804,197.3999307628376,207.1633783271804,9581,
2024-04-16,203.6941375732422,211.8220758042661,197.0530178646508,197.0530178646508,16434,
2024-04-18,199.6797332763672,209.0962509972032,197.2512659417233,204.68535887922545,7076,
2024-04-19,203.8428192138672,205.5774408730529,196.3591778697118,199.6797302567614,10689,
2024-04-22,226.2442321777344,230.01084235393583,202.207331278238,203.94195299263453,81615,
2024-04-23,239.67515563964844,240.616804372293,226.9876341967254,229.5647924252584,129730,
2024-04-24,235.51206970214844,246.91101217690047,234.91733621880283,242.35142913711937,37463,
2024-04-25,236.20591735839844,237.89097540927395,232.04282831367632,236.7015235571677,14789,
2024-04-26,230.06040954589844,238.78306677300063,229.4656760419136,238.78306677300063,12217,
2024-04-29,232.8853454589844,236.1067856912583,230.75424489366804,234.4217276716244,6628,
2024-04-30,232.04283142089844,236.40415997858943,231.84457683897523,232.93491654074853,8308,
2024-05-02,222.1802520751953,239.8733993587701,220.14827876716475,239.8733993587701,16768,
2024-05-03,217.9676055908203,227.1363204961249,216.1834353306301,224.2618105216397,9617,
2024-05-06,218.9092712402344,222.0315843452084,217.1250858410916,222.0315843452084,5701,
2024-05-07,209.69097900390625,224.50960084725048,206.8164540683485,224.50960084725048,13809,
2024-05-08,212.9124298095703,218.0667313436621,208.2537344830777,210.384835125874,4389,
2024-05-09,203.64459228515625,218.1658635711863,199.2336999626644,211.92122218920724,8862,
2024-05-10,203.5950164794922,207.312062898602,201.46391591574948,205.9739352625428,11120,
2024-05-13,203.00030517578125,206.1226182263654,198.24248256918068,199.2336949820266,9465,
2024-05-14,207.80767822265625,211.3264853457005,203.8428285346517,204.83404095665284,4721,
2024-05-15,217.5711212158203,222.52718320251327,206.7173484899029,211.0291133435053,11996,
2024-05-16,217.9676055908203,219.05794530511545,213.2593465853936,219.05794530511545,2880,
2024-05-17,225.2530212402344,231.10116843707507,218.56233744101948,230.75425316675128,21953,
2024-05-21,224.5591735839844,227.2354440550028,223.02279132988275,227.2354440550028,8590,
2024-05-22,224.8069763183593,226.49203438071552,221.0899298022645,226.49203438071552,5396,
2024-05-23,222.1802520751953,225.9468621975046,221.5359700689467,223.81576160018923,3989,
2024-05-24,226.7398376464844,234.86777634264217,222.8741153168181,224.41048244482587,14098,
2024-05-27,228.1275329589844,233.4305254685539,225.50082608957968,226.7398416175444,19104,
2024-05-28,221.0403594970703,229.46566467969407,220.14827440996683,229.46566467969407,4313,
2024-05-29,216.6294708251953,219.85091109218607,211.2273663254894,219.85091109218607,7723,
2024-05-30,212.31768798828125,218.90925936579964,210.1370237852611,212.21857582546704,4834,
2024-05-31,208.7493438720703,212.7637421150436,207.16339793370207,212.6150663003785,7511,
2024-06-03,204.93316650390625,216.0347425108584,204.14019354811657,213.1602325614096,13592,
2024-06-04,190.1145477294922,208.20417463699,178.3191106985495,208.20417463699,28298,
2024-06-05,200.2248992919922,203.1985364101901,184.46462861542352,193.9802583188365,14389,
2024-06-06,199.82843017578125,208.00593265117155,196.40873522267523,200.9683184103491,7283,
2024-06-07,207.9563751220703,211.0291246435368,201.0178879691632,201.0674516166243,26090,
2024-06-10,215.0336151123047,217.76935582317395,207.6788211027216,210.83086919624267,7334,
2024-06-11,215.2417755126953,218.75067602365883,211.1282499324369,215.5292355904174,19297,
2024-06-12,216.4510498046875,218.730841379715,212.119456399426,214.68669291937863,6244,
2024-06-13,216.6096343994141,217.71978739542504,212.61504982480287,216.7682320059014,2660,
2024-06-14,212.28794860839844,220.74298880063225,209.2449345383324,216.9664721417544,10184,
2024-06-18,212.39698791503903,214.04240409839045,208.25372741989,213.4080287791671,8386,
2024-06-19,212.74392700195312,215.98518073253769,207.16339622544928,213.10076407890844,6231,
2024-06-20,212.0897216796875,217.15481772609365,208.15460718156467,213.9036422143767,14607,
2024-06-21,226.8885040283203,242.84702913568856,212.81329148702864,212.81329148702864,136225,
2024-06-24,227.35438537597656,232.83578878689173,222.22981903723223,224.0239110772825,16681,
2024-06-25,231.011962890625,241.4494284047559,228.2762220716489,228.57358882092268,75325,
2024-06-26,224.916015625,237.2962491685768,223.93470987657253,237.2962491685768,16851,
2024-06-27,218.6812744140625,231.94370113964385,217.79909598480145,225.88739278267624,22593,
2024-06-28,217.3927154541016,222.7254279947882,216.8772807602165,219.8509180234973,10145,
2024-07-01,226.0360565185547,228.1770788138685,215.09307888367275,215.09307888367275,28478,
2024-07-02,231.3787078857422,238.8821931632152,225.1836302622148,227.1363199391268,74894,
2024-07-03,233.8170928955078,237.3953702716044,228.0878864221024,232.52851374800773,39055,
2024-07-04,236.29513549804688,236.8006484029699,230.88310886279905,235.01647809161727,25800,
2024-07-05,235.04620361328125,238.08921784700823,229.9612791102916,236.7015265229473,17763,
2024-07-08,226.26405334472656,234.302786320506,225.3025761298593,233.3809509458176,5317,
2024-07-09,237.19712829589844,243.8382482935885,225.4116135666964,227.4832438348722,30799,
2024-07-10,233.3313903808593,240.8646105890813,226.29379149196595,240.6663711361704,11283,
2024-07-11,235.0561065673828,241.7170550667168,228.48436355360312,237.8909746199249,23334,
2024-07-12,252.055404663086,253.2547783701184,234.91734823373017,234.91734823373017,205384,
2024-07-15,246.4550628662109,257.7747072258007,239.8337709626684,257.10069001992224,90647,
2024-07-16,246.77224731445312,252.6600363028193,245.82067674958628,250.13245676664687,47739,
2024-07-18,242.73800659179688,249.7855274351333,238.8821909201077,249.7855274351333,22466,
2024-07-19,233.5018310546875,243.7233254339569,232.5463588884132,243.7233254339569,16017,
2024-07-22,231.90939331054688,236.2687096446816,228.84393958377845,228.91361623486472,11173,
2024-07-23,227.28135681152344,235.2634791088051,223.93722694829364,232.19802546861817,14787,
2024-07-24,233.98953247070312,234.9549519782994,228.2467822919872,228.2467822919872,10159,
2024-07-25,247.0177001953125,250.0632441418522,230.1079454028409,235.1738996194501,32997,
2024-07-26,247.8238677978516,250.86941169513145,244.8479853639048,248.32150608660223,27919,
2024-07-29,246.4404296875,253.2978845800573,244.83803381805143,250.16276949,31547,
2024-07-30,240.41900634765625,253.4173159505461,238.86637732491872,247.72433274269835,47740,
2024-07-31,246.6693420410156,251.048568071289,241.85220707575868,241.85220707575868,25069,
2024-08-01,246.19161987304688,252.8002558758768,242.2602803485408,249.61537379982303,32151,
2024-08-02,252.710678100586,258.72215710143604,239.8616539082415,239.8616539082415,83510,
2024-08-05,243.4745178222656,249.1774484482717,241.35457381927927,243.84276530195223,23409,
2024-08-06,243.87261962890625,255.238691557623,241.85220938274483,243.84276254638883,49264,
2024-08-07,242.1010284423828,254.7908048561151,234.8852732267311,245.13662505320696,22292,
2024-08-08,243.285400390625,250.06323121272536,239.86164665578835,243.34511455327905,13065,
2024-08-09,238.5976409912109,242.84747607480008,234.8952110426744,240.9564567210347,26288,
2024-08-12,235.8009185791016,239.65263397071965,232.49660832773392,237.97062935680827,11087,
2024-08-13,220.4239044189453,237.06492997835807,218.06510379445933,236.1393148659335,37100,
2024-08-14,219.4385681152344,222.5338787737868,214.18350917913529,221.54856471496504,8454,
2024-08-16,226.8334808349609,228.9235524657661,220.54332578595145,220.54332578595145,17654,
2024-08-19,232.04872131347656,232.6956601823244,226.2363099124084,228.01786343959284,9646,
2024-08-20,231.2425537109375,236.45780838425003,230.0283150854209,233.2928210071233,8084,
2024-08-21,226.35574340820312,235.67153272662304,221.05093264544308,231.48142686439888,20730,
2024-08-22,231.3520355224609,244.83803607533568,226.3557428917328,226.9230578259209,35034,
2024-08-23,230.7747802734375,233.442129457272,229.01315162670343,231.93925207248256,9058,
2024-08-26,227.4007873535156,233.6710328064597,225.0320394345883,233.6710328064597,9815,
2024-08-27,228.81407165527344,232.17811123762883,225.9277757490247,228.16714797561195,15491,
2024-08-28,230.86436462402344,232.55633179059984,227.4903775895584,230.00842614868964,7114,
2024-08-29,222.39454650878903,232.0785832817219,221.9466750896732,231.7003885121229,9296,
2024-08-30,223.9471740722656,226.12683217607216,220.9912014639136,223.45949827567804,7679,
2024-09-02,228.1372985839844,231.8994428365238,224.28558308417388,224.28558308417388,26989,
2024-09-03,227.18182373046875,233.6312268194687,226.0571715366545,229.31171497651388,8495,
2024-09-04,226.24627685546875,227.50031986464123,225.84815711601425,226.87329076669727,3941,
2024-09-05,225.84815979003903,230.90416664061,224.43486886835151,227.29130779419967,18538,
2024-09-06,225.42019653320312,226.83348744475333,222.44431411209231,226.72400641423167,8681,
2024-09-09,218.8513641357422,225.3107145353506,217.9755158953301,224.93250457940627,47573,
2024-09-10,221.56846618652344,227.86856872639808,219.9561229953561,219.9561229953561,17729,
2024-09-11,219.4286193847656,225.72872168803053,216.47264685416468,221.9466678090976,12897,
2024-09-12,227.2913055419922,233.6909417873049,217.7764639580266,220.135264570328,21743,
2024-09-13,228.97332763671875,231.6904284486904,223.0912394022628,225.93773102942387,9022,
2024-09-16,224.86282348632807,231.2027454321267,223.9372235851328,228.97332049455068,10765,
2024-09-17,221.5585174560547,228.91361068763663,220.57318818631217,224.8727902505902,7064,
2024-09-18,219.4783935546875,230.49609729181307,217.9854786991025,222.74289949062955,14029,
2024-09-19,263.3700866699219,263.3700866699219,243.9124414638221,248.8191477681873,987214,
2024-09-20,273.979736328125,280.46892870951655,243.8427626345912,262.75301769604926,650471,
2024-09-23,293.4772033691406,303.3602926227833,273.7010623764528,274.5968052331804,426611,
2024-09-24,289.1477355957031,301.8574367199176,284.7486302047717,293.6065855238562,104358,
2024-09-25,282.7779846191406,295.79621964312884,276.8063249792936,291.46676032955344,38302,
2024-09-26,278.7570495605469,283.653823670323,269.7199516303773,278.82672621036994,44821,
2024-09-27,280.9267883300781,293.6066027425816,276.1892619019199,276.1892619019199,34478,
2024-09-30,268.4858093261719,285.6443671675399,263.748283273164,280.92676608434,23725,
2024-10-01,283.8031005859375,288.63019790138804,268.77441868948966,268.77441868948966,26912,
2024-10-03,269.8194885253906,291.11840139000753,268.72467820616083,283.60407531546696,26504,
2024-10-04,266.734130859375,277.58263980844686,262.95209189954755,271.1631239129425,31462,
2024-10-07,260.2150573730469,273.2034037632392,248.8688959735832,273.2034037632392,29844,
2024-10-08,265.5895690917969,270.5161700805342,258.87145198343825,263.748301291116,23711,
2024-10-09,276.0897216796875,278.47837943560864,265.73885115507494,268.0777572305643,15101,
2024-10-10,281.51397705078125,293.0094090052591,279.4736419078583,282.65853900375134,71259,
2024-10-11,318.9364013671875,330.2327665757669,278.1798120966742,284.64911005241083,455974,
2024-10-14,334.3133850097656,349.6904197618608,325.6047152509417,328.4412594756446,494017,
2024-10-15,324.2113342285156,334.01481426222193,323.4648768204684,331.4270891729723,66781,
2024-10-16,322.56915283203125,327.446002107888,313.5121296777651,322.7681899284027,59014,
2024-10-17,312.9149475097656,324.6094472063856,309.5310132467064,322.4696086557327,39452,
2024-10-18,311.86993408203125,317.244421740358,303.55936825351904,312.5168578085409,46961,
2024-10-21,298.6327209472656,316.0500608212572,292.3127390631616,313.5121177318477,61434,
2024-10-22,280.4191589355469,301.5190332656943,278.67742502911494,296.64215402894166,42230,
2024-10-23,282.40972900390625,291.11839906129546,278.67744183645374,281.66327157041576,27554,
2024-10-24,276.9356994628906,286.63964580525607,273.90011814106106,286.63964580525607,21213,
2024-10-25,271.1631164550781,277.48309844130773,264.7435703627005,276.88595679186585,28379,
2024-10-28,275.0944519042969,283.6538369175479,269.4711450716705,272.0588703603416,23126,
2024-10-29,271.2626037597656,278.4783585399573,268.82419450637894,278.3290731364322,8215,
2024-10-30,279.72247314453125,289.7747727665166,271.76026043379926,271.76026043379926,28742,
2024-10-31,280.31964111328125,285.1467385739487,276.6371360119518,277.93098340933744,12386,
2024-11-01,287.6349182128906,289.6254712801079,279.77223967206845,289.6254712801079,6231,
2024-11-04,280.3694152832031,287.18703532761424,277.4333373218156,287.0875319717135,16771,
2024-11-05,286.0922546386719,288.63019767575923,279.5731750533168,281.56372814073575,13204,
2024-11-06,287.833984375,297.6374338882291,283.65381080326443,293.4075086394085,24630,
2024-11-07,275.044677734375,290.6207495011008,272.058848116213,290.6207495011008,55889,
2024-11-08,266.734130859375,277.63242186289006,264.544510173097,273.70106711316464,19286,
2024-11-11,262.7032775878906,266.73413577390704,259.76719939175274,264.09665878963506,13106,
2024-11-12,253.1486053466797,268.47585867356105,250.9092330315156,268.2270395274317,17274,
2024-11-13,248.9684295654297,258.67237618742104,244.63898556918585,253.84529390287,14627,
2024-11-14,233.84022521972656,248.321502235109,231.94920582649,246.82858739201217,33202,
2024-11-18,233.7904663085937,238.667330740666,226.7240115895406,233.84023317573323,21290,
2024-11-19,235.48243713378903,247.47550737774847,229.3117103919977,238.21944763849123,17193,
2024-11-21,229.1624298095703,237.87109978061804,226.2263669709601,233.84022664239004,8722,
2024-11-22,232.69566345214844,232.8947157273929,226.67423720903307,230.65534346078337,7430,
2024-11-25,235.88055419921875,238.61756484920969,233.2430772839137,233.69094871656915,18899,
2024-11-26,235.781005859375,242.8474753563143,233.8899865112044,236.72653072017508,18815,
2024-11-27,236.1791381835937,241.1057542738273,233.8899989859625,233.8899989859625,14801,
2024-11-28,233.59141540527344,243.3451291402631,231.7501628039716,237.67205554734247,23189,
2024-11-29,239.4635467529297,242.64842871213853,232.2975433613159,233.6411727939223,12116,
2024-12-02,245.3157653808593,248.62009089176647,237.1246434400176,242.5488977237578,16064,
2024-12-03,244.2408599853516,249.1774383694531,242.4991260179308,245.3157604847942,11487,
2024-12-04,257.87615966796875,262.13594207857864,244.9972787066506,247.61484570099023,30468,
2024-12-05,260.085693359375,265.738857265512,257.76668182804843,257.87617805032,18774,
2024-12-06,256.0050354003906,261.2899514509017,251.80496714454443,261.2899514509017,10969,
2024-12-09,248.2816925048828,257.8562327791707,246.0522675866797,254.4225469380941,32502,
2024-12-10,248.45089721679688,252.6011987278401,244.83803837613183,248.82909198976105,15470,
2024-12-11,255.28843688964844,256.53253258599176,246.9281198849073,246.9281198849073,21653,
2024-12-12,250.2224884033203,260.76246373147154,249.41631680410129,255.28844254626887,17727,
2024-12-13,247.127182006836,254.61166626656936,246.08213854292023,249.73480183053465,11772,
2024-12-16,246.6195678710937,253.49693242701127,246.1816589490794,250.4215315544108,7632,
2024-12-17,247.1371154785156,252.25283629204952,246.6096201266957,246.6096201266957,8108,
2024-12-18,244.8181304931641,250.9191808281125,243.34512539743537,247.823870036652,12121,
2024-12-19,248.0726776123047,250.8096880974956,233.93975378066176,233.93975378066176,6498,
2024-12-20,239.961181640625,251.2376515577845,233.88998862710773,248.16225067128647,17290,
2024-12-23,226.93299865722656,243.9223765025457,223.93722173588824,243.9223765025457,34447,
2024-12-24,234.92507934570312,237.2540381054733,228.91361543131387,230.62549237904184,10300,
2024-12-26,231.4117431640625,237.7715596558752,227.9282752693076,237.7715596558752,13961,
2024-12-27,226.95291137695312,232.9046609171542,225.9277777413459,232.6658042637094,5752,
2024-12-30,223.6884155273437,226.91311717391,221.2997577654756,226.1965168080064,9045,
2024-12-31,229.988510131836,231.8994393114818,219.9561205486588,221.7973882659467,6543,
2025-01-01,231.10321044921875,233.88998780939707,228.13729060076696,231.8994347216576,2874,
2025-01-02,238.4483642578125,239.2545358557061,229.062898234976,233.6909434323405,5733,
2025-01-03,242.7479553222656,243.84276565089468,233.98953344009576,239.77208802422825,7272,
2025-01-06,238.21945190429688,290.6207569761703,233.88999277191783,290.6207569761703,203908,
2025-01-07,243.87261962890625,249.59545997438272,238.4284555114027,238.4284555114027,12055,
2025-01-08,244.0816345214844,248.8191455862286,235.07437841391985,242.857433390765,18614,
2025-01-09,237.0052185058593,247.82387014606093,230.25724446139785,245.7337832388176,17853,
2025-01-10,228.1870574951172,238.7668368308691,224.305469861489,236.8758174719554,12062,
2025-01-13,215.38780212402344,228.66478767431693,212.989181990441,228.66478767431693,9117,
2025-01-14,229.0330352783203,232.8947131596913,217.5276407674852,219.2594274351208,5641,
2025-01-15,226.85337829589844,229.9984558601162,226.0372594164355,229.4112463364311,2410,
2025-01-16,223.3201599121093,231.89943901952049,222.94194995868065,228.1074377469727,6375,
2025-01-17,226.31593322753903,229.6998674098522,223.9372228896465,224.4846280273864,2596,
2025-01-20,226.56475830078125,229.90888819102847,225.0320390616625,228.71455934166488,1920,
2025-01-21,221.419174194336,241.74271942204624,219.9561164581612,234.71606944380017,14915,
2025-01-22,219.9859771728516,224.26566942463376,213.98446072195887,224.26566942463376,9289,
2025-01-23,218.5030059814453,223.9471698968921,216.97028678448007,221.9566168071263,2886,
2025-01-24,219.8964080810547,222.05615641825355,217.9755164014572,218.46320738858543,1274,
2025-01-27,202.9070281982422,218.94093424821943,201.0657756672768,217.31864377622304,8823,
2025-01-28,208.331298828125,211.5261281118245,192.5959635066764,211.5261281118245,12174,
2025-01-29,224.6836853027344,238.657361640072,208.99813205291488,208.99813205291488,12673,
2025-01-30,220.20494079589844,229.18233969667136,219.9163172731681,224.73345222023056,4983,
2025-01-31,211.63560485839844,221.9566178159984,208.978218293888,221.9566178159984,15251,
2025-02-01,213.62615966796875,217.95561876724548,210.9986301639616,216.5323653931043,2515,
2025-02-03,208.7393493652344,213.0986655721663,207.0175251630336,209.3763257582674,3477,
2025-02-04,222.7727508544922,226.92305222407944,209.0080744169153,209.0080744169153,9031,
2025-02-05,227.7491455078125,228.91361730386544,218.9608513341321,221.249990544514,5302,
2025-02-06,224.73345947265625,229.38139937546256,223.93723515476285,226.7339599728212,870,
2025-02-07,221.1205902099609,225.52967324187463,220.9513950181636,225.52967324187463,577,
2025-02-10,208.39100646972656,230.70510463822583,205.644033504248,224.733445407832,9885,
2025-02-11,200.5084228515625,210.6104738806166,199.0553123889684,208.9881682248977,20704,
2025-02-12,198.32876586914065,199.05531351117617,190.5058914406828,197.5922557419318,4814,
2025-02-13,196.94532775878903,201.9416050846797,196.06947953866447,201.3942151338168,5791,
2025-02-14,184.6934814453125,200.1600727497904,179.51803110221505,198.7666916184736,17756,
2025-02-17,183.3797149658203,194.92492968964376,175.36773523661907,179.14978938316233,5483,
2025-02-18,178.2639923095703,186.1067767718684,175.41750062808006,183.55885592079807,7456,
2025-02-19,182.2251892089844,188.10727756495425,179.34884043993068,188.0973302661632,39007,
2025-02-20,184.82286071777344,188.10727651974707,181.68774551713057,185.6290323301264,10349,
2025-02-21,184.414794921875,189.1125016987477,182.6531662705845,185.6788004588287,48975,
2025-02-24,189.0826416015625,193.9794005834566,183.12094456948384,187.8285985701179,22324,
2025-02-25,185.9773864746093,189.1125016965168,181.63797988201424,187.0920914092048,9889,
2025-02-27,174.2331085205078,190.08787168687624,173.1781178188421,188.4257616888368,72477,
2025-02-28,166.73867797851562,177.15922459520445,159.24424682715005,174.17339496719538,20913,
2025-03-03,163.44432067871094,168.2415458824312,159.24425230912067,168.2017415015087,20078,
2025-03-04,160.88644409179688,167.15668923275155,160.0106110773059,164.18082214434423,9302,
2025-03-05,166.0718536376953,168.022602450614,159.44330785467602,159.44330785467602,14300,
2025-03-06,166.43014526367188,172.18284248553462,163.23530086834643,172.18284248553462,36576,
2025-03-07,173.32740783691406,174.0738652611673,168.19179229995538,168.19179229995538,9826,
2025-03-10,169.6150360107422,174.17340465204148,169.19702166198317,174.17340465204148,72619,
2025-03-11,165.82302856445312,173.16817445008604,164.22063269253013,169.2169252849104,22261,
2025-03-12,163.4343719482422,172.12313213645243,163.22535718676298,164.4196860312743,40922,
2025-03-13,196.11924743652344,196.11924743652344,163.22535438449933,166.21118403787432,258793,
2025-03-17,203.2653350830078,218.9509039658224,197.0647661381142,218.9509039658224,555386,
2025-03-18,203.2653350830078,203.2653350830078,203.2653350830078,203.2653350830078,0,
2025-03-19,198.5079040527344,201.7425528270776,194.07892646059204,196.06947955249555,37010,
2025-03-20,202.05108642578125,208.1819936027384,201.0458625800981,202.0411391275244,53970,
2025-03-21,200.30935668945312,205.02697309089805,199.05531368048355,202.459157722014,19631,
2025-03-24,193.37228393554688,207.0175328039629,193.08366040369623,207.0175328039629,56488,
2025-03-25,186.48497009277344,199.9411138623624,184.08636504912155,194.19836367702945,31351,
2025-03-26,189.530517578125,193.52158650425903,181.259771377789,187.11200270512387,28828,
2025-03-27,182.6432037353516,188.58500626323817,181.00100341701165,186.1167245429701,32490,
2025-03-28,181.8270721435547,194.3675473404228,179.39859497449714,182.93182970204515,44354,
2025-04-01,183.1707000732422,187.48024960403143,180.4834562716396,182.13561908409952,10376,
2025-04-02,186.1764373779297,188.2864188989812,182.77259324640264,185.9276182292504,5502,
2025-04-03,198.78659057617188,201.0458727048884,186.89303827280503,186.90298557156288,26048,
2025-04-04,187.25132751464844,202.6383094958777,183.021402222212,199.24441285172304,22184,
2025-04-07,175.8155975341797,179.13983277296174,166.2111848439319,166.2111848439319,21619,
2025-04-08,181.9763641357422,186.10677100695585,178.194310138182,178.9905344303076,4265,
2025-04-09,175.5767364501953,182.81238589496343,174.1733928969002,182.81238589496343,5686,
2025-04-11,178.06494140625,183.0313619557675,173.6060912723778,180.045532134716,8741,
2025-04-15,182.4839630126953,190.10776990627127,179.15972776654888,179.15972776654888,16074,
2025-04-16,187.6394958496093,190.2869352457164,182.13561747632755,182.13561747632755,6083,
2025-04-17,191.18267822265625,192.13815043967904,188.6248252607792,189.1025537759328,5431,
2025-04-21,189.5504150390625,194.06897905985744,186.16648085929964,194.06897905985744,12617,
2025-04-22,198.7069549560547,200.44868889947463,188.0774088081205,189.0428282659819,16239,
2025-04-23,191.1727294921875,200.44869942663624,189.10255235973816,200.44869942663624,15067,
2025-04-24,190.11773681640625,194.4571433184388,189.1025504511775,192.8547474150417,5796,
2025-04-25,183.6384735107422,190.21725221177925,181.1403348002204,190.21725221177925,15558,
2025-04-28,182.4939117431641,185.21101251597352,180.13511114157131,184.1460744874808,8243,
2025-04-29,185.4996490478516,189.0030115845088,182.16546651630247,184.54417687358097,4898,
2025-04-30,178.89102172851562,185.7086573332432,176.26349210938014,185.7086573332432,3780,
2025-05-02,179.73699951171875,182.63325809415448,177.98531814380996,182.63325809415448,1957,
2025-05-05,176.81088256835938,182.15552825706635,174.08383439378517,176.36301113404832,8553,
2025-05-06,170.2420654296875,180.3540793282626,169.29655569723977,180.3540793282626,9676,
2025-05-07,174.09378051757812,175.86537164522704,168.11217363707507,170.60036512947136,6042,
2025-05-08,173.52647399902344,178.16445121838993,172.18284457075063,172.18284457075063,4598,
2025-05-09,166.8382110595703,171.17761737622712,165.22585273974076,169.19701159678857,11406,
2025-05-12,181.4090576171875,184.81290153191887,169.296544053348,169.296544053348,7683,
2025-05-13,183.947021484375,185.9176648249181,180.06543378042116,182.28489626147228,8535,
2025-05-14,185.1114959716797,187.5598678458544,183.1209428182364,184.1261666935077,9530,
2025-05-15,190.35659790039065,191.77985134185008,184.24560015652017,186.0072439986817,6747,
2025-05-16,194.3874664306641,195.26331468090643,188.4954308988413,191.98884622779647,6859,
2025-05-19,195.0045318603516,198.54772922074423,192.08837878806287,192.08837878806287,5399,
2025-05-20,191.6703643798828,197.31358073018907,191.10304944326725,195.34293736660163,7463,
2025-05-21,193.8101959228516,195.0742013779377,186.6143508079761,190.5158330131291,6584,
2025-05-22,192.34713745117188,194.5765623540572,189.10254141826525,194.1884051133514,3813,
2025-05-23,193.0438537597656,193.9794009959796,190.7148950011078,192.8646960767693,1542,
2025-05-26,188.5651092529297,195.7211351717134,187.1219460493631,193.13342515208427,12808,
2025-05-27,185.0517578125,187.3210022711964,184.12615792982712,185.63898250671983,10148,
2025-05-28,184.45460510253903,191.37177409777,183.13088546670545,189.00301104557144,13704,
2025-05-29,178.8014373779297,186.51483112553765,177.7564090840781,186.51483112553765,17010,
2025-05-30,184.60389709472656,185.07167830552908,179.66733372802804,180.6427005309561,20030,
2025-06-02,185.26077270507807,189.09259342064345,181.2398622056344,189.09259342064345,7247,
2025-06-03,193.80026245117188,203.03642816450213,180.34411844994992,184.89253984110184,58358,
2025-06-04,186.28591918945312,196.6268424443193,181.7375130296761,193.80026054831967,14346,
2025-06-05,187.2612762451172,190.9836159981494,184.49440865936847,186.28590948132825,7878,
2025-06-06,191.48126220703125,195.5619022935656,188.3162899460018,188.3162899460018,12258,
2025-06-09,189.8788604736328,195.4723098684692,188.30632168997352,191.49120363744768,14811,
2025-06-10,192.56610107421875,193.5812873992353,187.5996808496433,189.1025429606925,12907,
2025-06-11,192.32725524902344,193.7704032786624,188.71439633882963,192.5661119130259,11599,
2025-06-12,192.7353057861328,194.07893525876432,189.4807622677672,193.9097400606882,13469,
2025-06-13,189.4707946777344,190.7447474650453,185.99728918797737,189.3513663497725,6332,
2025-06-16,190.1475982666016,192.98412747649508,187.1120015864987,188.5252925420334,4059,
2025-06-17,189.77932739257807,195.07420598757847,189.09259932221764,194.1784631572196,13121,
2025-06-18,186.26600646972656,192.88460485998368,185.3204967530371,189.1025508065104,14813,
2025-06-19,182.34461975097656,192.88459455929984,182.1356049975135,189.98833621206887,4685,
2025-06-20,179.5677947998047,186.0470397261722,176.16395079332256,186.0470397261722,14106,
2025-06-23,182.6929626464844,194.0689816071128,177.06965616570392,186.06694957229567,37703,
2025-06-24,190.595458984375,193.0836503549282,182.0261272967212,183.3498469282613,20233,
2025-06-25,192.47653198242188,192.8646892306338,189.10254507512897,189.10254507512897,7682,
2025-06-26,192.06846618652344,193.9793953582233,190.11773263460103,192.98411879879325,43537,
2025-06-27,190.18739318847656,193.1632755541792,187.61957785500329,192.08837505272183,8428,
2025-06-30,199.25436401367188,206.9677573435688,192.98411865654168,192.98411865654168,95336,
2025-07-01,201.1652984619141,203.9819330193304,196.08939699141573,202.93688956793744,9192,
2025-07-02,202.56863403320312,207.9630310858768,197.67187525313827,203.03641522439256,19556,
2025-07-03,199.6126708984375,204.3999488769654,198.06004184450583,201.0558189197604,14587,
2025-07-04,208.2218170166016,210.9986319530746,198.7368173725934,201.3344898168428,61952,
2025-07-07,208.7294006347656,213.43705449451951,205.41512787936333,207.81374802523248,26874,
2025-07-08,199.6922912597656,209.2967041270592,194.1286988542492,208.72940437680109,23788,
2025-07-09,201.4837951660156,202.14068135975964,197.1841930106536,200.87667583907927,5583,
2025-07-10,202.56863403320312,205.10659226085104,198.09983687795872,198.09983687795872,8526,
2025-07-11,201.10557556152344,203.613676698582,198.8462935598596,201.04586139890307,5012,
2025-07-14,204.9473419189453,207.4156234693,201.10557389285967,201.10557389285967,15426,
2025-07-15,204.7781524658203,209.38628780390084,202.54872750152663,205.7236621616123,9157,
2025-07-16,215.65652465820312,218.97079753186551,203.23547704271127,203.6236343061105,39447,
2025-07-17,210.7100067138672,217.7665138631836,205.5942858147324,215.64656993552325,19073,
2025-07-18,210.69000244140625,215.0,205.3699951171875,210.1000061035156,29231,
2025-07-21,204.5500030517578,208.8800048828125,202.0,208.0,16678,
2025-07-22,203.82000732421875,205.88999938964844,201.1999969482422,205.4900054931641,10093,
2025-07-23,203.1300048828125,204.44000244140625,201.1499938964844,203.1100006103516,6195,
2025-07-24,200.33999633789065,204.3500061035156,199.22000122070312,203.3000030517578,4752,
2025-07-25,198.9199981689453,202.8999938964844,195.009994506836,199.4600067138672,10350,
2025-07-28,190.3000030517578,201.42999267578125,188.1000061035156,200.7400054931641,6681,
2025-07-29,193.57000732421875,194.8999938964844,189.08999633789065,192.42999267578125,7130,
2025-07-30,192.259994506836,197.9900054931641,190.3699951171875,194.009994506836,5122,
2025-07-31,186.1199951171875,190.7100067138672,184.3000030517578,190.259994506836,11006,
2025-08-01,186.19000244140625,187.9900054931641,185.0,187.4900054931641,7884,
2025-08-04,181.7100067138672,189.8800048828125,177.61000061035156,188.9499969482422,17675,
2025-08-05,183.6199951171875,188.0,180.509994506836,180.509994506836,16551,
2025-08-06,183.0500030517578,185.4600067138672,182.0,183.5,3664,
2025-08-07,183.6499938964844,185.8500061035156,179.14999389648438,185.8500061035156,15425,
2025-08-08,180.69000244140625,188.88999938964844,177.60000610351562,183.1000061035156,15000,
2025-08-11,185.9100036621093,197.0,181.2700042724609,183.8500061035156,37897,
2025-08-12,185.7899932861328,193.8000030517578,183.4199981689453,185.83999633789065,15622,
2025-08-13,202.259994506836,217.8999938964844,186.5,187.8999938964844,156170,
2025-08-14,202.97999572753903,207.0,192.8500061035156,202.75,17954,
2025-08-18,194.2400054931641,207.8000030517578,191.2100067138672,202.5,18961,
2025-08-19,196.3000030517578,197.69000244140625,194.0,196.4900054931641,2896,
2025-08-20,207.2899932861328,212.94000244140625,194.8500061035156,196.0399932861328,49615,
2025-08-21,206.42999267578125,211.0,204.009994506836,205.5,10903,
2025-08-22,202.6499938964844,209.38999938964844,201.0200042724609,206.0,12264,
2025-08-25,209.4499969482422,212.0,201.0,201.0,37459,
2025-08-26,203.4100036621093,210.88999938964844,202.3000030517578,209.4499969482422,2736,
2025-08-28,201.2400054931641,206.0,200.509994506836,201.0,1375,
2025-08-29,198.3500061035156,206.7700042724609,196.3000030517578,206.7700042724609,2088,
2025-09-01,201.72999572753903,205.8300018310547,199.3000030517578,200.4600067138672,7689,
2025-09-02,200.88999938964844,206.77999877929688,198.8500061035156,202.0,9676,
2025-09-03,199.9900054931641,205.88999938964844,195.8600006103516,199.0,17992,
2025-09-04,195.47999572753903,204.8699951171875,190.8099975585937,200.8999938964844,26167,
2025-09-05,203.1499938964844,209.8999938964844,195.0,196.27999877929688,6265,
2025-09-08,200.3099975585937,204.77999877929688,198.5500030517578,201.0,25073,
2025-09-09,202.6300048828125,205.0,198.0,200.3999938964844,9527,
2025-09-10,200.7400054931641,207.4600067138672,196.5,202.009994506836,16246,
2025-09-11,203.7899932861328,223.44000244140625,199.0,199.0,82442,
2025-09-12,204.0500030517578,209.25,203.0,203.8999938964844,15909,
2025-09-15,201.57000732421875,210.0,199.57000732421875,206.8999938964844,11060,
2025-09-16,206.07000732421875,207.0,202.1000061035156,204.8000030517578,13400,
2025-09-17,205.22000122070312,207.5800018310547,204.1499938964844,205.6100006103516,13164,
2025-09-18,205.44000244140625,209.1000061035156,204.1999969482422,206.3500061035156,11812,
2025-09-19,205.3099975585937,208.5,201.2100067138672,204.7400054931641,14053,
2025-09-22,205.97999572753903,206.9499969482422,201.0200042724609,205.3099975585937,6577,
2025-09-23,203.3999938964844,206.8999938964844,200.8000030517578,204.8300018310547,3808,
2025-09-24,200.2400054931641,204.7400054931641,200.0,203.88999938964844,4185,
2025-09-25,200.8000030517578,204.5500030517578,198.44000244140625,201.4100036621093,8702,
2025-09-26,191.0800018310547,201.1499938964844,185.1000061035156,199.1999969482422,11617,
2025-09-29,189.3699951171875,194.22999572753903,186.6000061035156,193.9900054931641,19740,
2025-09-30,189.0599975585937,193.9199981689453,188.0,189.3999938964844,17849,
2025-10-01,187.52999877929688,193.8699951171875,186.8999938964844,193.25,22650,
2025-10-03,200.3800048828125,203.8000030517578,186.9600067138672,187.52999877929688,59604,
2025-10-06,193.3699951171875,202.1999969482422,191.7100067138672,202.1999969482422,5980,
2025-10-07,189.27999877929688,193.88999938964844,188.5200042724609,192.3999938964844,3701,
2025-10-08,188.58999633789065,196.0200042724609,187.3800048828125,192.2100067138672,15984,
2025-10-09,188.0500030517578,192.0,186.1300048828125,190.0,6637,
2025-10-10,196.57000732421875,199.0,188.4100036621093,189.759994506836,27535,
2025-10-13,187.0399932861328,197.8999938964844,184.8000030517578,197.8999938964844,24827,
2025-10-14,185.1300048828125,188.88999938964844,183.4100036621093,188.88999938964844,5168,
2025-10-15,184.75,188.0500030517578,183.0,186.08999633789065,7075,
2025-10-16,191.4600067138672,192.19000244140625,185.6499938964844,187.17999267578125,9316,
2025-10-17,188.58999633789065,191.1100006103516,188.0,191.1100006103516,1987,
2025-10-20,184.32000732421875,191.0599975585937,182.5,187.9499969482422,10411,
2025-10-21,190.759994506836,194.8600006103516,185.1199951171875,189.8999938964844,2489,
2025-10-23,189.0200042724609,194.009994506836,186.32000732421875,188.0,8575,
2025-10-24,186.97999572753903,189.1999969482422,186.3099975585937,189.1999969482422,2605,
2025-10-27,187.509994506836,188.3800048828125,186.47000122070312,188.25,1563,
2025-10-28,185.6300048828125,191.0,183.3699951171875,191.0,6107,
2025-10-29,186.08999633789065,186.4199981689453,183.5,183.5,4553,
2025-10-30,192.0599975585937,199.8999938964844,185.9199981689453,186.3999938964844,18332,
2025-10-31,194.2100067138672,197.0,189.2100067138672,194.8999938964844,16831,
2025-11-03,195.9499969482422,199.4499969482422,194.2100067138672,194.2100067138672,7351,
2025-11-04,191.25,195.1199951171875,191.009994506836,195.1199951171875,1718,
2025-11-06,195.92999267578125,197.0,189.1999969482422,189.1999969482422,9852,
2025-11-07,194.4600067138672,200.8999938964844,192.9100036621093,195.9199981689453,8598,
2025-11-10,190.52999877929688,194.8999938964844,187.2400054931641,194.0,4481,
2025-11-11,187.8099975585937,191.0,187.5,189.0,2843,
2025-11-12,187.4499969482422,189.97999572753903,185.3699951171875,188.58999633789065,6490,
2025-11-13,187.9199981689453,190.8999938964844,185.5,188.94000244140625,5416,
2025-11-14,184.8600006103516,193.13999938964844,183.6000061035156,190.8999938964844,6970,
2025-11-17,187.72000122070312,188.5,184.0500030517578,184.0500030517578,2793,
2025-11-18,186.0,188.3300018310547,185.1600036621093,187.3099975585937,2853,
2025-11-19,184.3699951171875,187.13999938964844,183.6000061035156,185.07000732421875,2626,
2025-11-20,185.5200042724609,186.88999938964844,182.009994506836,183.6300048828125,3266,
2025-11-21,185.13999938964844,187.0200042724609,183.0800018310547,185.52999877929688,2989,
2025-11-24,182.8999938964844,185.0,180.10000610351562,185.0,3954,
2025-11-25,179.75999450683594,185.1699981689453,178.0,182.009994506836,14708,
2025-11-26,174.77999877929688,181.5200042724609,173.5500030517578,181.5200042724609,11663,
2025-11-27,173.24000549316406,174.11000061035156,172.00999450683594,173.89999389648438,5244,
2025-11-28,186.6999969482422,188.8999938964844,171.99000549316406,173.88999938964844,13643,
2025-12-01,182.3500061035156,188.8999938964844,180.3699951171875,187.3000030517578,11559,
2025-12-02,181.6100006103516,184.9900054931641,181.0200042724609,183.88999938964844,4853,
2025-12-03,182.19000244140625,183.69000244140625,180.0,180.7100067138672,1218,
2025-12-04,183.44000244140625,183.44000244140625,181.0,181.27999877929688,950,
2025-12-05,176.9199981689453,182.509994506836,176.0,182.509994506836,6844,
2025-12-08,169.14999389648438,177.0,168.16000366210938,177.0,4809,
2025-12-09,170.22000122070312,175.14999389648438,169.02000427246094,171.99000549316406,6146,
2025-12-10,168.97000122070312,172.0500030517578,168.10000610351562,172.0500030517578,1572,
2025-12-11,169.72000122070312,172.5,169.1999969482422,170.75,2759,
2025-12-12,168.49000549316406,174.38999938964844,167.1199951171875,170.0,7935,
2025-12-15,168.27000427246094,173.0,167.0,173.0,5694,
2025-12-16,172.5,174.94000244140625,168.0,173.0,2350,
2025-12-17,167.83999633789062,170.89999389648438,165.1999969482422,170.00999450683594,2478,
2025-12-18,168.6300048828125,169.92999267578125,165.0,166.0,2137,
2025-12-19,169.5,171.49000549316406,166.89999389648438,169.11000061035156,4249,
2025-12-22,172.44000244140625,173.0,165.1999969482422,165.1999969482422,3585,
2025-12-23,172.11000061035156,177.5,170.11000061035156,171.5800018310547,6188,
2025-12-24,175.8800048828125,177.0,171.3000030517578,175.97999572753906,2382,
2025-12-26,173.91000366210938,179.89999389648438,171.10000610351562,177.85000610351562,1055,
2025-12-29,169.67999267578125,175.89999389648438,168.11000061035156,171.00999450683594,1320,
2025-12-30,168.66000366210938,172.97999572753906,168.05999755859375,169.00999450683594,831,
2025-12-31,168.27000427246094,172.89999389648438,167.10000610351562,172.89999389648438,3079,
2026-01-01,171.6999969482422,171.89999389648438,166.14999389648438,166.14999389648438,1904,
2026-01-02,169.41000366210938,171.97000122070312,168.30999755859375,170.0,1511,
2026-01-05,169.14999389648438,172.7899932861328,166.25,168.11000061035156,7165,
2026-01-06,170.1199951171875,171.0,167.50999450683594,168.0,6864,
2026-01-07,168.33999633789062,170.1199951171875,166.0,170.0,2755,
2026-01-08,163.64999389648438,170.0,161.8000030517578,168.0,4214,
2026-01-09,161.32000732421875,168.89999389648438,160.99000549316406,168.85000610351562,4568,
2026-01-12,161.5399932861328,161.99000549316406,155.3699951171875,155.3699951171875,2946,
2026-01-13,161.39999389648438,164.4499969482422,158.50999450683594,158.50999450683594,542,
2026-01-14,162.8000030517578,166.97999572753906,160.00999450683594,166.97000122070312,1749,
2026-01-16,163.05999755859375,163.88999938964844,159.02999877929688,163.88999938964844,2218,
2026-01-19,158.5,164.39999389648438,156.02999877929688,164.39999389648438,4019,
2026-01-20,156.75999450683594,158.5,155.10000610351562,157.0,2209,
2026-01-21,159.32000732421875,161.0,155.10000610351562,159.85000610351562,4184,
2026-01-22,159.97999572753906,164.7899932861328,158.02000427246094,164.7899932861328,2218,
2026-01-23,160.0,163.8300018310547,159.30999755859375,160.0,2842,
2026-01-27,159.25999450683594,162.99000549316406,156.00999450683594,157.60000610351562,478,
2026-01-28,157.85000610351562,163.69000244140625,155.0,163.69000244140625,4906,
2026-01-29,154.5800018310547,160.0,153.14999389648438,155.16000366210938,3033,
2026-01-30,155.72000122070312,157.89999389648438,152.11000061035156,155.0,4979,
2026-02-02,151.72000122070312,155.8000030517578,148.25999450683594,150.5,4176,
2026-02-03,154.8800048828125,157.9499969482422,146.0,153.11000061035156,5562,
2026-02-04,156.2100067138672,159.64999389648438,154.1999969482422,154.1999969482422,5618,
2026-02-05,154.64999389648438,162.0,154.1999969482422,162.0,1805,
2026-02-06,156.22000122070312,159.8000030517578,154.25,159.8000030517578,2703,
2026-02-09,159.94000244140625,160.99000549316406,155.22999572753906,156.14999389648438,7491,
2026-02-10,160.55999755859375,168.83999633789062,159.0,159.94000244140625,15278,
2026-02-11,156.39999389648438,162.99000549316406,155.55999755859375,162.99000549316406,13279,
2026-02-12,154.4199981689453,157.0500030517578,153.5,156.8699951171875,4883,
2026-02-13,151.72999572753906,154.99000549316406,149.97999572753906,153.0,5737,
2026-02-16,152.3000030517578,162.47999572753906,150.0,162.47999572753906,2801,
2026-02-17,153.47000122070312,154.4499969482422,150.11000061035156,154.4499969482422,1626,
2026-02-18,153.77000427246094,154.99000549316406,150.0399932861328,154.99000549316406,4915,
2026-02-19,151.9199981689453,156.05999755859375,148.0,148.0,3965,
2026-02-20,152.8800048828125,156.0,150.5,156.0,7682,
2026-02-23,148.89999389648438,156.0,146.0,152.0,7193,
2026-02-24,147.10000610351562,149.74000549316406,145.10000610351562,147.02000427246094,4982,
2026-02-25,149.0800018310547,151.25,146.5500030517578,148.0,1533,
2026-02-26,147.25999450683594,152.9600067138672,142.2100067138672,149.74000549316406,12310,
2026-02-27,141.14999389648438,145.22999572753906,137.50999450683594,145.22999572753906,13991,
2026-03-02,132.02999877929688,137.49000549316406,127.5199966430664,131.8000030517578,20085,
2026-03-04,128.97999572753906,130.14999389648438,123.0,126.0,30635,
2026-03-05,124.05999755859376,128.99000549316406,120.0,128.99000549316406,8663,
2026-03-06,126.0500030517578,129.0,123.44000244140624,123.44000244140624,25950,
2026-03-09,118.5500030517578,125.98999786376952,118.11000061035156,125.98999786376952,17325,
2026-03-10,132.17999267578125,142.0,119.0,122.0,29771,
2026-03-11,129.92999267578125,132.27999877929688,127.0,132.2100067138672,18013,
2026-03-12,131.6699981689453,137.1999969482422,128.00999450683594,128.00999450683594,13084,
2026-03-13,132.88999938964844,139.89999389648438,125.11000061035156,128.5,78172,
2026-03-16,138.94000244140625,145.0,130.1199951171875,130.1199951171875,53341,
2026-03-17,139.27000427246094,142.64999389648438,138.0800018310547,141.0,15771,
2026-03-18,136.91000366210938,140.0,135.25,138.0399932861328,8234,
2026-03-19,130.75,136.4600067138672,128.0,136.4600067138672,4706,
2026-03-20,141.16000366210938,147.8000030517578,128.10000610351562,130.89999389648438,22223,
2026-03-23,135.60000610351562,144.0,133.0,144.0,9474,
2026-03-24,135.55999755859375,137.64999389648438,135.0,136.99000549316406,6028,
2026-03-25,135.89999389648438,137.97000122070312,134.80999755859375,136.0,16246,
2026-03-27,122.25,134.02999877929688,120.0,134.02999877929688,17833,
2026-03-30,114.30999755859376,125.27999877929688,112.0,122.25,13969,
2026-04-01,127.0999984741211,129.0,117.04000091552734,117.04000091552734,7591,
2026-04-02,133.25,134.0,121.80999755859376,126.9000015258789,6923,
2026-04-06,138.75999450683594,139.75,132.0,132.97000122070312,8462,
2026-04-07,137.36000061035156,146.0,135.3300018310547,139.8000030517578,22328,
2026-04-08,144.99000549316406,145.0,138.32000732421875,141.5,6060,
2026-04-09,143.47000122070312,147.8800048828125,138.14999389648438,142.3699951171875,8088,
2026-04-10,144.0399932861328,147.39999389648438,141.0,143.47999572753906,17253,
2026-04-13,141.72000122070312,148.5,137.9499969482422,141.00999450683594,8220,
2026-04-15,144.0800018310547,149.8699951171875,140.75999450683594,140.75999450683594,10432,
2026-04-16,143.7899932861328,149.83999633789062,142.0,145.89999389648438,8897,
2026-04-17,144.3000030517578,146.86000061035156,143.50999450683594,144.00999450683594,4820,
2026-04-20,142.36000061035156,148.0,141.00999450683594,145.88999938964844,7124,
2026-04-21,144.30999755859375,147.88999938964844,142.25999450683594,144.00999450683594,7014,
2026-04-22,143.82000732421875,145.0,137.1300048828125,142.0,10724,
2026-04-23,140.05999755859375,143.50999450683594,138.32000732421875,143.05999755859375,5154,
2026-04-24,138.89999389648438,145.7899932861328,135.27000427246094,140.07000732421875,5386,
2026-04-27,138.88999938964844,140.7899932861328,138.0,139.8800048828125,6244,
2026-04-28,139.0,140.88999938964844,138.00999450683594,139.36000061035156,2347,
2026-04-29,139.0399932861328,143.8800048828125,136.88999938964844,139.0,6964,
2026-04-30,139.97000122070312,144.0,139.0,140.89999389648438,2969,
2026-05-04,139.88999938964844,142.00999450683594,139.0,141.8300018310547,7645,
2026-05-05,137.35000610351562,151.75,136.10000610351562,139.88999938964844,34759,
2026-05-06,137.69000244140625,141.2100067138672,136.1999969482422,139.89999389648438,5366,
2026-05-07,147.61000061035156,148.89999389648438,139.74000549316406,139.74000549316406,21121,
2026-05-08,140.60000610351562,151.5,139.0500030517578,146.3000030517578,37324,
2026-05-11,138.14999389648438,144.0,136.11000061035156,140.60000610351562,5926,
2026-05-12,137.16000366210938,144.3000030517578,132.05999755859375,137.02000427246094,11178,
2026-05-13,138.22000122070312,142.2899932861328,135.61000061035156,135.61000061035156,8334,
2026-05-14,138.08999633789062,141.39999389648438,136.02000427246094,136.02000427246094,8452,
2026-05-15,134.69000244140625,139.8699951171875,133.0,136.10000610351562,32401,
2026-05-18,135.66000366210938,137.89999389648438,130.0,133.0,13529,
2026-05-19,136.50999450683594,139.89999389648438,132.1999969482422,132.1999969482422,6545,
2026-05-20,140.8800048828125,141.89999389648438,132.0,132.0,13183,
2026-05-21,169.0500030517578,169.0500030517578,155.00999450683594,155.00999450683594,54220,
2026-05-22,167.8699951171875,188.8999938964844,164.22000122070312,184.0,298818,
2026-05-25,166.8000030517578,171.89999389648438,161.0,167.00999450683594,44142,
2026-05-26,200.1600036621093,200.1600036621093,200.1600036621093,200.1600036621093,62237,
2026-05-27,220.1699981689453,220.1699981689453,220.1699981689453,220.1699981689453,38542,
2026-05-28,220.1699981689453,220.1699981689453,220.1699981689453,220.1699981689453,0,
2026-05-29,242.17999267578125,242.17999267578125,242.17999267578125,242.17999267578125,20068,
2026-06-01,266.3900146484375,266.3900146484375,266.3900146484375,266.3900146484375,19199,
2026-06-02,279.70001220703125,279.70001220703125,279.70001220703125,279.70001220703125,17784,
2026-06-03,293.67999267578125,293.67999267578125,293.67999267578125,293.67999267578125,15008,
2026-06-04,308.3599853515625,308.3599853515625,308.3599853515625,308.3599853515625,15257,
2026-06-05,314.3399963378906,323.7699890136719,299.0,323.7699890136719,374046,
2026-06-08,305.8500061035156,322.0,303.75,320.79998779296875,138279,
2026-06-09,309.32000732421875,319.989990234375,300.0,300.0,82357,
2026-06-10,314.6499938964844,320.0,311.04998779296875,319.0,40950,
2026-06-11,310.739990234375,313.9700012207031,305.1600036621094,308.5,21169,
2026-06-12,310.0199890136719,314.0,309.0,313.8999938964844,17885,
2026-06-15,309.1000061035156,321.0,307.1000061035156,321.0,37957,
2026-06-16,306.0,313.5,301.0,313.5,30213,
2026-06-17,318.8399963378906,321.29998779296875,295.1300048828125,295.1300048828125,84793,
2026-06-18,309.82000732421875,319.45001220703125,308.04998779296875,317.20001220703125,31316,
2026-06-19,307.7300109863281,316.0,306.0,309.5,19495,
2026-06-22,307.2200012207031,313.95001220703125,306.0,313.95001220703125,12444,
2026-06-23,311.54998779296875,314.3999938964844,306.0,311.489990234375,12207,
2026-06-24,319.7300109863281,321.0,310.5,311.45001220703125,37311,
2026-06-25,318.0400085449219,320.0,311.3999938964844,319.7300109863281,24576,
2026-06-26,318.0400085449219,318.0400085449219,318.0400085449219,318.0400085449219,0,
2026-06-29,313.7099914550781,322.8999938964844,312.5,321.0,19099,
2026-06-30,315.6400146484375,323.20001220703125,314.0,314.0,4919,
2026-07-01,316.0,322.70001220703125,315.0,322.70001220703125,4905,
2026-07-02,315.95001220703125,321.70001220703125,315.25,321.6000061035156,8535,
2026-07-03,318.1499938964844,319.8999938964844,315.1000061035156,319.0,17507,
2026-07-06,318.25,319.8500061035156,317.3999938964844,318.1499938964844,5909,
2026-07-07,315.0,320.0,313.5,320.0,20393,
2026-07-08,311.8500061035156,315.5,310.0,314.54998779296875,22959,
2026-07-09,327.3999938964844,327.3999938964844,312.0,312.0,50482,
2026-07-10,321.3999938964844,333.8999938964844,315.20001220703125,333.8999938964844,26316,
2026-07-13,326.1499938964844,327.0,313.0,313.0,27178,326.1499938964844
2026-07-14,319.0,320.0,311.04998779296875,319.6499938964844,58078,319.0
2026-07-15,318.25,323.8999938964844,315.0,315.0,10975,318.25
2026-07-16,321.20001220703125,323.8999938964844,317.0,322.95001220703125,12452,321.20001220703125
2026-07-17,322.20001220703125,324.95001220703125,317.54998779296875,321.20001220703125,9086,322.20001220703125
2026-07-20,322.8500061035156,325.0,316.45001220703125,325.0,5842,322.8500061035156
2026-07-21,319.75,323.04998779296875,316.45001220703125,316.45001220703125,14225,319.75
2026-07-23,321.0,322.1499938964844,317.04998779296875,317.04998779296875,1023,321.0
2026-07-24,320.25,321.0,318.54998779296875,318.54998779296875,21896,320.25
2026-07-27,319.3500061035156,323.5,318.1000061035156,318.1000061035156,3887,319.3500061035156
2026-07-28,319.20001220703125,324.0,319.20001220703125,319.5,2240,319.20001220703125
2026-07-29,320.0,324.29998779296875,317.04998779296875,320.6499938964844,5080,320.0
2026-07-30,322.0,323.0,320.0,323.0,5949,322.0
2026-07-31,320.20001220703125,323.0,317.1000061035156,317.5,7973,320.20001220703125
2026-08-03,319.20001220703125,324.0,319.0,321.0,14716,319.20001220703125
2026-08-04,321.8500061035156,323.0,320.1000061035156,322.8999938964844,6828,321.8500061035156
2026-08-05,320.20001220703125,322.0,319.29998779296875,320.0,10405,320.20001220703125
2026-08-06,320.1000061035156,323.3999938964844,316.3999938964844,320.3999938964844,8212,320.1000061035156
2026-08-07,322.29998779296875,323.8999938964844,319.5,323.8999938964844,4477,322.29998779296875
2026-08-10,323.0,325.20001220703125,315.0,320.3999938964844,11864,323.0
2026-08-11,323.1499938964844,325.0,323.0,323.0,6822,323.1499938964844
2026-08-12,326.25,330.3999938964844,321.0,323.1499938964844,14905,326.25
2026-08-13,330.95001220703125,335.0,324.6499938964844,324.6499938964844,19218,330.95001220703125
2026-08-14,,334.0,329.0,330.0,20257,
